1170 -1.2258313 3.6391866 8.159439
1171 -1.2258313 3.4476504 8.312668
1171 -1.1109096 3.5242648 8.542512
1172 -1.0342951 3.4859576 8.695741
1173 -1.1492168 3.4859576 8.963891
1174 -1.2258313 3.5242648 8.963891
1175 -1.0726024 3.8307228 8.963891
1175 -0.80445176 3.86903 8.925584
1176 -0.6512229 3.9073372 9.078813
1177 -0.80445176 3.9456444 9.346964
1178 -0.6895301 3.7924154 9.5385
1178 -0.45968673 3.8307228 9.461885
1179 -0.6512229 3.9073372 9.270349
1180 -0.9576807 3.9073372 9.040505
1181 -0.9959879 3.7924154 9.002198
1181 -1.0342951 3.6774938 8.695741
1182 -1.0342951 3.6774938 8.734048
1183 -0.842759 3.7924154 8.504205
1184 -0.9576807 3.7541082 8.312668
1184 -1.1492168 3.7541082 8.00621
1185 -1.3790601 3.7541082 7.776367
1186 -1.2641385 3.7924154 8.580819
1186 -1.0726024 3.715801 8.504205
1187 -1.1875241 3.8307228 8.236053
1188 -1.2641385 3.9073372 8.465898
1189 -1.2641385 3.7541082 9.078813
1189 -0.9576807 3.715801 9.270349
1190 -1.1492168 3.7924154 9.040505
1191 -1.1875241 3.8307228 8.734048
1191 -1.1492168 3.9073372 8.542512
1191 -1.0342951 4.0222588 8.542512
1192 -0.8810662 3.9456444 8.619126
1192 -1.0342951 3.7541082 8.772355
1193 -1.0342951 3.715801 8.580819
1193 -1.1875241 3.7924154 8.465898
1194 -1.0726024 3.9073372 8.542512
1194 -1.0726024 3.86903 8.580819
1195 -1.2641385 3.6774938 8.580819
1195 -1.532289 3.5625722 8.810662
1196 -1.9536686 3.2561142 8.963891
1196 -1.7621324 3.4476504 8.6574335
1196 -1.1875241 3.715801 8.580819
1459 -1.1492168 3.7541082 8.389283
1459 -1.1875241 3.6774938 8.197746
1460 -1.2258313 3.5625722 8.350976
1460 -1.532289 3.4093432 8.734048
1460 -1.4939818 3.371036 8.734048
1460 -1.1109096 3.5242648 8.772355
1460 -0.9959879 3.5625722 8.848969
1461 -0.8810662 3.7924154 8.848969
1461 -0.9959879 3.86903 9.11712
1461 -0.91937345 3.8307228 9.385271
1461 -0.7278373 3.9456444 9.308656
1462 -0.6895301 3.86903 9.385271
1462 -0.9576807 3.7924154 9.461885
1617 -1.1875241 3.7541082 9.308656
1618 -1.0726024 3.7541082 9.155427
1618 -1.0342951 3.7541082 9.11712
1619 -0.6895301 3.7541082 8.734048
1619 -0.6512229 3.715801 8.389283
1620 -0.7661445 3.715801 8.159439
1620 -0.6895301 3.5242648 8.197746
1620 -1.1875241 3.3327289 8.236053
1637 -1.4173675 3.3327289 7.699753
1650 -1.0342951 3.4476504 7.5082164
1685 -0.80445176 3.5625722 7.5465236
1725 -0.8810662 3.5625722 7.5465236
1725 -0.6512229 3.5242648 7.0102224
1739 -0.6512229 3.4859576 6.933608
1749 -1.1109096 3.3327289 8.082825
1770 -1.3024458 3.3327289 9.423578
1792 -1.0726024 3.4859576 9.80665
1810 -0.7278373 3.8307228 9.002198
1830 -0.6895301 4.0222588 8.925584
1849 -1.532289 4.060566 10.151415
1869 -1.9536686 4.175488 10.994174
1891 -1.3024458 4.405331 11.60709
1910 0.45968673 4.175488 12.832921
1929 -0.15322891 3.6008794 12.143391
1949 -2.3750482 3.2944214 10.228029
1969 -2.873042 3.2561142 10.151415
1992 -1.1875241 3.4093432 10.840945
2009 0.15322891 3.6008794 10.304645
2029 -0.038307227 3.715801 8.504205
2049 -0.2681506 3.9456444 6.397307
2069 -0.7278373 3.7924154 5.2480903
2089 -0.49799395 3.5242648 4.9416323
2109 -0.61291564 3.3327289 4.098873
2129 -1.685518 3.0262709 2.719813
2149 -1.9153614 2.7581203 2.183512
2169 -1.685518 2.719813 1.9536686
2189 -1.4556746 2.681506 1.6472107
2209 -1.0726024 2.528277 2.681506
2229 -1.0726024 2.528277 4.367024
2249 -1.1109096 2.336741 5.746084
2269 -1.0342951 2.4899697 7.8146744
2289 -0.34476504 2.7581203 10.879252
2310 0.30645782 3.0262709 15.629349
2329 0.6512229 2.9879637 19.843143
2349 0.9959879 3.3327289 20.87744
2369 1.0342951 3.715801 19.804836
2389 0.9959879 3.8307228 18.80885
2410 1.0726024 3.7541082 17.046717
2429 1.0726024 3.4093432 14.058752
2449 0.6512229 3.1411927 10.802638
2469 0.038307227 2.719813 8.274361
2489 -0.91937345 2.3750482 6.0142345
2511 -0.6512229 2.528277 4.903325
2529 -0.5363012 2.4899697 3.9073372
2549 -0.5746084 2.4516625 3.1794999
2569 -1.1109096 2.2601264 2.1452048
2589 -1.4939818 2.183512 1.340753
2609 -2.030283 2.1452048 0.7661445
2629 -2.030283 2.183512 0.45968673
2649 -1.9919758 2.1068976 -0.076614454
2669 -1.685518 2.1068976 1.6089035
2689 -1.1492168 2.2218192 4.903325
2709 -1.2258313 2.834735 8.848969
2729 -0.8810662 3.9456444 12.909535
2749 0.9959879 4.673482 16.85518
2769 2.681506 5.401319 19.230228
2789 2.528277 5.592855 21.260511
2809 1.7621324 5.401319 22.448034
2830 2.030283 5.133168 20.954054
2849 2.4899697 4.903325 16.893488
2869 1.9153614 4.6351743 11.951855
2889 0.7278373 3.86903 8.159439
2909 -0.19153613 3.217807 6.167464
2930 -0.7278373 2.681506 4.7500963
2949 -0.842759 2.3750482 3.217807
2969 -0.9576807 2.2601264 1.4939818
2989 -1.4173675 2.2601264 0.45968673
3009 -1.4173675 2.336741 -0.19153613
3029 -1.1875241 2.4133554 -0.61291564
3049 -0.842759 2.4133554 -0.076614454
3069 -0.80445176 2.2984335 0.2681506
3089 -0.6512229 2.183512 1.2258313
3109 -1.0726024 2.183512 4.3287168
3129 -1.1109096 2.3750482 7.6231384
3149 -0.5746084 2.9496565 11.722012
3169 0.49799395 3.7541082 16.893488
3190 1.1109096 4.2521024 21.528662
3209 0.6895301 4.3287168 24.823084
3255 0.11492168 4.55856 25.28277
3256 0.45968673 4.903325 22.10327
3269 1.1875241 5.363012 16.625336
3289 1.0726024 5.2863975 11.18571
3309 0.80445176 4.596867 7.8529816
3329 0.2681506 3.7541082 6.167464
3351 -0.38307226 2.9496565 5.4779334
3369 -0.91937345 2.528277 4.405331
3389 -0.9576807 2.3750482 2.6048915
3409 -1.1492168 2.336741 0.80445176
3429 -1.6472107 2.3750482 -0.076614454
3452 -1.5705963 2.4133554 -0.45968673
3469 -1.2258313 2.4133554 -0.30645782
3489 -1.4173675 2.2601264 0.19153613
3509 -1.3024458 2.1452048 1.2641385
3529 -1.4556746 2.1452048 2.9496565
3552 -1.9153614 2.336741 4.8267107
3569 -1.9153614 3.0262709 7.8912888
3589 -1.1109096 4.0222588 12.066776
3609 0.0 4.7884035 17.659632
3629 0.34476504 5.439626 23.444023
3649 0.2681506 5.93762 23.673866
3671 0.4213795 6.397307 20.839132
3689 0.9959879 6.397307 17.00841
3709 1.6089035 6.244078 12.181698
3729 1.3790601 5.554548 9.002198
3749 0.7278373 4.7500963 7.776367
3769 0.19153613 3.7924154 6.435614
3789 -0.11492168 3.2944214 4.5202527
3809 -0.38307226 2.873042 2.4133554
3829 -0.9959879 2.9113493 0.80445176
3849 -1.2258313 2.7964275 0.19153613
3870 -1.5705963 2.566584 0.34476504
3889 -1.8770541 2.2984335 0.5746084
3909 -1.685518 2.3750482 0.076614454
3930 -1.1109096 2.6048915 -0.4213795
3949 -0.91937345 2.6431987 0.5363012
3970 -1.3790601 2.3750482 2.4516625
3989 -1.7238252 2.566584 5.094861
4009 -1.8387469 3.064578 8.121132
4030 -1.6472107 4.0222588 11.60709
4049 -0.4213795 4.9416323 16.16565
4071 0.6895301 5.5162406 20.532673
4089 0.5746084 5.899313 24.17186
4109 -0.19153613 6.0525417 24.976313
4129 -0.038307227 6.244078 21.528662
4149 0.9576807 6.2823853 16.280571
4169 1.4556746 5.861006 11.147403
4189 0.61291564 4.6351743 7.1251445
4209 0.0 3.7924154 5.899313
4229 -0.19153613 3.3327289 4.405331
4249 -0.38307226 2.9496565 2.873042
4269 -0.9959879 2.6431987 1.3790601
4290 -1.4556746 2.566584 0.19153613
4309 -1.6089035 2.681506 -0.38307226
4329 -1.3790601 2.6048915 -0.38307226
4349 -1.3790601 2.4899697 0.15322891
4369 -0.842759 2.566584 0.34476504
4390 -0.9576807 2.6048915 0.7661445
4409 -1.3024458 2.566584 2.566584
4429 -1.8387469 2.681506 5.554548
4450 -1.340753 3.371036 8.082825
4469 -0.6512229 4.2521024 10.189722
4491 -0.076614454 4.9799395 14.135366
4509 1.0726024 5.209783 20.494366
4529 1.1875241 5.401319 26.623524
4549 0.45968673 5.631162 27.121517
4569 0.5363012 6.205771 22.333113
4591 1.7238252 6.703765 15.399506
4609 2.183512 6.5505357 9.959879
4629 1.8387469 5.707777 7.5848308
4649 0.7661445 4.6351743 6.8186865
4669 -0.11492168 3.6774938 5.746084
4692 -0.45968673 3.371036 4.060566
4710 -0.2681506 3.1794999 1.9536686
4729 -0.22984336 3.1411927 0.2681506
4749 -1.1492168 2.9113493 -0.80445176
4769 -1.532289 2.7964275 -0.80445176
4789 -1.532289 2.3750482 -1.1109096
4810 -1.340753 2.183512 -1.1109096
4829 -1.340753 1.8004397 -0.11492168
4849 -2.0685902 1.4939818 1.7621324
4869 -2.7581203 1.6089035 3.2561142
4889 -1.6089035 2.2984335 4.5202527
4909 0.15322891 3.2561142 7.776367
4929 2.7964275 4.175488 14.480132
4949 3.2561142 4.711789 23.597252
4969 1.0726024 4.9416323 29.611486
4989 0.076614454 5.5162406 29.343336
5010 0.5363012 6.205771 23.558945
5029 1.7621324 6.5505357 16.242264
5049 1.9153614 6.2823853 11.18571
5069 1.2258313 5.3247046 9.576807
5089 0.80445176 4.2904096 8.465898
5110 0.5363012 3.4093432 6.3206925
5129 0.076614454 2.9879637 3.715801
5149 -0.22984336 2.7581203 1.4556746
5169 -0.5363012 2.6431987 0.22984336
5190 -0.7278373 2.681506 -0.38307226
5211 -0.9576807 2.681506 -0.2681506
5229 -1.3024458 2.6048915 0.076614454
5249 -1.4556746 2.681506 0.038307227
5269 -1.4939818 2.528277 -0.5363012
5289 -1.4556746 2.030283 -0.22984336
5309 -2.0685902 1.8387469 3.371036
5329 -2.719813 2.2218192 8.159439
5349 -2.1068976 2.9496565 11.798626
5369 0.22984336 4.2521024 16.318878
5389 2.3750482 5.66947 22.026655
5409 2.2601264 6.3206925 26.968288
5429 1.4556746 6.7803793 27.35136
5449 1.9536686 7.0485296 23.060951
5469 2.9113493 7.086837 16.357185
5489 3.2561142 6.5122285 10.151415
5509 2.528277 5.592855 6.895301
5530 1.4939818 4.55856 6.0525417
5549 0.80445176 3.5242648 4.903325
5569 0.22984336 3.1411927 3.5242648
5589 0.19153613 2.9496565 2.030283
5609 0.38307226 2.9113493 0.15322891
5630 -0.4213795 2.528277 -1.0342951
5649 -1.4556746 2.336741 -1.340753
5669 -1.8387469 2.2601264 -1.532289
5689 -1.8004397 2.183512 -1.7621324
5709 -1.8770541 1.9919758 -2.030283
5731 -1.9919758 1.4556746 -1.1875241
5749 -2.834735 1.0726024 1.3790601
5769 -3.6008794 1.3024458 5.209783
5789 -2.873042 2.2601264 10.0748005
5809 -0.842759 3.371036 14.211981
5829 1.4939818 5.056554 18.540697
5849 2.336741 6.090849 26.24045
5869 0.9959879 6.6654577 27.61951
5889 1.340753 6.895301 24.325089
5909 2.566584 7.1251445 19.34515
5930 3.5242648 6.9719152 13.40753
5949 3.1411927 6.167464 9.002198
5969 1.8770541 5.056554 6.8569937
5989 1.2641385 3.9456444 5.631162
6009 0.6895301 3.1411927 4.0222588
6029 0.076614454 2.6048915 1.9153614
6049 -0.34476504 2.2984335 0.22984336
6069 -0.80445176 2.1452048 -1.4173675
6089 -1.3024458 2.1068976 -1.8770541
6109 -1.8387469 2.030283 -2.1068976
6129 -2.4899697 1.8004397 -1.9536686
6150 -2.528277 1.5705963 -1.9919758
6169 -2.0685902 1.2641385 -1.685518
6189 -1.685518 0.91937345 -0.45968673
6209 -2.2218192 0.91937345 2.7964275
6229 -2.719813 1.4173675 9.11712
6251 -2.4516625 2.336741 15.820885
6269 0.61291564 3.6391866 21.298819
6289 3.064578 5.094861 24.248474
6309 2.719813 6.0525417 26.393679
6329 1.9919758 6.5122285 26.048914
6351 2.3750482 6.5122285 22.026655
6369 2.528277 6.0142345 16.970102
6389 2.183512 4.9416323 10.342952
6409 1.532289 3.9456444 7.2783732
6429 0.2681506 3.0262709 5.094861
6449 -0.61291564 2.4516625 3.8307228
6470 -1.0342951 2.2218192 2.9879637
6489 -1.1875241 2.1068976 1.4939818
6509 -1.2641385 1.9536686 0.34476504
6529 -1.5705963 1.8387469 -0.038307227
6549 -2.1068976 1.685518 -0.45968673
6569 -2.183512 1.6089035 -0.842759
6589 -1.7238252 1.6089035 -1.6472107
6609 -1.8770541 1.532289 -1.6472107
6629 -2.528277 1.4173675 0.45968673
6649 -3.6774938 1.340753 4.2904096
6670 -3.064578 2.030283 8.772355
6689 -0.8810662 2.6431987 14.78659
6709 1.3024458 3.1028855 20.456059
6729 2.030283 3.5242648 25.359385
6749 0.6512229 4.060566 27.657818
6770 0.30645782 4.711789 26.700138
6789 1.4939818 5.133168 21.911734
6809 2.6431987 5.209783 15.399506
6829 2.834735 5.2480903 9.768343
6849 2.183512 4.6351743 5.861006
6869 1.1109096 3.7924154 3.9839516
6889 0.30645782 3.0262709 3.217807
6909 -0.11492168 2.528277 2.834735
6929 -1.2641385 2.1452048 0.9959879
6949 -1.7621324 2.2601264 0.11492168
6969 -1.9919758 2.4516625 -0.38307226
6989 -2.1452048 2.3750482 -0.5746084
7009 -2.183512 2.2218192 -0.5746084
7030 -2.566584 2.1452048 -0.842759
7049 -3.217807 2.2601264 -0.11492168
7069 -3.715801 1.9536686 2.336741
7089 -3.4476504 1.8770541 5.5162406
7109 -2.336741 2.183512 11.224017
7129 -0.30645782 2.3750482 18.885464
7149 0.6895301 2.9113493 24.631548
7169 0.5363012 3.6008794 27.581203
7190 -0.5746084 4.405331 28.232426
7209 0.076614454 4.8267107 24.056938
7230 1.7238252 5.171476 16.701952
7249 1.9153614 5.094861 9.730036
7269 1.2258313 4.4436383 5.899313
7290 0.34476504 3.6008794 3.9073372
7309 -0.11492168 3.0262709 2.7581203
7329 0.11492168 2.6048915 1.685518
7349 -0.11492168 2.7964275 -0.11492168
7369 -0.45968673 2.566584 -2.2218192
7391 -1.1492168 2.2218192 -3.3327289
7410 -1.3790601 1.9536686 -3.217807
7429 -1.8770541 1.7621324 -2.4516625
7449 -1.7238252 1.8387469 -1.6472107
7469 -2.1452048 1.685518 2.719813
7489 -3.3327289 1.532289 7.1251445
7509 -3.2944214 1.7238252 11.722012
7529 -1.7621324 2.0685902 16.893488
7549 -0.61291564 2.566584 21.183897
7569 -0.7278373 3.064578 24.210167
7589 -1.3790601 3.715801 25.857378
7609 -1.1492168 4.213795 25.167849
7629 -0.49799395 4.5202527 21.41374
7649 0.30645782 4.596867 16.01242
7669 0.61291564 4.2904096 10.955867
7689 0.38307226 3.7541082 7.393295
7710 0.11492168 3.3327289 4.711789
7729 -0.038307227 2.7581203 3.064578
7749 -0.19153613 2.528277 2.030283
7769 -0.6895301 2.6431987 1.2258313
7789 -0.91937345 2.6431987 -0.6512229
7810 -1.1492168 2.566584 -1.6472107
7829 -1.0342951 2.4516625 -2.6431987
7849 -0.91937345 2.4133554 -3.715801
7869 -0.91937345 1.8770541 -3.8307228
7889 -1.340753 1.2641385 -2.4133554
7909 -2.030283 0.9576807 0.19153613
7929 -2.9496565 0.91937345 3.2561142
7949 -3.8307228 0.8810662 9.346964
7969 -3.217807 0.7278373 18.157625
7989 0.076614454 0.61291564 27.044903
8009 0.9576807 1.8004397 32.254684
8029 -0.9959879 4.0222588 27.61951
8049 0.34476504 4.903325 21.643583
8069 1.9919758 5.3247046 14.633361
8089 1.6089035 5.056554 10.802638
8109 0.9959879 4.098873 8.6574335
8129 0.80445176 3.1411927 6.6654577
8150 0.5363012 2.528277 4.1371803
8169 -0.038307227 2.2601264 0.9959879
8189 -0.6512229 2.0685902 -1.8004397
8209 -1.1875241 2.1068976 -3.4093432
8229 -1.340753 2.183512 -4.2521024
8249 -1.3024458 2.0685902 -4.7500963
8269 -1.685518 1.9153614 -4.7884035
8289 -1.8770541 1.7621324 -4.7884035
8309 -1.6089035 1.5705963 -2.873042
8330 -2.336741 1.6472107 2.030283
8349 -2.183512 1.8004397 9.002198
8369 -0.11492168 1.8770541 17.927782
8389 1.8004397 1.8770541 27.964275
8409 1.2258313 2.528277 31.871613
8430 0.038307227 3.5625722 30.301016
8449 0.22984336 4.4819455 25.933992
8469 1.3790601 4.865018 19.536686
8489 2.183512 4.7884035 13.67568
8509 1.532289 4.060566 9.576807
8531 0.9576807 3.064578 6.5122285
8549 0.19153613 2.3750482 3.6391866
8569 -0.2681506 2.2601264 0.0
8589 -0.49799395 2.2218192 -2.1452048
8609 -1.1109096 2.0685902 -3.6391866
8630 -1.6472107 2.030283 -4.367024
8649 -1.9153614 1.8004397 -3.9073372
8669 -2.183512 1.7238252 -2.9879637
8689 -2.3750482 1.6472107 -1.340753
8709 -2.873042 1.532289 1.4939818
8729 -2.566584 1.8004397 5.2480903
8750 -1.3024458 2.4516625 10.113108
8770 0.91937345 3.371036 16.242264
8789 3.1028855 3.9839516 24.325089
8809 1.8387469 4.5202527 30.990547
8829 0.038307227 5.0182467 30.95224
8850 0.7278373 5.8226986 25.589228
8869 2.1452048 6.0142345 18.042704
8889 2.4516625 5.592855 11.109096
8909 1.9153614 4.673482 6.742072
8929 0.9576807 3.5242648 5.0182467
8950 -0.11492168 2.566584 3.0262709
8969 -0.6512229 2.030283 0.842759
8989 -0.842759 1.9536686 -1.6472107
9009 -1.340753 2.0685902 -2.719813
9029 -1.8387469 2.030283 -3.0262709
9049 -1.3024458 2.0685902 -3.4476504
9069 -0.80445176 2.0685902 -3.86903
9089 -0.842759 2.2218192 -3.7924154
9109 -1.6089035 2.030283 -0.38307226
9129 -1.9919758 2.030283 3.6774938
9149 -1.4556746 2.1452048 8.42759
9169 0.61291564 2.3750482 16.01242
9189 2.0685902 2.681506 25.474306
9209 1.2641385 3.2561142 31.833305
9229 -0.6895301 4.175488 31.37362
9249 -0.19153613 5.209783 26.163836
9269 1.7238252 5.899313 19.191921
9289 2.873042 5.861006 12.334928
9309 2.4133554 5.094861 9.002198
9329 1.4556746 3.8307228 7.1251445
9349 0.34476504 2.9879637 4.9416323
9370 -0.38307226 2.2984335 2.2984335
9389 -0.8810662 2.1452048 0.22984336
9409 -1.1109096 2.183512 -1.7238252
9429 -1.6089035 1.9919758 -2.4899697
9449 -1.6089035 1.9536686 -2.873042
9470 -1.9536686 2.030283 -2.7581203
9489 -2.1452048 1.7621324 -2.6431987
9510 -1.7238252 1.7621324 -1.8004397
9529 -1.4939818 1.685518 -0.7278373
9550 -2.183512 1.6089035 2.566584
9570 -2.681506 1.9536686 9.270349
9589 -0.842759 2.7581203 16.318878
9609 1.9919758 3.6774938 22.37142
9629 2.3750482 4.711789 27.006596
9649 0.5746084 5.439626 29.036879
9669 1.1109096 5.861006 25.206156
9689 2.1452048 5.861006 18.80885
9709 2.6048915 5.401319 12.258312
9729 2.030283 4.4819455 7.5082164
9749 0.9959879 3.3327289 4.8267107
9769 -0.11492168 2.566584 3.1794999
9789 -0.6512229 1.9919758 1.2641385
9809 -1.0726024 1.9919758 -0.842759
9829 -0.842759 1.9536686 -2.7581203
9849 -0.9959879 1.9536686 -4.711789
9869 -1.685518 1.7621324 -5.209783
9889 -1.9919758 1.5705963 -4.405331
9909 -1.9153614 1.4173675 -2.528277
9930 -2.2601264 1.0726024 -0.61291564
9949 -2.4133554 1.0726024 2.030283
9969 -2.4133554 1.2258313 7.469909
9989 -0.91937345 1.685518 14.326903
10009 1.0342951 2.4133554 22.294806
10029 2.183512 3.2561142 28.88365
10049 1.8387469 4.2521024 32.254684
10069 1.6472107 5.0182467 28.270733
10089 2.2218192 5.439626 21.260511
10109 2.681506 5.209783 14.097059
10129 2.3750482 4.3287168 9.730036
10149 1.1875241 3.5242648 7.393295
10169 0.2681506 2.6048915 5.171476
10190 -0.49799395 2.030283 2.9496565
10209 -1.2641385 2.030283 0.076614454
10229 -1.2641385 2.0685902 -1.0342951
10250 -1.6472107 2.2984335 -1.7621324
10269 -2.1452048 2.2218192 -1.7238252
10289 -2.4133554 2.183512 -1.7621324
10309 -2.0685902 2.030283 -2.7581203
10329 -1.6089035 1.8387469 -2.4899697
10349 -2.4899697 1.4556746 0.45968673
10369 -3.5242648 1.6472107 4.865018
10389 -1.8004397 2.2218192 11.224017
10409 3.1028855 3.2561142 18.847157
10429 4.9799395 4.0222588 25.435999
10449 2.4133554 4.7884035 29.84133
10469 0.91937345 5.094861 29.994558
10489 1.9536686 5.554548 24.823084
10509 2.566584 5.439626 17.00841
10529 2.2601264 4.9416323 10.304645
10550 1.4939818 3.9839516 6.397307
10569 0.61291564 2.9113493 4.596867
10589 -0.34476504 2.183512 2.9113493
10610 -0.6895301 2.030283 0.9576807
10629 -1.0726024 2.1452048 -0.5363012
10649 -1.1492168 2.2218192 -1.7238252
10669 -1.1875241 2.4899697 -2.336741
10689 -1.6472107 2.528277 -3.371036
10711 -2.2984335 2.4516625 -4.1371803
10729 -2.1452048 2.6431987 -3.0262709
10749 -1.8004397 2.719813 0.38307226
10769 -0.61291564 2.6431987 3.715801
10789 0.7661445 2.4899697 11.300632
10809 2.2984335 2.7581203 21.222204
10829 2.4899697 2.9496565 27.542896
10849 1.2258313 3.6774938 29.534872
10869 0.49799395 4.6351743 27.274746
10889 1.1109096 5.094861 22.064962
10909 1.8770541 5.2480903 14.863204
10929 1.340753 4.8267107 9.959879
10949 0.61291564 3.9456444 7.8912888
10969 0.2681506 3.1028855 6.435614
10989 -0.22984336 2.6048915 4.5202527
11009 -0.5746084 2.4899697 2.2601264
11029 -0.6895301 2.528277 0.15322891
11049 -0.6895301 2.834735 -1.5705963
11069 -1.3790601 2.873042 -2.183512
11089 -1.8770541 2.681506 -2.7964275
11109 -1.9536686 2.6431987 -3.4093432
11129 -1.6089035 2.2984335 -2.9496565
11149 -2.336741 2.030283 -1.1492168
11169 -2.2218192 2.030283 2.528277
11189 -0.7278373 2.183512 7.6231384
11209 2.2984335 2.2218192 15.399506
11230 3.9073372 2.183512 24.516624
11249 2.183512 2.566584 30.10948
11269 0.80445176 3.3327289 28.921957
11289 2.2218192 4.865018 21.375433
11309 2.9113493 5.0182467 14.78659
11329 2.6048915 4.7500963 10.419566
11349 1.7621324 3.9839516 8.6574335
11369 0.80445176 3.1028855 6.8569937
11389 -0.038307227 2.6048915 4.1371803
11410 -0.49799395 2.4516625 1.4556746
11429 -0.7661445 2.6431987 -0.91937345
11449 -1.4556746 2.681506 -2.336741
11469 -1.7238252 2.681506 -2.9879637
11489 -1.9536686 2.566584 -3.1411927
11509 -2.4133554 2.566584 -2.834735
11529 -2.2601264 2.4516625 -2.336741
11549 -1.9153614 2.566584 -0.11492168
11569 -1.8770541 2.834735 4.9416323
11589 -0.49799395 3.2944214 12.066776
11609 2.834735 3.6391866 19.76653
11629 4.098873 4.060566 25.589228
11650 1.685518 4.405331 28.807035
11669 0.30645782 4.7884035 27.313053
11689 1.1875241 5.171476 21.988348
11709 2.1068976 5.2480903 14.748282
11729 1.532289 4.9416323 9.998186
11750 0.7661445 4.0222588 7.8529816
11769 0.22984336 3.371036 5.66947
11789 0.15322891 3.1411927 2.873042
11809 0.076614454 2.9113493 0.30645782
11829 -0.842759 2.834735 -2.2218192
11849 -1.4939818 2.834735 -3.217807
11869 -1.8004397 2.719813 -3.371036
11889 -1.7238252 2.4899697 -3.5625722
11909 -1.7238252 2.3750482 -3.7541082
11929 -1.4173675 2.3750482 -1.9919758
11949 -0.9959879 2.719813 1.9536686
11969 -0.5363012 3.3327289 8.389283
11989 0.842759 3.715801 16.587029
12009 2.183512 4.098873 24.708162
12029 0.6895301 4.8267107 29.113493
12049 -0.49799395 5.363012 27.734432
12069 0.0 5.93762 22.869415
12089 1.0342951 5.9759274 16.203957
12109 1.532289 5.66947 10.304645
12129 1.0726024 4.9799395 6.9719152
12149 0.22984336 4.060566 5.209783
12169 -0.45968673 3.4859576 3.7541082
12189 -0.6895301 3.0262709 2.1452048
12209 -1.1492168 2.834735 0.19153613
12229 -1.532289 2.7964275 -1.8387469
12249 -1.7238252 2.7581203 -2.9496565
12270 -1.9153614 2.7581203 -4.405331
12289 -1.8387469 2.6431987 -4.55856
12309 -1.6089035 2.528277 -2.566584
12329 -1.7621324 2.6431987 0.15322891
12349 -1.4556746 3.064578 5.363012
12371 2.030283 3.9073372 18.464083
12389 3.371036 4.405331 26.54691
12409 1.8387469 4.865018 29.496565
12429 1.0342951 5.592855 27.006596
12449 1.2641385 6.205771 21.720198
12472 2.1452048 6.129156 14.709975
12489 2.1068976 5.592855 9.500193
12509 1.2641385 4.711789 7.1634517
12529 0.30645782 3.7541082 5.592855
12549 -0.4213795 3.1028855 3.4859576
12569 -0.91937345 2.7581203 1.1109096
12589 -1.1875241 2.7581203 -0.80445176
12609 -1.532289 2.9113493 -2.0685902
12629 -1.7238252 2.7964275 -3.0262709
12649 -1.9919758 2.719813 -4.060566
12669 -2.336741 2.528277 -3.7924154
12689 -2.2601264 2.4133554 -1.9919758
12710 -2.183512 2.528277 0.15322891
12729 -1.4939818 2.719813 4.4436383
12749 0.2681506 3.4093432 12.143391
12770 2.9496565 3.6008794 20.954054
12790 2.7964275 4.1371803 29.266722
12809 0.0 4.903325 30.760704
12829 0.2681506 5.93762 25.512613
12849 1.9153614 6.397307 17.851168
12869 2.4516625 6.167464 11.415554
12890 1.6472107 5.3247046 8.312668
12909 -0.11492168 3.7924154 6.3589997
12929 -0.5746084 2.9879637 4.4436383
12949 -0.91937345 2.7581203 1.5705963
12969 -1.340753 2.7581203 -0.842759
12989 -1.7621324 2.9496565 -2.3750482
13009 -1.9536686 2.9879637 -3.217807
13029 -2.183512 2.873042 -4.0222588
13049 -2.2601264 2.9113493 -3.8307228
13069 -1.8387469 2.9496565 -2.2601264
13089 -1.685518 2.873042 -0.2681506
13109 -0.842759 3.1411927 4.060566
13129 0.5363012 3.6774938 10.419566
13149 2.7964275 4.0222588 17.851168
13169 3.6774938 4.367024 25.28277
13189 2.2601264 4.903325 28.6155
13209 0.6895301 5.2863975 26.508602
13229 0.842759 5.707777 21.643583
13249 1.7238252 5.7843914 15.47612
13269 1.7238252 5.363012 10.6877165
13289 1.1492168 4.596867 7.2783732
13310 0.19153613 3.9073372 5.592855
13329 -0.38307226 3.3327289 3.6008794
13349 -0.6512229 3.1028855 1.5705963
13369 -1.1875241 3.2561142 0.15322891
13389 -1.2258313 3.371036 -0.6895301
13409 -1.0342951 3.371036 -1.1875241
13429 -1.7621324 3.1794999 -1.6089035
13449 -2.566584 3.064578 -1.6089035
13469 -2.2601264 2.834735 -1.4939818
13489 -2.336741 2.681506 -0.22984336
13511 -2.030283 2.528277 3.371036
13529 -0.80445176 3.0262709 10.342952
13549 1.8004397 3.86903 18.08101
13569 4.596867 4.5202527 24.554934
13589 3.6391866 5.363012 28.692114
13609 1.1109096 6.0525417 27.925968
13629 1.532289 6.4739213 23.060951
13649 2.4133554 6.435614 15.974113
13669 2.6048915 5.899313 9.346964
13689 1.8004397 5.0182467 6.090849
13709 0.5363012 3.9456444 4.3287168
13730 -0.34476504 3.0262709 2.336741
13749 -0.8810662 2.681506 0.7661445
13769 -1.1109096 2.9113493 -0.4213795
13789 -1.0342951 2.873042 -1.6089035
13809 -1.1875241 2.9113493 -2.719813
13829 -1.532289 2.873042 -3.217807
13849 -2.1452048 2.566584 -3.1028855
13869 -2.1452048 2.2984335 -2.336741
13889 -2.4133554 2.1452048 -1.1109096
13909 -2.7581203 1.9153614 0.30645782
13930 -2.4516625 2.2218192 4.7500963
13949 -0.45968673 2.681506 11.990162
13969 3.6774938 3.4859576 22.10327
13989 3.1794999 5.2863975 30.837318
14009 0.9576807 6.5122285 27.274746
14029 1.685518 7.1251445 21.758505
14049 2.873042 7.0102224 15.859192
14069 2.681506 6.244078 11.224017
14089 1.532289 5.171476 8.6574335
14109 0.34476504 3.9073372 6.9719152
14129 -0.5363012 3.1411927 5.363012
14149 -0.80445176 2.834735 3.6774938
14169 -1.4556746 2.719813 2.2218192
14189 -1.4939818 2.873042 1.3024458
14209 -1.1875241 2.9113493 0.5746084
14229 -1.1875241 3.1028855 0.19153613
14249 -1.7238252 3.217807 -0.6895301
14269 -2.681506 2.9113493 -1.5705963
14289 -3.217807 2.719813 -1.340753
14309 -2.0685902 2.719813 0.0
14329 -1.1492168 2.873042 0.91937345
14350 -1.4556746 3.1411927 2.834735
14369 -2.183512 3.6391866 8.121132
14389 0.038307227 4.0222588 15.7825775
14409 3.1028855 4.8267107 23.865402
14429 3.6391866 5.7843914 29.113493
14450 1.3790601 6.2823853 28.002583
14469 0.9959879 6.6271505 22.67788
14489 2.2601264 6.5505357 16.4338
14509 2.528277 5.93762 10.572795
14529 0.91937345 4.2904096 6.3206925
14549 -0.49799395 3.5625722 4.7500963
14569 -0.8810662 3.1794999 3.2944214
14589 -0.7278373 3.1028855 1.8004397
14609 -0.7278373 3.217807 0.7661445
14629 -1.3024458 3.4859576 0.076614454
14649 -1.7238252 3.371036 -0.11492168
14669 -2.336741 3.1411927 -0.19153613
14689 -2.9879637 2.9496565 -0.45968673
14709 -2.873042 2.9496565 -1.1109096
14729 -2.336741 2.873042 -1.4556746
14749 -1.7621324 3.217807 -0.61291564
14769 -1.2641385 3.6391866 0.11492168
14789 -0.22984336 3.9839516 3.9839516
14809 2.719813 4.405331 14.173674
14829 5.554548 5.0182467 24.938005
14849 4.7500963 5.3247046 30.339323
14870 1.6472107 5.7843914 29.1518
14889 1.0726024 6.3206925 23.175873
14909 2.1452048 6.3589997 16.625336
14929 2.2601264 5.93762 10.802638
14949 1.4556746 5.094861 7.0485296
14969 0.22984336 4.098873 5.133168
14989 -0.61291564 3.217807 3.4859576
15009 -0.6895301 3.0262709 1.4556746
15029 -1.0726024 3.0262709 0.0
15049 -1.3790601 2.9879637 -0.6895301
15070 -1.4556746 2.9879637 -1.0726024
15089 -1.4939818 3.1028855 -1.4939818
15109 -1.4939818 3.1028855 -2.183512
15129 -2.2984335 2.873042 -1.6472107
15149 -3.4859576 2.566584 0.19153613
15170 -2.2218192 2.4133554 2.873042
15189 -0.15322891 3.064578 8.350976
15209 2.873042 4.0222588 15.7825775
15229 4.865018 5.056554 22.67788
15249 4.060566 5.66947 27.044903
15269 2.6048915 6.167464 26.508602
15289 1.8770541 6.3206925 22.562958
15309 1.685518 6.3206925 16.970102
15329 1.9536686 5.746084 11.683704
15349 2.0685902 5.209783 8.159439
15369 1.2641385 4.5202527 5.9759274
15389 0.15322891 3.7541082 4.2521024
15409 -0.5746084 3.371036 2.528277
15429 -0.91937345 3.1028855 1.3790601
15449 -1.340753 3.1028855 0.4213795
15469 -1.4939818 2.9496565 -0.8810662
15489 -2.4133554 2.834735 -1.7238252
15509 -2.9496565 2.719813 -1.8387469
15529 -2.2218192 2.6048915 -1.1109096
15549 -2.183512 2.2984335 -0.076614454
15569 -2.2218192 2.1068976 0.6895301
15590 -1.5705963 2.336741 5.8226986
15609 0.8810662 3.1794999 13.254301
15630 2.9496565 4.0222588 20.494366
15650 3.7924154 4.711789 26.891674
15669 2.0685902 5.133168 28.232426
15690 1.3024458 5.8226986 24.210167
15709 1.8387469 5.93762 19.153614
15730 2.4133554 5.66947 13.637373
15750 2.4516625 5.056554 9.653421
15769 1.4173675 4.2904096 7.393295
15790 0.6895301 3.6008794 5.631162
15809 -0.038307227 3.1028855 3.217807
15829 -0.076614454 3.1794999 0.8810662
15849 -0.5363012 3.064578 -0.15322891
15869 -1.4173675 3.1794999 -0.45968673
15889 -1.8770541 3.1794999 -0.5363012
15909 -2.4133554 3.1028855 -1.1492168
15929 -2.4133554 3.1794999 -1.6472107
15949 -2.3750482 2.834735 -2.030283
15969 -2.834735 2.336741 -0.34476504
15989 -2.9879637 2.2218192 2.4899697
16009 -1.5705963 2.566584 8.312668
16029 2.183512 3.2944214 16.778566
16049 4.7500963 4.55856 23.48233
16069 4.7500963 5.5162406 25.933992
16089 3.217807 6.167464 24.478317
16109 2.834735 6.703765 22.10327
16129 2.873042 6.2823853 14.288596
16150 2.4899697 5.707777 10.151415
16169 1.6089035 4.7500963 7.5082164
16189 0.5363012 3.9839516 5.592855
16210 -0.45968673 3.371036 3.3327289
16229 -1.0342951 3.064578 1.6089035
16249 -1.5705963 2.873042 0.076614454
16270 -2.030283 2.834735 -0.8810662
16289 -2.7964275 2.7964275 -2.2601264
16309 -2.7581203 2.4899697 -3.7541082
16329 -2.528277 2.1452048 -4.9799395
16349 -2.183512 1.9153614 -5.4779334
16369 -2.6048915 1.5705963 -2.719813
16389 -3.064578 1.5705963 3.371036
16409 -0.45968673 2.2218192 12.564771
16429 5.2480903 3.4093432 22.716187
16449 5.439626 4.673482 28.232426
16469 1.8387469 6.0142345 27.006596
16489 2.4516625 7.0485296 23.252487
16509 3.5625722 7.5082164 18.579004
16529 3.8307228 7.1251445 13.177686
16549 3.064578 6.2823853 9.270349
16569 1.8004397 5.056554 6.895301
16589 0.45968673 3.9456444 4.9416323
16609 -0.49799395 3.4093432 3.7541082
16629 -1.0342951 3.1028855 2.336741
16649 -1.2641385 3.064578 1.1875241
16669 -1.4939818 3.2561142 0.5746084
16689 -1.7621324 3.4476504 0.80445176
16709 -1.9536686 3.371036 0.49799395
16730 -2.1452048 3.2944214 -0.11492168
16749 -2.566584 3.064578 -0.38307226
16769 -3.1794999 2.7964275 0.038307227
16789 -3.064578 2.566584 1.2641385
16809 0.2681506 2.7581203 6.933608
16830 3.9456444 3.4093432 15.322891
16849 4.405331 4.3287168 24.784777
16869 2.4899697 4.865018 28.423962
16890 2.030283 5.66947 25.857378
16909 2.719813 6.2823853 20.685904
16930 2.7964275 6.397307 15.322891
16949 2.7581203 5.7843914 10.534488
16969 1.9153614 4.9799395 7.3166804
16989 0.80445176 4.213795 5.4779334
17009 0.19153613 3.6391866 4.4819455
17029 -0.49799395 3.2944214 3.6008794
17049 -1.1875241 3.2944214 2.566584
17069 -1.4556746 3.6391866 1.8770541
17090 -1.1875241 3.7541082 1.685518
17110 -1.2641385 3.715801 0.91937345
17129 -1.8387469 3.2944214 0.38307226
17149 -2.681506 2.834735 0.19153613
17169 -3.5242648 2.528277 0.0
17190 -4.4436383 2.183512 -0.22984336
17209 -3.6391866 2.183512 -0.11492168
17229 -0.45968673 2.2984335 5.056554
17250 4.6351743 3.371036 14.748282
17269 6.3589997 4.55856 24.669855
17289 3.6391866 4.9416323 28.807035
17310 2.030283 5.7843914 26.776752
17329 2.6431987 6.397307 21.528662
17350 3.2561142 6.397307 15.322891
17370 2.719813 5.899313 10.189722
17389 1.8004397 5.171476 7.1251445
17410 1.0726024 4.405331 5.899313
17429 0.11492168 3.8307228 4.55856
17451 -0.6895301 3.2561142 2.9496565
17469 -1.3024458 3.217807 0.8810662
17489 -1.4556746 3.371036 -0.49799395
17510 -1.9153614 3.6008794 -0.45968673
17529 -2.0685902 3.4093432 -0.34476504
17549 -1.8004397 3.1411927 -0.45968673
17569 -1.532289 2.719813 -0.80445176
17589 -2.6431987 2.2984335 -0.6895301
17609 -3.2944214 2.183512 -0.6512229
17629 -2.681506 2.0685902 0.2681506
17649 1.2258313 2.2601264 5.8226986
17669 7.929596 3.0262709 17.54471
17689 8.6574335 4.2521024 27.696125
17710 3.217807 5.056554 30.262709
17730 1.2641385 6.0142345 26.585217
17749 2.6048915 6.167464 18.579004
17770 2.873042 5.861006 10.726024
17789 2.1452048 5.171476 6.8569937
17809 1.0726024 4.213795 5.631162
17829 0.0 3.6391866 4.7884035
17849 -0.15322891 3.2944214 3.2944214
17870 -0.45968673 3.1794999 2.030283
17889 -0.5363012 3.1028855 -0.15322891
17909 -1.4173675 2.9113493 -1.3790601
17929 -2.1452048 2.834735 -1.685518
17950 -2.4516625 2.6431987 -1.7621324
17971 -2.2218192 2.681506 -1.4939818
17990 -1.685518 2.681506 -0.842759
18009 -1.340753 2.681506 0.0
18030 -0.11492168 3.0262709 2.873042
18049 2.9113493 3.3327289 10.611102
18069 6.588843 3.6391866 26.24045
18089 3.6008794 4.175488 33.25067
18109 0.22984336 5.0182467 29.956251
18130 1.685518 6.0525417 22.448034
18149 3.371036 6.435614 14.824897
18169 3.1411927 6.0142345 10.189722
18189 2.2218192 4.9416323 8.00621
18209 0.91937345 3.9073372 6.6271505
18229 0.38307226 3.2561142 4.711789
18249 0.5746084 3.2944214 1.3790601
18269 -0.45968673 3.7541082 -0.49799395
18289 -1.0342951 4.0222588 -1.0342951
18309 -1.3790601 4.1371803 -0.30645782
18329 -1.1109096 4.060566 0.22984336
18349 -0.80445176 4.060566 0.49799395
18369 -0.9959879 3.7541082 0.0
18391 -1.532289 3.3327289 -0.22984336
18409 -1.8770541 2.873042 -1.2258313
18429 -2.1452048 2.6048915 -0.34476504
18449 -0.61291564 2.4516625 4.2904096
18469 3.1794999 2.834735 14.326903
18490 5.209783 3.715801 23.558945
18509 3.6391866 4.3287168 27.696125
18529 1.6089035 5.3247046 29.036879
18549 1.1109096 5.7843914 26.508602
18569 1.5705963 5.93762 19.6133
18589 2.2601264 5.899313 12.564771
18609 2.6048915 5.401319 8.274361
18629 1.9919758 4.5202527 6.588843
18649 0.9959879 3.6391866 4.5202527
18670 0.22984336 3.1028855 2.2601264
18689 -0.22984336 3.2561142 -0.34476504
18709 -0.30645782 3.5242648 -2.6048915
18729 -0.5746084 3.4476504 -3.6774938
18749 -1.4939818 3.5242648 -2.873042
18769 -1.9536686 3.2561142 -2.030283
18789 -1.0342951 2.834735 -0.7278373
18809 -0.80445176 2.528277 -0.38307226
18829 -1.6472107 2.336741 1.4556746
18849 -1.7621324 2.719813 6.933608
18869 1.1492168 3.3327289 15.016433
18889 4.3287168 4.2904096 22.7928
18910 4.098873 5.209783 27.159824
18929 2.1068976 5.861006 27.925968
18949 2.030283 6.3589997 24.823084
18970 2.9496565 6.435614 17.621325
18989 3.217807 6.2823853 12.258312
19009 2.7964275 5.707777 9.653421
19029 1.6472107 4.711789 7.5848308
19049 0.7278373 3.7924154 5.094861
19070 0.076614454 3.2561142 2.2218192
19090 -0.5746084 3.1794999 -0.15322891
19109 -0.8810662 3.3327289 -2.1068976
19129 -1.1875241 3.4476504 -2.4516625
19149 -1.8004397 3.3327289 -1.6089035
19170 -1.340753 3.2944214 -1.4173675
19189 -0.45968673 3.2944214 -1.4173675
19209 -0.2681506 3.1411927 -1.7238252
19229 -1.5705963 3.0262709 -1.9153614
19249 -2.4516625 3.1794999 0.5363012
19269 -1.0726024 3.371036 7.5465236
19289 3.2561142 4.175488 15.399506
19309 6.6654577 4.9416323 26.048914
19329 4.9799395 5.707777 27.77274
19349 2.7581203 6.2823853 26.163836
19369 2.2984335 6.5122285 22.448034
19389 2.528277 6.244078 16.280571
19410 2.9496565 5.707777 10.6877165
19430 2.3750482 4.9416323 6.4739213
19449 1.3790601 4.213795 3.7541082
19469 0.5363012 3.6008794 1.9536686
19489 -0.30645782 3.2561142 1.3024458
19509 -0.91937345 3.1794999 0.34476504
19530 -0.7278373 3.2561142 -1.1109096
19549 -0.91937345 2.9496565 -2.873042
19569 -1.685518 2.7964275 -3.9073372
19589 -2.4516625 2.6048915 -4.4819455
19609 -3.5625722 2.336741 -3.6008794
19629 -2.834735 2.4516625 -0.45968673
19649 -1.0342951 3.1028855 3.1028855
19669 0.11492168 4.367024 8.542512
19690 2.183512 4.9416323 14.173674
19709 5.7843914 5.9759274 21.14559
19729 5.861006 6.3589997 26.700138
19749 2.834735 6.6654577 27.159824
19769 1.7238252 6.7803793 23.290794
19790 2.4516625 6.5505357 16.970102
19810 2.183512 5.93762 11.683704
19829 1.6472107 4.865018 8.542512
19849 0.34476504 3.6391866 5.899313
19869 -0.076614454 3.217807 3.5625722
19889 -0.38307226 2.834735 0.80445176
19909 -0.9576807 2.7964275 -1.4556746
19929 -1.4556746 2.7581203 -2.9113493
19949 -1.9919758 2.681506 -4.3287168
19969 -1.4556746 2.719813 -4.3287168
19989 -1.3024458 2.681506 -3.4859576
20009 -1.685518 2.6431987 -1.6089035
20029 -1.8387469 2.873042 0.49799395
20050 -1.0726024 3.1411927 6.0525417
20069 2.2601264 3.9839516 15.016433
20089 6.244078 5.0182467 24.248474
20109 4.673482 5.899313 26.66183
20129 2.6048915 6.6271505 25.589228
20150 2.6431987 7.0485296 22.94603
20169 2.7964275 6.9719152 17.96609
20189 3.1028855 6.6271505 13.330915
20209 2.6048915 5.707777 10.381259
20229 1.1109096 4.6351743 8.6574335
20249 0.0 3.6774938 6.397307
20269 -0.9576807 3.1028855 3.4476504
20289 -1.1875241 2.9879637 0.45968673
20309 -0.5746084 3.1794999 -1.8004397
20329 -0.34476504 3.3327289 -3.1411927
20349 -1.1109096 3.2561142 -3.2561142
20371 -2.873042 3.3327289 -3.9073372
20389 -2.681506 3.2561142 -3.3327289
20409 -2.0685902 3.1028855 -0.842759
20429 -1.8387469 3.371036 3.6391866
20449 -1.8004397 4.0222588 8.963891
20470 -0.49799395 4.9416323 13.254301
20489 2.9496565 5.899313 17.468096
20509 4.5202527 6.5505357 22.601265
20530 2.2984335 6.742072 26.585217
20549 1.340753 6.9719152 24.056938
20570 1.9153614 7.086837 18.349161
20589 2.9113493 6.933608 12.488156
20609 2.9496565 6.2823853 8.925584
20629 1.6089035 5.209783 6.933608
20649 0.15322891 4.175488 5.7843914
20670 -0.6512229 3.4859576 3.86903
20689 -0.80445176 3.1794999 1.3024458
20709 -0.842759 3.1794999 -0.80445176
20730 -1.3024458 3.1411927 -2.183512
20750 -2.183512 3.1028855 -3.2944214
20770 -1.9919758 3.1411927 -3.9839516
20789 -1.4173675 3.064578 -4.175488
20809 -1.1109096 3.0262709 -3.1028855
20829 -1.532289 2.9496565 -1.6089035
20849 -1.7238252 3.064578 2.681506
20869 -1.5705963 3.6391866 8.389283
20890 1.3790601 4.4436383 13.828909
20909 5.171476 6.205771 23.21418
20929 4.098873 7.086837 25.55092
20949 1.9536686 7.3166804 24.861391
20969 1.6089035 7.469909 20.839132
20989 2.1068976 7.086837 13.9438305
21009 2.6048915 6.5505357 8.848969
21029 2.4516625 5.592855 5.707777
21049 1.3024458 4.7884035 3.9839516
21069 0.19153613 4.098873 2.9113493
21090 -0.6895301 3.6774938 1.7621324
21109 -0.91937345 3.6391866 0.842759
21129 -0.49799395 3.715801 1.0726024
21150 -0.11492168 4.0222588 1.6472107
21170 -0.38307226 4.367024 3.1794999
21192 -0.34476504 4.405331 4.711789
21209 0.22984336 4.673482 6.205771
21229 0.038307227 4.865018 7.393295
21249 -0.19153613 5.171476 9.155427
21269 -0.9576807 5.133168 10.151415
21289 -0.45968673 5.094861 10.91756
21309 -0.34476504 5.0182467 11.147403
21329 -0.6512229 5.2480903 11.568783
21349 -0.9576807 5.2863975 10.342952
21369 -1.1109096 5.439626 8.312668
21389 -1.4939818 5.746084 7.6614456
21410 -1.1875241 5.209783 7.8529816
21429 -1.1109096 5.133168 8.312668
21450 -1.6472107 4.865018 8.810662
21469 -1.4939818 5.592855 9.040505
21489 -0.15322891 5.2480903 9.155427
21509 -0.19153613 5.171476 8.772355
21529 -0.6512229 5.056554 8.734048
21550 -0.9576807 4.7884035 8.619126
21570 -0.8810662 4.673482 7.6614456
21590 -0.6512229 4.55856 7.5848308
21610 -0.6512229 4.596867 8.504205
21629 -0.61291564 4.4436383 8.6574335
21650 -0.49799395 4.673482 8.312668
21670 -0.4213795 4.8267107 8.236053
21690 -0.5746084 4.673482 7.929596
21711 -0.61291564 4.673482 7.431602
21729 -0.8810662 4.711789 7.6614456
21749 -1.1109096 4.7500963 8.312668
21770 -0.6512229 4.6351743 8.695741
21790 -0.22984336 4.903325 8.619126
21809 -0.49799395 4.711789 8.121132
21829 -0.91937345 4.673482 7.5082164
21849 -1.1109096 4.7884035 8.236053
21870 -0.6895301 4.9416323 8.810662
21890 -0.6512229 4.9799395 8.389283
21909 -1.0342951 4.865018 7.73806
21930 -0.9959879 4.9416323 7.0485296
21949 -1.1109096 4.7884035 7.240066
21980 -1.5705963 5.171476 7.8146744
21989 -1.532289 4.9416323 8.6574335
22009 -0.7661445 5.056554 8.465898
22029 -0.2681506 5.3247046 7.6231384
22050 -0.9576807 5.209783 6.244078
22207 -1.7238252 5.133168 5.9759274
22207 -1.8004397 5.3247046 6.8569937
22207 -1.340753 5.171476 7.73806
22207 -0.6512229 5.171476 8.734048
22207 -0.34476504 5.2863975 9.11712
22207 -0.22984336 5.439626 8.887277
22207 -0.22984336 5.4779334 8.236053
22210 -0.5746084 5.3247046 7.776367
22230 -0.842759 5.2863975 7.5848308
22250 -1.1492168 5.209783 7.6614456
22270 -1.1875241 5.171476 8.619126
22289 -0.7661445 4.9799395 8.734048
22315 -0.8810662 5.094861 8.42759
22333 -1.1875241 5.056554 8.121132
22351 -0.8810662 5.133168 7.431602
22370 -0.91937345 5.4779334 7.0102224
22393 -0.9576807 5.439626 7.0485296
22410 -1.0726024 5.2480903 7.699753
22476 -1.1875241 5.171476 7.967903
22476 -1.3024458 5.171476 8.00621
22476 -1.1492168 5.171476 7.8912888
22529 -1.5705963 5.133168 7.8912888
22529 -1.7238252 4.9416323 7.699753
22530 -1.7621324 4.8267107 7.8146744
22549 -1.3024458 4.9799395 7.967903
22575 -1.4173675 5.133168 7.967903
22589 -1.532289 5.171476 7.8912888
22609 -1.0342951 5.363012 7.6231384
22629 -0.61291564 5.4779334 7.201759
22650 -0.7278373 5.363012 7.1634517
22669 -1.0726024 5.209783 7.469909
22690 -1.3024458 4.903325 7.8529816
22709 -1.340753 4.9416323 8.00621
22729 -1.532289 4.7500963 8.159439
22749 -1.4556746 4.7500963 7.929596
22769 -1.532289 4.7884035 7.2783732
22789 -1.532289 5.0182467 7.2783732
22809 -1.3790601 5.2480903 7.431602
22829 -1.2641385 5.2480903 7.8146744
22852 -0.9576807 5.2480903 8.504205
22869 -0.9576807 5.133168 9.040505
22890 -1.1109096 5.056554 9.461885
22909 -1.1109096 5.056554 9.423578
22929 -0.8810662 5.2863975 8.848969
22949 -0.8810662 5.4779334 8.121132
22969 -0.91937345 5.439626 7.929596
22989 -1.0342951 5.4779334 7.8912888
23009 -0.9959879 5.3247046 7.929596
23029 -1.1109096 5.2863975 8.082825
23049 -1.3790601 5.2480903 8.274361
23070 -1.1875241 5.439626 7.929596
23089 -1.3790601 5.3247046 7.967903
23109 -1.340753 5.171476 7.8529816
