168 0.8877163
168 0.9643307
168 0.8111019
168 0.3131075
239 0.7344866
239 1.1558666
239 1.3474026
239 1.9220114
293 1.424017
293 0.7727947
301 0.7344866
325 1.0026379
363 1.8837042
363 2.3816986
377 1.653861
397 0.5812588
417 0.19818592
436 0.2748003
456 0.8494091
476 1.040945
496 1.0026379
516 0.42803
537 0.77279377
556 0.12157154
576 0.65787315
596 2.1518545
616 2.1518545
636 0.6578722
656 -0.72118664
676 -0.29980755
696 0.5429516
717 1.3090954
736 0.15987873
756 0.15987873
776 0.61956596
797 0.9643307
816 0.65787315
837 0.61956596
856 1.1175594
876 0.73448753
896 1.040945
916 1.232481
936 0.9260235
956 0.5812588
976 -0.14657879
996 0.5046444
1016 0.77279377
1037 0.42803
1057 0.61956596
1076 0.5812588
1096 0.6961794
1117 1.1558666
1137 1.232481
1157 1.0792522
1177 1.040945
1197 0.88771534
1217 0.9260225
1237 1.0792522
1257 1.1558666
1277 1.0026379
1297 0.84940815
1317 0.46633625
1337 0.27480125
1357 0.19818592
1377 0.35141563
1397 0.5429516
1417 1.232482
1437 0.8877163
1457 0.27480125
1477 0.42803
1497 1.0026379
1517 1.1175594
1537 0.54295063
1557 0.50464344
1595 0.8111019
1597 1.0792522
1617 0.9643307
1637 0.8494091
1657 0.08326435
1677 0.61956596
1697 0.8494091
1717 0.8494091
1737 0.73448753
1757 0.5046444
1777 0.04495716
1797 0.42802906
1817 0.5046444
1838 0.69618034
1857 0.5429516
1877 0.5812588
1897 0.46633625
1917 0.6961794
1937 0.73448753
1957 0.9643307
1977 0.8111019
1997 0.61956596
2017 0.46633625
2037 0.8494091
2057 1.1941738
2077 1.1558666
2097 0.9643307
2117 0.7727947
2137 0.42802906
2157 0.5429516
2177 0.73448753
2197 0.9643307
2217 0.9643307
2236 0.50464344
2257 0.5812578
2277 0.7727947
2297 1.1558666
2317 0.73448753
2337 0.7727947
2357 1.040946
2377 0.7344866
2397 0.7727947
2417 0.7727947
2437 0.7727947
2456 1.1175604
2477 1.0026388
2497 0.8111019
2516 0.69618034
2537 0.69618034
2557 0.8877163
2577 0.81110096
2597 0.8494091
2617 1.0026379
2636 0.8877163
2657 0.8877163
2677 0.9260235
2697 1.1175594
2717 0.9260235
2737 1.1175594
2757 1.1558676
2778 1.5772467
2797 1.0792522
2816 1.040945
2837 1.232481
2857 1.1175604
2878 0.5812578
2897 0.54295063
2917 1.0026369
2937 1.2707882
2957 0.73448753
2977 0.6961794
2997 0.77279377
3017 0.9260235
3037 1.5772467
3057 1.8070889
3077 1.8070898
3097 1.3474026
3117 0.9643307
3137 1.0792522
3157 1.1941748
3177 1.6538601
3197 1.9603186
3217 1.424017
3237 0.3131075
3257 0.04495716
3277 -0.18488598
3297 0.5046444
3317 1.1941738
3337 1.6538601
3357 0.9260235
3377 0.73448753
3396 0.88771725
3417 0.9260225
3437 0.9643297
3457 0.88771725
3476 0.69618034
3496 1.5772467
3517 2.4200048
3537 3.03292
3557 3.3776865
3577 3.4159927
3597 4.1438303
3617 4.7950535
3637 4.7950535
3657 3.7607584
3677 3.5692225
3697 3.492608
3718 3.1861496
3737 2.4966202
3757 2.1135473
3778 1.4623251
3797 0.619565
3817 -0.03165722
3837 -0.33811474
3857 -1.2574883
3877 -2.1002474
3897 -2.3683977
3917 -1.8704042
3937 -1.410717
3957 -1.4873323
3977 -1.7937899
3997 -1.9470186
4017 -1.6405611
4037 -0.9893379
4057 -0.29980755
4077 1.0792522
4097 2.228469
4117 2.5349264
4138 2.4966202
4157 2.9563065
4177 3.5309153
4197 4.6418247
4217 5.67612
4237 5.905963
4257 4.526903
4277 2.7647705
4297 3.3393784
4317 4.7567463
4337 3.7607584
4357 0.46633625
4378 -2.445013
4397 -3.2494645
4417 -2.6365485
4437 -2.1002474
4457 -1.7554827
4477 -1.3724108
4497 -1.5256395
4517 -1.9470186
4537 -1.6788683
4557 -0.8744154
4577 -0.7594948
4597 -0.9893379
4617 -0.606266
4637 0.006649971
4658 0.73448753
4677 1.653861
4697 2.6115417
4717 3.4159927
4737 4.258752
4757 5.0248966
4777 6.0591917
4797 5.1781254
4817 2.458312
4837 2.3050833
4857 3.684144
4877 4.0289097
4897 2.6881561
4917 1.3090954
4937 1.1175604
4957 0.9260225
4978 -0.06996441
4997 -0.91272354
5017 -1.2957954
5037 -1.602253
5057 -2.1002474
5078 -1.8320966
5097 -1.9470186
5117 -2.1002474
5137 -1.8704042
5157 -0.37642193
5177 1.5389385
5197 3.1478424
5217 3.9906015
5237 3.492607
5257 3.8373728
5277 4.6035166
5297 5.063204
5317 3.9906015
5337 4.105523
5357 5.293048
5377 4.335367
5397 1.9220114
5417 0.2748003
5437 0.044958115
5457 -0.41472912
5477 -0.7594948
5498 -0.9893379
5516 -1.0659523
5537 -1.3341026
5557 -1.7937899
5577 -1.9853258
5597 -1.602253
5617 -1.410718
5637 -1.7937899
5657 -0.37642193
5677 1.0792522
5697 1.4623241
5717 2.1518545
5737 2.9946136
5757 3.4159937
5777 4.1438313
5797 4.641824
5817 3.2244568
5837 2.4200048
5857 4.3736734
5877 4.871668
5897 4.0289097
5918 2.5732346
5937 1.9603186
5957 1.845397
5977 1.3090954
5997 0.19818592
6018 -1.0276451
6037 -2.5216274
6057 -2.7131634
6077 -2.6748557
6097 -2.2534766
6116 -2.4833198
6137 -2.713163
6157 -1.7171755
6177 1.3474035
6197 2.5732336
6217 3.1095352
6237 2.879692
6256 2.9946136
6277 3.6075296
6297 4.067216
6317 3.6075296
6337 1.7304754
6357 2.7264633
6377 4.2204456
6397 3.7990656
6417 2.228469
6439 1.3090954
6456 0.5429516
6477 0.2748003
6497 -0.33811474
6517 -0.95103073
6536 -1.0659523
6556 -1.6405611
6576 -1.4873323
6596 -1.2574883
6617 -1.5639458
6636 -0.87441635
6657 -0.03165722
6677 0.19818592
6697 1.0792522
6717 2.1901617
6737 2.879692
6758 3.6458359
6777 4.3736734
6797 4.8333607
6817 2.7647705
6837 1.7304754
6859 3.6458368
6877 4.2204456
6897 2.5349274
6917 0.12157154
6937 -0.87441635
6960 0.08326435
6977 0.8877163
6996 0.19818592
7017 -0.6828804
7037 -1.410718
7057 -2.2917833
7077 -2.521627
7097 -2.521627
7117 -2.1385546
7137 -1.7171755
7157 -0.41472912
7177 0.8111019
7197 1.7687826
7217 2.841384
7237 3.3776855
7257 3.3776865
7278 4.105523
7297 5.4462767
7317 2.3816977
7337 2.3050833
7357 5.139819
7378 5.2547407
7397 2.9946136
7418 0.88771534
7437 0.38972187
7457 0.04495716
7478 -0.56795883
7497 -1.1425676
7517 -1.4490252
7537 -2.2151694
7557 -2.4067054
7577 -2.2151694
7597 -1.9087114
7617 -0.95103073
7637 -0.1082716
7657 1.040945
7677 1.6155539
7697 2.0752401
7717 2.3050833
7737 2.841384
7757 3.1861496
7777 3.87568
7798 4.7950535
7817 3.071229
7837 2.8030777
7857 5.0248976
7877 3.87568
7898 2.5732336
7917 1.6538601
7937 1.7687826
7957 1.653861
7977 0.3131075
7997 -0.9893379
8017 -1.4873323
8037 -2.023633
8057 -2.4067054
8077 -2.330091
8097 -1.7171755
8117 -1.1808739
8137 -0.06996441
8157 1.0026379
8177 1.653861
8197 2.458312
8217 3.1478434
8237 3.3776855
8257 3.492608
8277 4.067216
8297 4.1438303
8317 2.6881561
8337 4.680132
8357 5.9825773
8377 3.684144
8396 1.1558666
8418 -0.9893379
8437 -0.64457226
8457 -0.45303726
8477 -0.606266
8497 -0.18488598
8517 -0.95103073
8537 -2.023633
8557 -2.2534766
8577 -1.7937899
8597 -1.5639458
8617 -0.5679579
8638 -0.14657879
8657 0.08326435
8677 0.7344866
8697 1.1941748
8717 1.7304754
8737 2.036933
8757 2.266777
8777 3.1095352
8797 4.4119806
8817 3.3010721
8838 4.0289087
8857 5.331354
8877 4.9865904
8897 3.6458368
8917 2.1518545
8939 1.040945
8958 0.2748003
8977 0.23649311
8997 -0.41472912
9017 -1.6405611
9037 -3.2111573
9057 -3.632537
9077 -2.6748557
9097 -2.3683982
9117 -1.9470186
9137 -0.7594948
9157 0.619565
9177 1.5389395
9197 2.4200048
9217 2.9946136
9237 3.4543009
9257 4.871668
9277 5.522891
9297 4.5652103
9317 2.841384
9337 5.139819
9358 6.8636427
9377 4.4119806
9397 1.7304754
9417 0.08326435
9437 -0.9893379
9459 -1.1042595
9477 -1.4490252
9497 -1.7171745
9517 -1.9087114
9537 -1.8704042
9557 -1.832097
9577 -1.2574883
9597 -0.49134445
9617 0.12157154
9637 0.77279377
9657 0.50464344
9677 0.6961794
9697 1.7304754
9717 2.458313
9737 3.071229
9757 3.9522943
9777 4.7950535
9796 4.297059
9817 2.6115408
9837 4.680132
9857 5.752734
9878 3.5692225
9897 2.1135473
9917 0.54295063
9937 1.1558666
9957 1.6155539
9978 1.1941738
9997 0.23649311
10017 -0.5296507
10037 -1.9470186
10057 -2.6748557
10077 -2.2534761
10097 -1.5256395
10117 -0.60626507
10137 0.5812578
10156 1.232481
10177 1.9986258
10197 3.0329208
10216 3.6075296
10237 4.0289087
10257 4.3736734
10277 5.2547398
10297 4.258752
10317 3.3393793
10337 6.0208845
10357 6.5954924
10377 3.4543009
10397 0.38972282
10417 -1.410717
10437 -1.832097
10457 -1.9853258
10476 -1.7171755
10497 -1.0276451
10517 -0.37642193
10537 -0.56795883
10557 -1.3724108
10576 -2.1768622
10596 -2.2917838
10617 -1.3724108
10637 -1.2574883
10657 -1.410717
10677 -0.18488598
10697 0.8111019
10717 1.7304754
10737 2.9946136
10757 3.9906015
10777 4.526902
10797 3.87568
10817 2.8030787
10837 3.9522943
10857 5.293048
10877 4.4119806
10897 2.649849
10918 0.6578722
10937 -0.41472912
10957 0.2748003
10977 0.9643307
10997 0.3131075
11018 -1.2957954
11037 -2.6748557
11057 -2.4833202
11077 -1.908711
11097 -1.1042604
11117 -0.7594948
11137 -0.4530363
11157 0.04495716
11177 0.04495716
11197 0.54295063
11217 1.424017
11237 2.5732336
11257 3.3393784
11277 4.2204447
11297 5.063205
11317 3.87568
11337 3.0329218
11357 4.6035166
11377 4.4119816
11397 2.1901617
11417 0.12157154
11439 -0.5679579
11457 -0.83610916
11477 -1.0276451
11497 -1.4873323
11517 -1.7554827
11538 -1.9853258
11557 -2.3300905
11577 -2.5982413
11597 -2.713163
11617 -2.445012
11637 -1.5639467
11657 -0.7594948
11677 0.12157154
11697 1.2707882
11717 2.1135473
11737 2.4966192
11757 2.9946136
11777 4.0289087
11797 4.9865904
11817 5.67612
11837 3.9139872
11857 2.6115408
11877 4.450288
11897 3.5692225
11917 1.7304754
11937 0.61956596
11958 -0.18488598
11977 -0.1082716
11997 -0.26150036
12017 -0.91272354
12037 -1.4873314
12059 -1.7937899
12077 -1.2574883
12097 -1.0659523
12116 -1.7554827
12137 -1.7171755
12157 -0.41473007
12177 1.1175604
12197 2.0752401
12217 2.458313
12237 2.8796911
12257 3.2244568
12277 3.9522943
12297 4.909974
12317 4.7567463
12337 2.879692
12358 3.684144
12377 6.0591917
12397 3.4159927
12417 0.73448753
12437 -1.1425676
12457 -1.2574883
12478 -0.7211876
12497 -0.49134445
12517 -0.7211876
12537 -1.0276461
12557 -0.9893379
12578 -1.832097
12597 -1.8704042
12617 -1.3724098
12637 -0.7594948
12657 -0.37642193
12677 0.3131075
12697 0.8494091
12717 1.1941738
12737 1.8070898
12757 2.3816986
12777 2.9563074
12797 4.1821375
12817 4.8333597
12837 4.2204447
12857 2.9946136
12877 4.258752
12897 4.9865904
12917 3.3010712
12937 1.5006323
12957 -0.1082716
12977 -0.06996441
12997 0.3131075
13017 0.006649971
13037 -1.1808739
13057 -1.9853258
13077 -2.7514706
13099 -2.5216274
13117 -2.521627
13137 -1.5639458
13157 -0.18488598
13177 0.6578722
13197 1.5772457
13217 2.841385
13237 4.2204447
13257 4.680131
13277 4.258752
13297 4.3353662
13317 4.871668
13337 5.293048
13357 3.8373728
13377 2.7647705
13397 4.067216
13417 4.2204447
13437 2.3433905
13457 1.0026379
13477 0.65787315
13497 -0.14657879
13518 -0.797801
13537 -0.87441635
13557 -1.7171755
13577 -2.023633
13597 -2.4067054
13617 -2.521627
13637 -2.4067054
13657 -1.5256395
13677 -0.49134445
13697 -0.14657879
13717 0.42803
13737 0.9643297
13757 1.232481
13777 2.036933
13797 2.7264633
13817 3.1861496
13837 4.1438303
13857 4.526903
13877 2.8796911
13897 3.4159937
13917 4.680131
13938 3.7607584
13957 2.036933
13977 0.65787315
13997 0.2748003
14017 0.35141468
14037 -0.06996441
14057 -1.219182
14077 -1.6405611
14097 -1.7171755
14117 -1.4873323
14137 -1.410718
14157 -0.5296507
14177 0.31310844
14196 1.0792522
14217 2.3050833
14237 2.7264633
14257 2.4200048
14277 2.4200048
14297 3.0329218
14317 3.9906015
14337 4.7950535
14358 5.293048
14377 4.1821375
14397 2.879692
14417 4.2204447
14437 5.063205
14458 3.6458368
14477 2.036933
14497 0.54295063
14517 -0.87441635
14536 -1.2957954
14557 -1.2574892
14577 -1.4873323
14597 -2.0236335
14616 -2.1385546
14637 -2.4450126
14657 -2.0619402
14677 -0.9893379
14697 -0.14657879
14717 0.4663372
14737 0.6578722
14757 0.8877163
14778 1.5006313
14797 2.649849
14816 3.1861496
14837 2.9946136
14858 3.3776855
14879 2.4966192
14897 1.8070898
14917 3.8373728
14937 4.2204447
14957 2.7647696
14978 1.7304754
14997 1.0792522
15017 0.23649311
15037 0.04495716
15057 -0.6445732
15077 -1.1425667
15097 -1.9470186
15117 -3.134543
15137 -4.015609
15157 -4.2837596
15177 -2.1002474
15197 0.42802906
15217 2.036933
15237 3.1095352
15257 3.87568
15277 4.258752
15297 3.8373728
15317 3.6458368
15337 4.297059
15357 4.871668
15377 3.684144
15398 1.3474026
15417 0.5429516
15437 2.5732336
15457 3.8373728
15477 2.6881561
15499 1.0792522
15517 -0.18488598
15536 -0.6445732
15557 -0.606266
15577 -0.68287945
15599 -1.0659523
15617 -1.6788683
15637 -2.1002474
15657 -2.2917838
15677 -2.1768618
15697 -1.410718
15717 -0.72118664
15737 0.8877163
15757 1.8070898
15777 2.4200048
15797 3.6458368
15817 4.450289
15837 4.258753
15857 3.684144
15877 2.9946136
15897 2.228469
15918 1.9986258
15937 2.7264633
15957 2.9179993
15977 2.4966192
15997 0.81110096
16019 -0.4530363
16037 -0.1082716
16057 1.0026388
16077 0.69618034
16097 0.23649311
16117 -0.68287945
16137 -1.5639467
16157 -2.0619402
16177 -1.7937899
16197 -1.1808739
16217 -0.91272354
16237 -0.6828804
16257 0.6961794
16277 1.8837042
16297 2.7647705
16317 3.262764
16337 3.1478424
16357 2.841385
16377 2.7264633
16396 2.9179993
16417 3.1861506
16437 3.1861496
16457 2.3433914
16476 1.0026379
16497 -0.1082716
16517 0.42803
16538 1.6921682
16557 2.841385
16577 2.3816977
16597 0.04495716
16617 -2.9046993
16637 -4.283759
16657 -3.3260784
16677 -1.4490252
16697 0.006649971
16717 -0.14657879
16737 -0.4530363
16758 -1.0659523
16777 -1.5639458
16797 -0.45303726
16817 0.6961794
16838 1.5772467
16857 1.3857098
16877 -0.03165722
16897 -0.6445732
16917 -0.52965164
16937 -0.5679579
16957 -0.22319317
16977 0.4663372
16997 0.73448753
17017 -0.06996441
17037 0.12157154
17057 1.1558676
17077 2.036933
17097 2.4966202
17117 1.1941748
17137 -1.1425676
17157 -1.9853258
17177 -1.6405611
17197 -0.6445732
17217 0.5046444
17237 1.5389395
17257 1.845397
17277 1.5006323
17297 0.46633625
17316 0.3131075
17337 0.42802906
17357 0.5812578
17378 0.9643307
17397 1.1941738
17417 0.54295063
17437 0.31310844
17457 0.38972187
17478 0.4663372
17497 0.61956596
17517 1.040945
17537 1.2707882
17557 1.5389385
17577 0.8111019
17597 0.19818592
17617 -0.06996441
17637 0.12157154
17657 0.65787315
17677 0.73448753
17697 1.0026388
17717 1.0409441
17737 0.69618034
17757 0.50464344
17776 0.65787315
17797 1.1175594
17817 1.1175604
17837 0.81110096
17857 0.9643307
17877 1.2707891
17898 0.9260235
17917 0.9643307
17937 1.3090963
17957 1.4240179
17977 1.5772457
17997 1.1558666
18017 0.69618034
18037 0.50464344
18057 1.040945
18077 1.6921682
18096 1.5006313
18117 1.1558666
18137 0.81110096
18156 0.46633625
18177 0.69618034
18197 1.4623251
18217 1.6921682
18237 1.7304754
18257 1.3857107
18277 0.9643307
18297 0.9643307
18317 1.040946
18336 0.9260235
18357 0.9643307
18377 0.9643307
18397 0.9643297
18418 0.84940815
18437 1.2707882
18457 1.1175604
18477 1.1175594
18496 1.1941748
18517 1.1941738
18537 1.040945
18557 0.6961794
18576 0.54295063
18597 -0.37642193
18617 0.3131075
18637 1.8070898
18657 1.9986258
18676 1.2707882
18697 0.77279377
18722 0.8877163
18787 2.1135473
18787 2.1518545
18787 1.1941738
18804 -0.3381157
18817 -0.7211876
18856 0.9260225
18857 2.649849
18881 2.3433905
18929 0.8877163
18929 0.04495716
18947 -0.6445732
18957 -0.06996441
18977 1.1558666
18997 1.9220114
19017 1.845397
19037 1.0026379
19057 0.619565
19077 0.84940815
19097 1.2707891
19117 1.653861
19137 1.7304754
