992 1.0235327
1012 1.0235327
1032 1.0548749
1052 1.107112
1072 1.107112
1092 1.0165677
1112 0.9329882
1132 0.92950577
1152 0.91905844
1172 0.9260235
1192 0.9329885
1212 0.9608482
1232 1.009603
1252 1.037463
1272 1.0409453
1293 1.0479102
1312 1.0792526
1332 1.0966649
1352 1.1175598
1372 1.169797
1392 1.2150692
1412 1.2394464
1432 1.2220341
1452 1.1941743
1472 1.1976568
1492 1.2464114
1513 1.2951661
1532 1.3195434
1553 1.3125786
1572 1.323026
1592 1.3195434
1612 1.2638236
1633 1.2255164
1652 1.201139
1690 1.187209
1692 1.1767615
1712 1.1175594
1732 1.0513924
1752 1.0130851
1773 0.9817428
1792 0.9364706
1812 0.87726855
1833 0.87378615
1852 0.8772686
1872 0.89468116
1892 0.9120935
1912 0.8842337
1933 0.88075125
1952 0.915576
1972 0.94343585
1993 1.0130854
2012 1.0896999
2032 1.1732793
2052 1.208104
2073 1.2115865
2092 1.1976565
2112 1.1872091
2132 1.2255164
2152 1.2498937
2172 1.2324814
2193 1.1976565
2213 1.1384544
2232 1.1140771
2253 1.107112
2273 1.1419369
2293 1.1732793
2312 1.1906918
2332 1.1872092
2354 1.1489019
2372 1.1349721
2392 1.1628319
2412 1.1941743
2433 1.2011392
2453 1.1906918
2472 1.1976568
2492 1.222034
2512 1.2568587
2532 1.2498939
2552 1.235964
2572 1.2603413
2592 1.2673062
2612 1.2359638
2632 1.201139
2652 1.1941739
2672 1.2289987
2692 1.2464111
2712 1.173279
2733 1.0966645
2752 1.1349716
2773 1.1837262
2792 1.1663139
2813 1.1140767
2832 1.1036294
2852 1.1175593
2874 1.1071119
2892 1.0444274
2912 0.99567276
2932 0.9782603
2952 0.98522526
2972 0.9260231
2992 0.8842335
3012 0.9016459
3032 0.9434356
3052 0.97129536
3072 0.9643303
3092 0.98522526
3112 1.0096027
3132 1.0026377
3152 1.0061202
3172 1.0270151
3193 1.0374626
3212 1.04791
3232 1.0479099
3252 1.0513924
3274 1.0304977
3295 1.0200503
3314 0.98174304
3333 0.9504007
3353 0.93298835
3373 0.9225409
3395 0.8807512
3413 0.8633388
3433 0.83896154
3453 0.81806666
3473 0.80065435
3493 0.8041368
3514 0.8215492
3533 0.83896154
3553 0.85637385
3573 0.87726873
3593 0.8772688
3613 0.85637397
3632 0.83896154
3653 0.8424439
3672 0.84940886
3693 0.8528913
3714 0.81110156
3732 0.7832417
3752 0.77627677
3773 0.7902067
3792 0.79368913
3814 0.8180664
3832 0.86333865
3852 0.9120934
3872 0.9295059
3892 0.915576
3912 0.9260234
3933 0.9608482
3952 0.95388335
3972 0.922541
3992 0.8772688
4013 0.8494089
4033 0.83199656
4052 0.8215492
4073 0.7727945
4092 0.75189966
4112 0.7553821
4132 0.73796976
4152 0.7344873
4173 0.75189954
4193 0.7936893
4212 0.8145842
4233 0.83199656
4253 0.8319965
4272 0.8389614
4293 0.8319965
4312 0.8250315
4334 0.8319965
4352 0.83547896
4373 0.814584
4393 0.8111017
4413 0.76582944
4432 0.762347
4453 0.7588646
4472 0.7658296
4493 0.77975947
4512 0.842444
4532 0.87726873
4552 0.8911985
4573 0.8842335
4593 0.9399531
4612 0.9991551
4632 1.1105943
4652 1.1697963
4672 1.2289984
4692 1.2812356
4713 1.2847182
4732 1.2498934
4753 1.2359636
4772 1.2359637
4793 1.2882009
4813 1.3369555
4833 1.4031227
4854 1.4240175
4872 1.4971497
4892 1.5250095
4913 1.4971497
4932 1.479737
4953 1.4658071
4973 1.3787453
4993 1.2464112
5013 1.1697967
5033 1.0792524
5053 0.9225409
5073 0.7971718
5093 0.6648376
5113 0.6265303
5133 0.661355
5152 0.68921494
5172 0.69269747
5192 0.7379696
5213 0.7693119
5232 0.7205573
5252 0.63001287
5274 0.5638459
5293 0.47678402
5312 0.37927473
5333 0.21908092
5353 0.037992217
5373 -0.080412
5392 -0.080412
5412 0.06236952
5432 0.3444501
5452 0.67876774
5472 1.0304978
5492 1.3787453
5513 1.7513702
5533 2.1483724
5553 2.548857
5573 2.9110343
5592 3.064263
5612 3.0538154
5633 2.8483496
5653 2.4966195
5672 2.0578277
5693 1.5981411
5712 1.107112
5735 0.6126005
5753 0.09371168
5773 -0.3346327
5794 -0.71422255
5813 -0.94754833
5833 -1.0938122
5853 -1.1251546
5873 -1.0346103
5893 -0.8535216
5913 -0.57144105
5933 -0.14657904
5953 0.32007262
5973 0.8041367
5993 1.2011389
6012 1.6155534
6032 2.08917
6052 2.587164
6072 2.9528239
6092 3.1199827
6112 3.3463438
6132 3.6249418
6152 3.53788
6172 3.1965973
6193 2.7508402
6214 2.3399084
6233 1.8941516
6253 1.3508855
6274 0.7449348
6293 0.21908106
6312 -0.20229846
6332 -0.75601196
6352 -1.4246472
6373 -1.7798597
6392 -1.8912988
6413 -1.856474
6433 -1.8251323
6452 -1.7485179
6472 -1.5778763
6492 -1.320173
6512 -0.9579956
6533 -0.51572126
6553 0.0031675426
6573 0.61608315
6593 1.2882009
6613 1.8941516
6634 2.2702587
6653 2.6568136
6673 3.1199827
6692 3.492607
6712 3.7259333
6732 3.8025477
6753 3.6841438
6773 3.3811684
6792 2.9005868
6812 2.2807062
6833 1.6956506
6853 1.2429289
6875 0.67876774
6893 -0.06996441
6912 -0.7385996
6932 -1.2226638
6953 -1.5186741
6973 -1.5117091
6992 -1.2783831
7012 -0.90575844
7032 -0.4843789
7052 -0.06648185
7072 0.37927505
7092 0.92602366
7112 1.6712734
7132 2.3468735
7154 2.6986036
7173 2.9110346
7193 3.2000802
7213 3.513503
7232 3.5518103
7252 3.4159935
7273 3.2105277
7293 2.750841
7313 2.1344426
7332 1.4344649
7352 0.87030405
7376 0.5951884
7392 0.34096777
7413 -0.18488611
7432 -0.80128425
7452 -1.1042596
7473 -1.1669441
7493 -1.0938121
7512 -0.7246699
7532 -0.13613154
7552 0.48374903
7573 1.0026379
7593 1.4832195
7613 2.0021083
7633 2.5627868
7652 2.9354117
7673 3.2349045
7692 3.649319
7712 4.074181
7732 4.345814
7752 4.345814
7772 4.1368656
7792 3.8025482
7812 3.2557998
7833 2.562787
7852 1.9777312
7872 1.6608258
7894 1.347403
7912 0.74841744
7932 0.01709756
7952 -0.58537066
7972 -0.895311
7993 -0.8813811
8012 -0.58188826
8033 -0.052552048
8053 0.55339867
8073 1.0444278
8094 1.5493865
8112 2.1170301
8132 2.782183
8152 3.2836592
8173 3.5692222
8194 3.9105048
8212 4.1891026
8232 4.203033
8252 3.983637
8272 3.7294157
8292 3.4368875
8313 2.917999
8333 2.2632935
8353 1.6190358
8374 1.1941737
8393 0.9608479
8413 0.5951881
8433 0.104159094
8452 -0.2127461
8472 -0.2754306
8492 -0.22667581
8513 -0.12916642
8533 0.08326461
8552 0.35489777
8573 0.6578731
8593 1.0165681
8614 1.4936671
8633 1.9881784
8653 2.4548302
8673 2.747358
8692 2.9214818
8712 3.1687372
8733 3.4577825
8752 3.6144943
8772 3.6214592
8793 3.485643
8812 3.252317
8832 2.768253
8852 2.2040918
8872 1.7095805
8892 1.3474027
8914 1.0827348
8932 0.67528516
8953 0.20166849
8972 -0.19881621
8993 -0.44607198
9013 -0.50527406
9034 -0.43562457
9053 -0.17792138
9072 0.14246629
9092 0.41061696
9112 0.6996624
9132 0.99567276
9152 1.3752626
9172 1.8662918
9192 2.3468733
9212 2.6254714
9232 2.7055686
9253 2.8483498
9272 3.0015786
9292 2.938894
9312 2.7264633
9332 2.3991106
9352 2.0160384
9372 1.5563518
9392 1.0339804
9414 0.5464338
9432 0.22604604
9453 0.034509834
9473 -0.29632533
9493 -0.70725733
9512 -0.9301357
9532 -0.95103055
9554 -0.8778986
9572 -0.7629769
9592 -0.5818882
9612 -0.3659747
9632 -0.062999375
9652 0.2190811
9673 0.4349946
9693 0.66135556
9712 0.9678133
9733 1.222034
9752 1.3508855
9772 1.5319743
9793 1.8140546
9812 2.050863
9832 2.071758
9852 1.894152
9872 1.7269932
9892 1.5459043
9912 1.2777537
9932 0.9016464
9952 0.5568813
9975 0.3165905
9992 0.020580031
10012 -0.41472948
10032 -0.843074
10052 -1.0972947
10072 -1.135602
10092 -1.0450577
10112 -0.8639689
10132 -0.5435812
10152 -0.15702638
10172 0.27828303
10192 0.6822502
10212 1.0896999
10232 1.5389392
10252 1.9672837
10272 2.2389169
10293 2.3712506
10312 2.5836818
10332 2.7926302
10352 2.6394012
10372 2.2249868
10394 1.7200278
10412 1.2916833
10432 0.87030375
10452 0.4349942
10474 0.058886874
10492 -0.20229873
10512 -0.46000192
10532 -0.9022762
10552 -1.3724104
10572 -1.5569816
10592 -1.4768847
10612 -1.2714187
10632 -1.0868474
10652 -0.877899
10672 -0.65502065
10692 -0.4634845
10713 -0.16399167
10732 0.17729092
10752 0.47678384
10772 0.80065405
10792 1.166314
10814 1.3926749
10833 1.5389389
10852 1.7827121
10872 1.970766
10892 1.9812135
10912 1.8628093
10932 1.6364483
10952 1.3752627
10972 1.0653224
10992 0.66832024
11012 0.26435307
11034 -0.08041204
11053 -0.48786163
11072 -0.996303
11092 -1.421165
11112 -1.6440433
11134 -1.6823505
11153 -1.685833
11173 -1.5778762
11192 -1.3271381
11212 -0.9788905
11234 -0.66895014
11252 -0.3346326
11272 0.15639643
11292 0.69618016
11312 1.1872092
11332 1.4936669
11352 1.6016237
11372 1.8523618
11392 2.137925
11412 2.2249868
11433 2.0647929
11453 1.7827125
11472 1.5006318
11493 1.1210423
11512 0.6926975
11532 0.25390556
11556 -0.042104807
11573 -0.20229869
11592 -0.5400988
11613 -0.9684433
11633 -1.2679362
11654 -1.3689281
11673 -1.295796
11693 -1.1356021
11713 -0.9405836
11732 -0.8152144
11752 -0.66198546
11772 -0.5052742
11792 -0.31373805
11812 -0.05603478
11832 0.23649311
11853 0.54295105
11873 0.7205573
11893 0.82503164
11913 1.0165677
11933 1.201139
11953 1.3474028
11973 1.3961575
11992 1.3439205
12012 1.1419368
12032 0.8528913
12052 0.4907139
12075 0.13898382
12092 -0.010762561
12114 -0.11175433
12132 -0.42865962
12152 -0.8326267
12174 -1.1843567
12192 -1.435095
12212 -1.5186744
12233 -1.4246475
12252 -1.260971
12272 -1.0206803
12293 -0.66198534
12313 -0.26846564
12333 0.13201904
12352 0.57429343
12372 1.1489018
12392 1.7722648
12412 2.1031
12433 2.336426
12452 2.6742258
12472 2.9005868
12493 2.827455
12513 2.4548302
12533 1.918529
12553 1.3961574
12572 0.9120934
12594 0.40713456
12615 -0.059517123
12633 -0.33463266
12653 -0.6480555
12672 -1.142567
12694 -1.5360867
12712 -1.6510082
12732 -1.5569816
12752 -1.40027
12772 -1.2679359
12792 -1.0694349
12812 -0.86048627
12832 -0.7002924
12853 -0.48786145
12873 -0.23015828
12893 0.079781964
12913 0.4280295
12933 0.81806666
12952 1.054875
12973 1.2533761
12992 1.6120709
13014 1.7827125
13032 1.7722648
13053 1.7026153
13073 1.5772462
13093 1.3613325
13113 1.0583574
13133 0.6787676
13155 0.1912211
13173 -0.23015837
13193 -0.6062657
13213 -1.1599792
13233 -1.6022537
13253 -1.846027
13273 -2.0097032
13293 -2.037563
13313 -1.8390619
13333 -1.5465341
13352 -1.2400761
13373 -0.90575844
13393 -0.49830896
13413 -0.024692448
13434 0.51509124
13453 1.0792522
13473 1.4414296
13493 1.6399307
13513 1.8767391
13533 2.1205122
13553 2.1518548
13573 1.9220113
13592 1.6155534
13612 1.2185515
13632 0.7205575
13653 0.21908106
13673 -0.24060574
13694 -0.56795835
13713 -0.7978016
13732 -1.1773914
13752 -1.6684207
13772 -1.9957733
13792 -2.0271156
13812 -1.9435359
13832 -1.7972721
13854 -1.6057361
13873 -1.4211649
13893 -1.2331113
13913 -0.9997855
13933 -0.7211874
13953 -0.4042822
13973 -0.028174834
13993 0.3827572
14012 0.61608315
14033 0.776277
14052 1.0513926
14072 1.3230256
14092 1.3891926
14112 1.267306
14132 1.0235327
14152 0.8076193
14173 0.60215324
14192 0.27480048
14213 -0.14657897
14234 -0.4565193
14252 -0.7142225
14273 -1.1321194
14293 -1.567429
14312 -1.8112019
14332 -1.8808514
14353 -1.7903072
14372 -1.6196659
14392 -1.3758928
14412 -1.0763997
14432 -0.756012
14452 -0.35552743
14472 0.07281702
14492 0.6056357
14512 1.1872091
14533 1.6434134
14552 1.8628094
14572 2.0160384
14593 2.1971269
14612 2.2528465
14632 2.071758
14652 1.7827125
14672 1.3891927
14694 0.9504006
14713 0.44892424
14733 -0.024692448
14754 -0.38686988
14773 -0.6236782
14793 -0.88486385
14813 -1.3062433
14832 -1.6440433
14853 -1.7415525
14872 -1.6161835
14892 -1.3654453
14913 -1.0868472
14933 -0.7873544
14953 -0.5331337
14972 -0.278913
14992 0.058887135
15013 0.45588934
15032 0.87726885
15052 1.1663142
15072 1.3299905
15092 1.4727721
15114 1.5981411
15133 1.7026156
15152 1.7269927
15172 1.6294833
15192 1.3752627
15213 1.0026379
15232 0.56732845
15252 0.10415923
15273 -0.15702643
15293 -0.31373784
15313 -0.58188844
15333 -0.94406587
15353 -1.2540063
15373 -1.4107175
15393 -1.4629548
15412 -1.3758928
15432 -1.0903298
15452 -0.69332767
15473 -0.18488632
15493 0.22256322
15512 0.6265304
15533 1.086217
15553 1.605106
15572 2.0856874
15593 2.3991103
15613 2.4966197
15634 2.6742256
15653 2.9737184
15673 3.1373947
15693 2.945859
15713 2.573234
15732 2.2006094
15753 1.8175372
15773 1.3369555
15793 0.85289156
15814 0.45937183
15833 0.2573883
15853 -0.0037974445
15873 -0.45651913
15892 -0.8848636
15912 -1.0206802
15932 -0.9266533
15953 -0.7838719
15973 -0.66198534
15993 -0.5052739
16013 -0.3381152
16033 -0.12568413
16053 0.14943141
16072 0.43499443
16092 0.7344873
16112 1.0513926
16133 1.2150689
16154 1.41357
16173 1.692168
16193 1.956836
16213 2.1344423
16232 2.2145395
16252 2.204092
16273 2.043898
16292 1.7235107
16312 1.3230257
16333 0.98870796
16352 0.776277
16374 0.37927482
16392 -0.17792112
16412 -0.6585027
16432 -0.961478
16452 -1.1216719
16473 -1.180874
16492 -1.0380925
16513 -0.6933275
16532 -0.28936023
16552 0.024062503
16574 0.33052024
16593 0.7310049
16613 1.2324814
16633 1.7827125
16652 2.2458816
16672 2.433935
16693 2.5697517
16712 2.729946
16733 2.7926302
16753 2.628954
16772 2.3677683
16792 2.057828
16812 1.699133
16833 1.2638236
16853 0.74841726
16874 0.28524807
16892 0.013615001
16912 -0.23015828
16932 -0.5714409
16953 -0.9266533
16973 -1.1495318
16994 -1.1808741
17013 -1.0903298
17033 -0.96844316
17053 -0.857004
17073 -0.73163486
17092 -0.5296512
17113 -0.2022985
17133 0.17032641
17153 0.5882234
17173 1.1001471
17192 1.6468956
17212 1.9672834
17232 2.270259
17252 2.6289537
17273 2.879692
17293 2.966754
17313 2.8448675
17333 2.5314445
17353 2.1344423
17373 1.7235104
17393 1.2812358
17413 0.8285143
17434 0.44892442
17453 0.051922277
17472 -0.3172201
17492 -0.62019545
17514 -0.87789863
17532 -1.0380925
17552 -0.95799565
17573 -0.81869674
17592 -0.68288016
17612 -0.53313375
17632 -0.31373787
17653 0.020579772
17672 0.403652
17692 0.79020673
17712 1.3125781
17732 1.8662914
17752 2.2807062
17773 2.6637785
17793 3.0050607
17813 3.0816755
17833 2.8866568
17852 2.541892
17873 2.110065
17893 1.5842112
17913 1.0165678
17934 0.41758206
17955 -0.014244773
17973 -0.31025523
17993 -0.81869656
18012 -1.3375853
18033 -1.612701
18053 -1.5987712
18073 -1.4490247
18092 -1.2331113
18112 -0.9545132
18132 -0.6654678
18152 -0.40776452
18172 -0.24757065
18192 -0.04906958
18212 0.23997584
18232 0.5847409
18253 0.9190586
18272 1.082735
18293 1.141937
18313 1.3299906
18332 1.545904
18354 1.6294837
18372 1.5006318
18393 1.326508
18412 1.2046214
18432 1.1976565
18454 1.128007
18472 0.9225409
18494 0.6752853
18512 0.45937175
18532 0.10764174
18552 -0.23015828
18572 -0.4600016
18592 -0.54009855
18612 -0.543581
18632 -0.543581
18652 -0.557511
18672 -0.51572126
18692 -0.36945724
18712 -0.05603452
18732 0.37927487
18752 0.85637397
18773 1.3230256
18792 1.75137
18812 2.0682752
18833 2.2807062
18852 2.601094
18874 2.8448675
18893 2.8239725
18912 2.6324363
18933 2.3329432
18952 1.956836
18972 1.4797368
18993 0.9434357
19015 0.52902114
19032 0.29569528
19052 0.05888692
19072 -0.3764225
19092 -0.7943195
19112 -0.9684433
19133 -0.96844333
19152 -0.8639691
19172 -0.72467005
19193 -0.5157214
19212 -0.31025532
19233 -0.14309649
19252 0.04495716
19273 0.28873044
19295 0.57777596
19313 0.8772688
19333 1.134972
19353 1.3439206
19373 1.6434134
19393 1.9777309
19412 2.249364
19432 2.367768
19452 2.3120487
19472 2.1274774
19493 1.9359412
19512 1.7339574
19532 1.4553593
19553 1.1558666
19574 0.9051284
19593 0.5290212
19613 0.06933455
19632 -0.36597478
19652 -0.70377487
19673 -0.9127235
19693 -0.982373
19714 -0.92317086
19733 -0.80128425
19753 -0.6619852
19773 -0.52616864
19793 -0.37990466
19812 -0.14657897
19833 0.16684376
19853 0.5951882
19873 1.0653224
19892 1.41357
19912 1.5842113
19932 1.6782383
19952 1.77923
19973 2.0369332
19993 2.3190134
20012 2.350356
20032 2.0822053
20052 1.5528693
20073 0.87726885
20092 0.25738832
20112 -0.08737672
20134 -0.17443861
20154 -0.19533344
20172 -0.30329016
20193 -0.62367785
20212 -1.04854
20233 -1.1913215
20253 -1.0450575
20272 -0.57492346
20292 -0.04906962
20312 0.29917786
20332 0.35837987
20352 0.3061428
20373 0.23649336
20393 0.24694079
20412 0.28873044
20432 0.36882737
20452 0.4036522
20472 0.35838005
20493 0.19470362
20512 0.07281702
20532 0.15291396
20553 0.38972232
20572 0.50812644
20592 0.48026657
20612 0.37579232
20632 0.28176558
20653 0.20166865
20672 0.18077382
20692 0.26435316
20713 0.37927487
20732 0.44544184
20752 0.37579232
20772 0.25390574
20792 0.24694079
20813 0.32355526
20832 0.3653449
20852 0.417582
20872 0.5359861
20892 0.60911804
20912 0.636978
20932 0.6300131
20952 0.72752243
20972 0.8807514
20992 0.95388323
21013 0.88075125
21033 0.79717183
21053 0.79020697
21074 0.7936895
21093 0.82154936
21113 0.8668215
21133 0.87726885
21153 0.88075125
21173 0.77975947
21193 0.6648378
21213 0.67180276
21232 0.78672445
21253 0.8633388
21273 0.84940886
21293 0.83547896
21313 0.7762768
21333 0.6926975
21353 0.63001305
21373 0.6021532
21393 0.5290212
21412 0.45588925
21432 0.3688273
21453 0.36186236
21473 0.417582
21493 0.48026657
21513 0.48723152
21532 0.6021532
21552 0.7101098
21572 0.72752213
21594 0.6474253
21656 0.6300129
21656 0.69966245
21656 0.83199656
21673 0.8772688
21695 0.80761933
21729 0.7449348
21734 0.7066276
21754 0.6300132
21786 0.62304825
21793 0.68921524
21840 0.79020697
21841 0.8319967
21853 0.7693121
21872 0.6265306
21892 0.51857376
21912 0.5150913
