1072 1.107112
1412 1.2394464
1532 1.3195434
1572 1.323026
1892 0.9120935
2073 1.2115865
2152 1.2498937
2312 1.1906918
2433 1.2011392
2512 1.2568587
2592 1.2673062
2692 1.2464111
2773 1.1837262
2852 1.1175593
2952 0.98522526
3052 0.97129536
3112 1.0096027
3212 1.04791
3252 1.0513924
3593 0.8772688
3693 0.8528913
3872 0.9295059
3933 0.9608482
4112 0.7553821
4233 0.83199656
4272 0.8389614
4352 0.83547896
4552 0.8911985
4713 1.2847182
4892 1.5250095
5213 0.7693119
5592 3.064263
6132 3.6249418
6732 3.8025477
7232 3.5518103
7752 4.345814
8232 4.203033
8772 3.6214592
9272 3.0015786
9832 2.071758
10332 2.7926302
10892 1.9812135
11412 2.2249868
11973 1.3961575
12472 2.9005868
13014 1.7827125
13553 2.1518548
14092 1.3891926
14612 2.2528465
15152 1.7269927
15673 3.1373947
16232 2.2145395
16733 2.7926302
17293 2.966754
17813 3.0816755
18354 1.6294837
18632 -0.543581
18874 2.8448675
19432 2.367768
20012 2.350356
20332 0.35837987
20452 0.4036522
20572 0.50812644
20732 0.44544184
20912 0.636978
20992 0.95388323
21153 0.88075125
21253 0.8633388
21572 0.72752213
21673 0.8772688
21841 0.8319967
