1152 0.91905844
1452 1.1941743
1553 1.3125786
1833 0.87378615
1933 0.88075125
2112 1.1872091
2253 1.107112
2372 1.1349721
2453 1.1906918
2552 1.235964
2652 1.1941739
2733 1.0966645
2832 1.1036294
2932 0.9782603
2992 0.8842335
3072 0.9643303
3132 1.0026377
3232 1.0479099
3473 0.80065435
3632 0.83896154
3752 0.77627677
3892 0.915576
4092 0.75189966
4152 0.7344873
4253 0.8319965
4312 0.8250315
4453 0.7588646
4573 0.8842335
4753 1.2359636
5113 0.6265303
5373 -0.080412
5392 -0.080412
5853 -1.1251546
6392 -1.8912988
6953 -1.5186741
7473 -1.1669441
7972 -0.895311
8472 -0.2754306
9013 -0.50527406
9532 -0.95103055
10072 -1.135602
10572 -1.5569816
11153 -1.685833
11654 -1.3689281
12212 -1.5186744
12712 -1.6510082
13293 -2.037563
13792 -2.0271156
14332 -1.8808514
14853 -1.7415525
15393 -1.4629548
15912 -1.0206802
16473 -1.180874
16994 -1.1808741
17532 -1.0380925
18033 -1.612701
18612 -0.543581
18652 -0.557511
19133 -0.96844333
19693 -0.982373
20233 -1.1913215
20373 0.23649336
20512 0.07281702
20672 0.18077382
20792 0.24694079
20932 0.6300131
21053 0.79020697
21193 0.6648378
21453 0.36186236
21656 0.6300129
21786 0.62304825
