345 9.64714
345 9.73336
345 9.6758795
346 9.589658
346 9.72378
346 9.618399
347 9.733359
347 9.72378
362 9.704619
591 9.714199
592 9.560919
593 9.71899
593 9.627978
594 9.64714
595 9.69983
596 9.651929
596 9.642349
597 9.74294
598 9.6758795
599 9.63277
638 9.67109
639 9.699829
999 9.77647
999 9.733359
999 9.656719
1000 9.73815
1000 9.671089
1005 9.656719
1005 9.72857
1005 9.742939
1006 9.7621
1006 9.71899
1007 9.532178
1007 9.527389
1008 9.6184
1008 9.671089
1008 9.627979
1009 9.623189
1009 9.85311
1009 9.6615095
1011 9.72378
1134 9.74773
1134 9.690249
1134 9.584868
1134 9.532178
1134 9.642349
1134 9.6758795
1159 9.68546
1182 9.738151
1189 9.594449
1208 9.72378
1228 9.651929
1248 9.536968
1268 9.536968
1288 9.72378
1308 9.690249
1328 9.74773
1348 9.647139
1369 9.671089
1389 9.685459
1409 9.690249
1429 9.65193
1449 9.70941
1470 9.642348
1490 9.728569
1510 9.690249
1530 9.690249
1555 9.675879
1571 9.685459
1590 9.69983
1610 9.6758795
1631 9.666299
1660 9.718989
1675 9.690249
1691 9.77168
1711 9.627978
1731 9.575288
1752 9.714199
1773 9.627979
1793 9.656719
1815 9.651929
1865 9.651929
1865 9.6758795
1873 9.73815
1893 9.479488
1913 9.666299
1933 9.680669
1953 9.637559
1977 9.647139
1993 9.685459
2013 9.74773
2034 9.570498
2055 9.68067
2074 9.556128
2094 9.7812605
2114 9.6758795
2134 9.656719
2154 9.632769
2174 9.65193
2195 9.728569
2215 9.6758795
2235 9.656719
2255 9.642349
2276 9.695039
2295 9.632769
2316 9.637559
2336 9.642349
2356 9.656719
2376 9.747729
2396 9.829161
2416 9.766891
2437 9.637559
2457 9.671089
2477 9.69983
2497 9.704619
2517 9.7142
2537 9.752521
2557 9.77168
2578 9.814791
2598 9.699829
2618 9.718989
2638 9.637559
2659 9.604029
2678 9.78605
2698 9.685459
2718 9.695039
2738 9.70941
2760 9.75731
2779 9.699829
2799 9.704619
2819 9.77168
2839 9.575288
2861 9.627978
2882 9.671089
2904 9.819581
2927 9.70941
2940 9.81479
2961 9.75731
2980 9.647139
3000 9.733359
3021 9.77647
3041 9.7812605
3062 9.75731
3082 9.714199
3102 9.68067
3122 9.709409
3142 9.728569
3163 9.699829
3182 9.699829
3202 9.7142
3223 9.75252
3243 9.6184
3263 9.68546
3283 9.68067
3303 9.690249
3323 9.73815
3343 9.6615095
3363 9.72378
3384 9.75731
3404 9.680669
3424 9.72378
3444 9.685459
3464 9.651929
3484 9.6663
3504 9.666299
3525 9.68546
3545 9.64714
3575 9.69983
3585 9.70941
3605 9.68546
3625 9.7812605
3645 9.580079
3666 9.73336
3686 9.656719
3706 9.627979
3726 9.68546
3746 9.7142
3766 9.627979
3787 9.72857
3807 9.6758795
3827 9.6758795
3847 9.766891
3867 9.6663
3888 9.733359
3908 9.608818
3927 9.666299
3948 9.699829
3968 9.72857
3988 9.6758795
4008 9.752521
4028 9.74294
4048 9.671089
4068 9.800421
4088 9.690249
4109 9.580079
4129 9.637559
4149 9.685459
4169 9.6663
4189 9.7621
4210 9.6758795
4230 9.680669
4251 9.690249
4270 9.70941
4290 9.68067
4310 9.69983
4330 9.695039
4352 9.75731
4373 9.833951
4402 9.704619
4411 9.79563
4431 9.78605
4453 9.680669
4471 9.72378
4491 9.671089
4511 9.656719
4531 9.618399
4556 9.86748
4572 9.70462
4595 9.800421
4613 9.695039
4638 9.690249
4655 9.690249
4675 9.599238
4695 9.690249
4713 9.75252
4734 9.728569
4762 9.728569
4774 9.75731
4794 9.7142
4814 9.699829
4834 9.608818
4856 9.7142
4879 9.77168
4896 9.83395
4920 9.651929
4936 9.69504
4957 9.699829
4978 9.72857
4996 9.647139
5017 9.690249
5043 9.69983
5061 9.637559
5079 9.575289
5098 9.680669
5122 9.75731
5152 9.73815
5163 9.690249
5179 9.6615095
5197 9.6758795
5217 9.70462
5237 9.6663
5259 9.6663
5278 9.7142
5298 9.69983
5318 9.74294
5338 9.67109
5359 9.70941
5378 9.6615095
5398 9.72857
5419 9.75252
5443 9.73815
5463 9.565709
5479 9.79084
5500 9.656719
5520 9.5561285
5546 9.77647
5563 9.73815
5580 9.6758795
5602 9.75731
5620 9.824371
5645 9.80521
5661 9.656719
5681 9.637559
5701 9.637559
5721 9.7621
5744 9.891431
5763 9.72857
5781 9.613608
5801 9.68067
5821 9.709409
5843 9.74773
5861 9.78605
5882 9.704619
5902 9.718989
5922 9.752521
5945 9.81
5963 9.69983
5982 9.800421
6002 9.642348
6022 9.752521
6044 9.78126
6063 9.766891
6083 9.7621
6103 9.75731
6123 9.75731
6151 9.685459
6169 9.6758795
6185 9.680669
6206 9.704619
6237 9.70941
6245 9.766891
6267 9.74294
6285 9.733359
6308 9.704619
6325 9.6758795
6346 9.666299
6366 9.78126
6385 9.613609
6405 9.742939
6425 9.71899
6446 9.690249
6466 9.80042
6487 9.733359
6506 9.642349
6528 9.671089
6550 9.72378
6567 9.7142
6587 9.704619
6607 9.786051
6627 9.7621
6649 9.613609
6668 9.5561285
6688 9.718989
6708 9.623189
6732 9.69983
6748 9.81
6768 9.74294
6788 9.70941
6809 9.75252
6831 9.74294
6850 9.79563
6869 9.77168
6889 9.81
6910 9.76689
6933 9.69983
6950 9.800421
6970 9.6663
6990 9.642349
7010 9.75252
7031 9.7142
7054 9.733359
7071 9.7142
7091 9.74773
7111 9.79563
7133 9.718989
7151 9.637559
7174 9.74294
7191 9.661509
7211 9.651929
7233 9.74773
7252 9.68067
7273 9.76689
7292 9.80521
7312 9.627978
7337 9.570498
7357 9.68067
7373 9.79084
7393 9.79563
7413 9.709409
7434 9.752521
7454 9.690249
7473 9.651929
7494 9.690249
7515 9.695039
7539 9.72857
7556 9.891432
7575 9.77647
7596 9.800421
7615 9.671089
7637 9.6663
7660 9.671089
7675 9.69983
7695 9.747729
7715 9.733359
7735 9.747729
7756 9.77168
7775 9.733359
7796 9.651929
7816 9.69504
7837 9.584868
7856 9.690249
7876 9.76689
7897 9.83874
7919 9.805211
7937 9.599238
7957 9.613608
7977 9.580078
7997 9.996812
8019 9.7621
8037 9.671089
8057 9.814791
8077 9.81
8097 9.6615095
8119 9.72378
8159 9.7812605
8159 9.72378
8178 9.81958
8198 9.79563
8219 9.82437
8239 9.656719
8258 9.733359
8278 9.68067
8299 9.580078
8319 9.699829
8339 9.74773
8360 9.79084
8379 9.7812605
8399 9.75731
8420 9.685459
8440 9.608818
8460 9.72378
8480 9.68067
8500 9.814791
8521 9.70941
8541 9.73336
8561 9.699829
8581 9.6758795
8601 9.73815
8621 9.7621
8643 9.80042
8661 9.77647
8682 9.805211
8702 9.905801
8722 9.6758795
8743 9.517808
8762 9.503438
8782 9.551338
8802 9.651929
8823 9.762099
8843 9.604029
8863 9.699829
8883 9.747729
8903 9.77647
8923 9.690249
8944 9.608819
8964 9.7142
8984 9.714199
9004 9.977652
9024 9.80521
9044 9.78605
9064 9.69983
9084 9.517808
9105 9.661509
9125 9.6758795
9145 9.915381
9165 10.178833
9185 12.933106
9205 10.1117735
9225 8.095166
9246 8.780142
9266 10.274634
9286 9.862691
9306 10.418335
9326 9.474698
9347 9.0148535
9367 9.915381
9387 10.025552
9408 10.154883
9427 8.698711
9447 10.265054
9467 9.929751
9488 9.2256155
9508 11.481725
9529 12.28166
9549 10.5764065
9568 8.368198
9588 10.581197
9609 9.80521
9628 9.594449
9648 9.747729
9668 9.829161
9689 9.76689
9712 9.747729
9729 9.81479
9749 9.685459
9769 9.74773
9789 9.786051
9810 9.79563
9830 9.877061
9850 9.79563
9870 9.728569
9890 9.733359
9910 9.695039
9932 9.73815
9951 9.718989
9971 10.121353
9991 9.6758795
10011 9.80042
10032 9.9920225
10052 9.6615095
10072 9.637559
10092 9.70941
10112 9.651929
10132 9.604029
10152 9.881851
10172 9.642348
10193 9.742939
10213 9.642349
10233 9.71899
10253 9.68067
10274 9.75252
10293 9.77168
10314 9.704619
10334 9.7812605
10354 9.77168
10374 9.6758795
10394 9.671089
10414 9.747729
10435 9.77647
10455 9.747729
10475 9.75252
10495 9.685459
10515 9.7621
10535 10.183623
10555 8.358619
10575 10.882969
10597 7.688013
10616 8.291557
10636 10.5620365
10656 11.884088
10676 12.928316
10697 13.124707
10716 9.996812
10736 11.194322
10757 10.791959
10777 9.77168
10798 10.447075
10817 10.99793
10838 11.831397
10857 12.674444
10877 12.5738535
10898 12.291241
10918 12.166699
10938 11.285333
10958 12.13317
10978 13.594131
10999 14.0300255
11019 14.039604
11039 13.939014
11059 13.273199
11079 12.430152
11100 12.593014
11121 13.1438675
11141 12.808565
11160 12.655284
11180 12.487633
11201 12.712765
11222 12.664864
11241 12.636124
11261 12.770245
11281 12.961846
11302 13.34984
11322 13.608501
11342 13.642032
11362 13.431271
11382 13.977335
11403 14.734161
11422 14.906602
11443 14.303057
11462 13.53186
11483 12.889996
11503 11.821816
11523 10.921289
11543 10.595567
11563 10.619517
11585 10.849439
11604 11.165582
11625 11.352393
11644 11.156002
11666 10.729688
11685 10.93087
11703 12.827724
11725 12.037369
11745 11.108101
11765 10.844648
11785 10.207574
11805 9.972862
11825 9.479487
11846 9.378897
11866 9.992022
11888 11.122471
11906 12.027789
11926 13.26841
11947 12.755875
11966 11.611055
11988 11.481724
12007 12.612173
12028 13.167818
12049 13.067227
12068 14.121037
12089 14.57609
12107 14.322217
12128 14.250367
12148 14.786851
12169 16.913628
12194 13.6995125
12208 10.466236
12230 7.414981
12250 6.6677346
12269 8.104746
12289 10.126143
12308 10.830279
12329 6.763536
12350 4.205654
12370 9.72857
12390 23.298752
12414 13.38816
12431 10.169253
12452 12.698394
12473 11.524835
12490 10.624307
12510 11.122471
12535 11.218271
12550 9.70462
12570 9.901011
12596 12.046948
12612 11.951147
12632 11.845767
12661 12.070899
12672 12.228971
12693 11.702066
12719 12.300821
12732 11.984678
12753 12.4541025
12778 12.15712
12795 12.473263
12812 12.942686
12832 12.602592
12852 12.444523
12872 12.415782
12894 10.777588
12913 -1.7292042
12934 12.707974
12955 11.505674
12974 8.229287
12994 7.6065826
13015 6.6198344
13034 8.746612
13055 14.68147
13078 11.9128275
13094 8.425679
13115 11.649376
13135 11.639795
13155 13.081596
13177 14.279107
13197 12.798985
13215 11.02667
13235 10.260263
13255 9.920172
13275 9.872272
13295 8.62207
13316 8.54064
13336 8.435259
13356 8.353828
13378 8.866364
13396 10.001602
13418 11.251802
13440 11.951148
13458 10.8925495
13479 9.80042
13497 9.982441
13518 11.03625
13538 12.276871
13558 12.434941
13579 11.836187
13598 13.091177
13620 14.063556
13639 13.939014
13659 13.239669
13679 12.866045
13699 12.913946
13719 12.367882
13740 10.97877
13761 9.68067
13781 9.110655
13801 10.657837
13820 12.1667
13840 13.153447
13860 12.822935
13881 12.19544
13901 12.473262
13921 13.36421
13943 13.019327
13960 12.636124
13981 12.310401
14001 11.716436
14022 11.596684
14042 11.687696
14065 12.21939
14082 12.6936035
14102 11.606265
14122 10.729689
14143 10.332114
14163 11.127261
14183 12.597803
14202 13.2492485
14222 12.406201
14242 11.06978
14262 9.73336
14282 9.996812
14303 11.730806
14323 12.367882
14343 11.01709
14363 10.356065
14383 11.759546
14404 14.034815
14423 12.549903
14444 10.471026
14465 9.335786
14484 9.177715
14504 10.585987
14524 10.657838
14544 9.74773
14566 9.0004835
14589 8.54543
14606 8.914263
14625 10.212364
14645 11.314073
14666 11.630215
14686 11.452984
14706 11.333233
14727 11.893667
14747 12.214601
14768 12.104429
14788 11.831397
14807 11.251802
14827 10.121353
14847 8.52148
14868 6.849756
14887 6.5479836
14908 8.032895
14928 11.098521
14949 15.213164
14968 16.492105
14988 16.099321
15009 15.88856
15028 15.577208
15049 14.322217
15069 12.434942
15089 11.620635
15109 11.879297
15130 12.420572
15149 10.648257
15171 8.071216
15190 6.8401766
15209 7.826924
15230 9.278306
15250 10.260264
15271 9.671089
15290 9.278306
15310 8.885523
15332 8.689131
15351 8.463999
15370 8.272398
15392 8.487949
15411 9.230406
15432 9.800421
15451 9.953702
15472 10.207574
15492 10.849439
15512 11.266172
15533 10.97398
15556 11.840977
15572 12.684025
15593 13.100758
15613 12.688814
15632 12.420572
15655 11.639795
15673 11.045831
15695 11.09852
15713 11.7930765
15733 12.444522
15754 12.439732
15774 12.5882225
15795 12.511582
15814 12.995377
15834 13.522281
15856 13.958174
15875 13.996494
15898 13.105547
15916 11.769126
15934 10.284214
15958 11.0123005
15975 10.662627
15996 7.515572
16016 3.3386574
16036 3.4105082
16057 4.3637257
16076 6.251001
16098 8.487949
16116 9.3309965
16137 9.340576
16158 8.933423
16182 9.6615095
16197 10.054293
16218 9.489068
16241 8.684341
16259 7.831714
16278 7.788604
16303 9.297466
16318 11.151212
16339 12.16191
16364 12.458892
16378 11.505674
16399 10.95961
16426 11.299703
16438 11.812238
16459 12.19544
16479 12.305611
16499 11.984678
16520 10.566826
16539 9.249565
16560 7.1036286
16581 5.134922
16600 3.4631982
16621 2.48603
16640 2.48603
16660 2.567461
16681 2.6441011
16701 3.041675
16722 3.5015187
16742 4.8139896
16763 6.265372
16781 7.501201
16801 7.6161623
16822 8.368198
16845 9.307046
16862 6.9742966
16882 4.89542
16903 5.0487013
16922 6.5384035
16946 9.311836
16963 12.549903
16983 15.428717
17003 14.954502
17024 12.660074
17046 11.424244
17063 11.314074
17084 12.4684725
17103 13.416901
17125 13.009747
17146 11.5535755
17164 10.212364
17184 9.335786
17205 9.465117
17226 10.399175
17252 10.5620365
17265 10.174044
17285 9.378897
17306 8.080796
17325 7.4437213
17348 7.769443
17365 8.756192
17386 9.81479
17406 9.206455
17426 7.7454934
17448 6.945557
17467 7.209009
17486 8.535851
17507 9.637559
17526 9.536968
17547 8.933423
17567 8.837622
17587 9.7812605
17608 10.676997
17627 10.744058
17648 9.9920225
17667 9.560918
17688 9.536968
17708 10.083033
17727 10.178834
17749 9.829161
17769 9.220825
17789 8.60291
17808 6.7779055
17832 4.191284
17849 3.5733695
17869 5.0247517
17889 4.7421393
17910 4.0906935
17930 3.9613628
17950 4.718189
17970 6.8066454
17991 9.005274
18011 10.375225
18030 10.657838
18050 10.633887
18071 10.700948
18093 10.049502
18111 9.474698
18133 9.484278
18151 9.560918
18172 9.608818
18192 9.522598
18213 10.015972
18232 11.520044
18258 12.731925
18272 13.167818
18292 12.463682
18314 11.510465
18334 11.060201
18352 10.87818
18374 10.811119
18393 10.753638
18414 11.251802
18434 10.969191
18453 11.558365
18475 12.090059
18494 12.013419
18516 9.996812
18535 7.970626
18556 6.6054635
18575 7.4245605
18594 8.3250885
18614 8.909473
18636 8.301138
18659 8.52627
18675 8.851993
18696 9.072334
18715 9.148975
18736 9.5561285
18755 10.030342
18791 10.547667
18796 10.260264
18815 10.408755
18836 11.979888
18856 12.099639
18876 11.726017
18897 11.524834
18917 12.554693
18938 13.201348
18956 12.262501
18978 11.290123
18998 10.868599
19017 12.329561
19038 14.279107
19058 14.537769
19078 13.067227
19098 10.241104
19118 7.37187
19138 6.5575633
19159 5.8965387
19180 7.3335505
19199 8.804092
19219 8.842413
19239 9.139395
19259 8.53585
19279 7.9993653
19300 7.597002
19322 7.2329597
19339 7.582632
19360 8.210127
19381 7.779024
19400 7.6592727
19423 7.9945755
19440 10.145303
19460 13.210928
19481 15.8310795
19502 16.137642
19523 14.853911
19541 13.172608
19561 14.341377
19583 18.657204
19602 20.57322
19623 16.654966
19642 14.829962
19663 16.243023
19685 14.997613
19702 12.535533
19724 13.618082
19742 11.400293
19762 7.0509377
19783 3.2428565
19803 2.711162
19829 5.240303
19843 7.664063
19864 10.432705
19891 11.658956
19904 10.188414
19926 8.52627
19953 8.794512
19964 7.6401124
19985 5.7863674
20010 8.4161
20025 11.093731
20045 9.68546
20066 11.108101
20086 9.80521
20106 11.817026
20127 13.067226
20147 11.869718
20166 11.448193
20186 14.025234
20206 13.345049
20227 11.045831
20247 9.081915
20266 8.339458
20287 9.192085
20307 11.697275
20328 11.644586
20348 10.087823
20367 8.56459
20387 7.8748245
20413 8.53106
20429 10.231524
20448 10.255474
20468 8.387359
20489 8.416099
20511 9.398057
20528 9.364527
20548 9.848321
20569 10.720108
20591 10.98835
20611 9.302256
20629 9.340576
20650 10.011182
20669 10.475815
20690 12.022999
20712 12.003839
20729 12.468472
20750 11.836187
20770 13.301939
20790 16.487316
20816 17.886005
20837 15.558048
20851 12.530743
20871 10.001602
20891 9.84832
20913 10.696157
20931 10.811119
20953 10.605146
20971 10.815908
20993 10.427916
21013 11.242222
21032 10.92608
21052 10.605147
21073 10.93087
21094 11.879297
21114 12.727135
21132 12.506793
21153 13.1438675
21173 13.895905
21193 15.241905
21215 15.89814
21233 15.007193
21254 13.397739
21275 10.681788
21294 8.698711
21314 8.813672
21335 16.099323
21354 18.604511
21374 15.696959
21394 11.975098
21415 10.633887
21435 10.782379
21455 10.667418
21476 9.814791
21495 9.383687
21516 10.001602
21537 10.145304
21556 11.510464
21577 11.692486
21596 10.676998
21617 9.062754
21636 7.4676714
21656 7.228169
21676 8.368198
21697 10.3512745
21717 12.770245
21738 14.159355
21759 15.749649
21779 17.282461
21797 18.810484
21817 16.77472
21838 13.766573
21858 11.936778
21879 13.637241
21901 17.838106
21920 19.126625
21938 16.271763
21959 12.061319
21983 9.369316
22001 8.382568
22019 8.377779
22039 9.5561285
22061 11.251802
22079 12.367882
22099 13.158238
22119 12.248131
22139 11.361973
22160 10.609938
22179 10.188414
22200 9.273517
22220 9.74773
22242 10.94045
22263 12.15233
22282 13.273199
22303 14.283897
22322 14.422809
22342 14.552139
22362 13.843214
22382 13.254039
22403 12.056529
22423 13.445641
22442 16.137642
22462 16.8322
22482 15.380816
22503 11.414663
22522 8.392149
22543 8.186176
22563 9.460327
22584 11.0123005
22605 11.462564
22623 11.194323
22644 11.060201
22664 11.970308
22683 12.971426
22704 11.654165
22723 10.566827
22744 9.656719
22766 9.254356
22785 9.800421
22806 10.255474
22826 11.390713
22846 13.019327
22865 14.801222
22885 17.205822
22906 17.972227
22927 18.111137
22960 16.559166
22967 17.315992
22985 21.588707
23006 23.629263
23027 22.177881
23046 18.16383
23067 14.178516
23088 11.218272
23112 8.5502205
23129 7.070098
23147 7.2185893
23167 9.024434
23188 11.778707
23209 13.440851
23228 14.307848
23250 12.856465
23268 10.854229
23288 10.6817875
23309 10.130934
23328 10.303374
23349 11.079361
23369 12.219391
23389 13.119917
23409 13.40732
23429 13.848003
23450 14.494659
23475 16.468155
23492 16.990269
23510 15.864611
23537 14.715
23550 15.629898
23573 16.448996
23597 15.237115
23610 12.482842
23631 11.462564
23656 12.396622
23671 12.502003
23695 11.941568
23717 11.366763
23731 11.05541
23753 10.782378
23771 10.336905
23793 10.2315235
23812 10.284214
23833 10.197993
23854 10.380015
23872 10.720108
23893 11.01709
23913 11.299703
23933 13.100758
23954 14.207256
23974 14.101875
23995 13.268409
24013 13.560601
24033 15.280226
24053 17.914745
24074 17.402214
24094 14.59046
24116 13.848003
24135 16.175964
24156 17.876427
24174 16.650177
24195 12.712765
24216 9.216036
24235 7.764654
24256 8.646021
24275 10.542877
24296 11.491304
24316 12.296031
24339 12.760664
24357 12.798985
24376 12.497212
24396 11.749966
24416 12.066109
24438 12.5882225
24456 13.646822
24476 14.111456
24497 14.053975
24517 13.948595
24538 13.824053
24557 14.6000395
24578 15.189215
24598 15.088624
24619 13.929434
24638 12.358301
24658 13.134289
24679 15.208374
24698 15.720908
24719 14.844332
24739 14.1354065
24759 12.439733
24778 11.668536
24798 12.545113
24819 13.38816
24839 14.063555
24859 12.655284
24879 11.903248
24899 12.29603
24921 13.033697
24941 12.061319
24961 10.777588
24982 9.489067
25000 9.541758
25020 8.698711
25041 9.187296
25061 10.854229
25082 13.091177
25101 12.573853
25122 12.765454
25141 13.230089
25161 12.985796
25183 13.009747
25202 12.1235895
25223 11.817026
25243 13.891113
25262 17.469273
25283 17.876427
25303 15.82629
25323 14.087505
25343 14.106666
25363 14.025235
25385 13.53186
25403 12.415782
25423 12.022999
25444 11.539205
25464 11.017091
25486 11.108101
25504 10.978769
25524 11.711645
25545 13.129498
25564 13.37858
25586 14.235996
25605 15.567627
25625 16.195122
25646 16.03226
25665 15.946041
25687 15.122154
25706 14.940132
25726 13.675562
25746 11.912828
25766 8.919053
25790 10.93087
25810 16.439415
25827 18.930235
25847 17.641714
25866 13.895905
25891 11.323652
25908 10.116563
25927 10.672207
25948 13.000166
25967 13.50312
25987 12.406202
26008 12.0182085
26028 12.382252
26049 12.502003
26071 11.769126
26088 10.844649
26109 10.207574
26129 10.700948
26151 10.442286
26171 11.1176815
26189 11.994259
26210 13.819263
26229 14.992823
26251 15.3664465
26271 15.639479
26292 14.897022
26309 15.76881
26329 16.396303
26350 16.362774
26371 18.939816
26390 20.477417
26411 18.556612
26430 14.997613
26452 12.28645
26474 9.829161
26491 8.147857
26512 7.568262
26531 8.042476
26551 8.847203
26572 10.183624
26593 10.772799
26613 10.284214
26633 11.390713
26653 13.306728
26673 13.158237
26692 12.564273
26713 12.846886
26734 13.445641
26753 14.144986
26774 14.877862
26795 14.858702
26816 14.901812
26834 14.408438
26854 13.934224
26874 13.158237
26894 12.23376
26915 12.899575
26935 14.782062
26955 15.371235
26976 14.681471
26995 13.052856
27016 12.075689
27038 11.850557
27055 11.644586
27076 11.275753
27096 10.447076
27122 11.194321
27138 12.511583
27156 13.167818
27183 13.105547
27197 12.449312
27217 10.835069
27242 9.589659
27259 8.684341
27276 8.727451
27303 9.915381
27317 11.515255
27340 12.554693
27363 13.316309
27378 14.547349
27400 15.318545
27418 15.706539
27438 16.171173
27462 17.086071
27478 17.727936
27499 18.590141
27519 20.352879
27539 20.381618
27560 18.063238
27579 15.433507
27600 13.642032
27619 11.673326
27639 10.538086
27660 9.872271
27679 10.758429
27702 12.1379595
27721 12.612173
27742 12.070899
27762 11.160791
27781 10.451866
27800 10.169253
27821 10.451866
27842 10.312954
27866 10.633887
27881 11.01709
27902 11.405083
27922 12.363091
27941 13.201347
27963 14.087505
27982 15.620317
28002 16.84657
28023 16.425045
28042 15.8167095
28064 17.699196
28083 19.188896
28103 18.609303
28123 14.441969
28143 11.050621
28164 9.422008
28185 9.541759
28203 9.589659
28223 10.193203
28244 10.538086
28265 11.06978
28284 10.8925495
28304 10.715318
28328 10.207573
28344 9.996813
28366 10.3512745
28385 10.566827
28405 10.590776
28426 11.242222
28446 12.28645
28465 13.4648
28487 14.54256
28507 14.55693
28532 13.943804
28546 13.062437
28566 11.960728
28588 11.716436
28606 12.046948
28626 13.105547
28646 15.9652
28668 18.37459
28686 17.296831
28706 13.531861
28726 11.060201
28747 9.699829
28767 8.957374
28789 9.522598
28808 11.213482
28829 12.19065
28850 13.268409
28868 13.5797615
28889 13.32589
28908 12.846886
28931 12.262501
28949 11.543995
28969 11.706856
28990 12.454102
29010 13.009747
29029 12.971427
29051 12.343931
29069 11.903248
29092 12.554693
29109 14.408438
29130 15.7736
29151 15.80234
29171 14.829962
29190 13.824054
29210 13.622871
29232 13.052857
29252 12.856465
29271 10.83507
29291 10.341695
29312 10.403965
29332 10.830278
29352 10.676997
29372 11.01709
29393 10.116563
29413 8.789722
29432 8.54064
29453 8.794512
29472 9.546549
29493 10.111773
29513 10.471025
29533 10.854229
29554 10.566826
29573 11.572735
29595 11.625425
29614 12.286451
29634 12.463682
29655 12.487633
29675 11.864927
29695 12.051739
29714 13.105547
29735 15.304175
29755 17.04296
29776 17.886007
29798 19.600842
29816 20.94205
29835 21.325254
29856 19.011665
29876 16.061
29896 13.263618
29917 11.11289
29939 10.365644
29957 10.265055
29977 10.384806
29996 10.006392
30017 8.933424
30040 8.272398
30057 8.358619
30078 8.229287
30097 8.660391
30118 10.609938
30140 13.186978
30158 14.379698
30178 14.226417
30202 14.451549
30218 14.528189
30240 15.75923
30258 16.659756
30279 16.779507
30301 14.839541
30320 13.828843
30341 12.870836
30359 14.614409
30380 17.06691
30400 16.343615
30419 13.6995125
30441 11.817026
30460 10.8925495
30481 11.769127
30500 12.15712
30520 11.496094
30541 11.151211
30560 11.357183
30582 11.419454
30602 11.429033
30623 11.290123
30643 10.772799
30661 10.049503
30682 10.356065
30702 10.811119
30727 11.874508
30749 13.177399
30766 14.758111
30783 15.74486
30803 16.089743
30827 15.318544
30843 14.5856695
30864 13.594131
30889 13.919855
30904 14.715
30923 15.419136
30950 18.28358
30963 18.638042
30984 17.004639
31009 15.184424
31024 14.116245
31043 13.4648
31065 12.13796
31086 11.520044
31105 12.1379595
31124 12.626544
31145 12.770245
31165 12.29603
31185 11.04583
31204 10.183624
31224 9.74773
31245 9.74294
31264 9.70941
31285 10.667418
31305 11.999048
31325 12.564273
31345 12.070899
31365 12.420572
31385 13.186978
31406 14.149776
31428 15.399977
31450 15.189215
31467 13.239668
31486 11.405083
31507 11.663746
31528 13.665983
31547 14.949713
31568 13.809683
31589 12.008629
31607 10.99314
31629 11.03146
31648 11.160791
31668 11.625425
31689 12.391831
31709 12.981007
31730 12.276871
31749 11.476934
31769 11.615845
31790 11.414663
31811 11.606266
31830 12.492422
31850 13.709093
31870 13.4169
31892 13.45522
31910 12.971426
31930 12.760664
31951 12.037369
31971 11.232641
31991 10.868599
32012 10.91171
32033 10.87818
32051 11.874508
32072 10.590776
32092 10.336905
32112 12.19544
32133 15.318545
32153 15.893351
32172 13.972545
32193 12.358301
32213 12.463682
32232 12.272081
32253 12.15712
32273 11.361973
32293 11.572735
32313 12.147539
32335 12.070899
32354 11.749966
32374 11.151211
32393 11.05062
32413 10.854229
32434 10.514136
32455 10.729689
32475 11.079361
32496 10.897339
32514 10.753638
32534 11.730806
32555 13.067227
32576 15.098204
32597 16.635807
32616 17.665665
32638 18.824856
32657 17.919537
32676 17.689615
32699 17.387842
32733 17.440533
32737 15.85503
32759 12.367882
32778 9.838741
32798 10.490187
32816 11.524834
32837 11.08415
32857 10.030342
32877 9.589659
32899 10.025553
32920 10.624308
32938 10.983561
32959 10.720108
32979 9.963282
32998 9.843531
33020 9.79084
33038 10.279425
33059 11.505674
33079 12.382252
33098 13.6995125
33120 14.6192
33139 14.456339
33159 14.235996
33179 14.049185
33199 13.915064
33219 15.079043
33239 15.922091
33259 17.579445
33280 19.945724
33300 20.113377
33321 17.296831
33341 14.355747
33363 12.784615
33382 11.917618
33406 11.170372
33422 11.05541
33441 11.658956
33463 11.769127
33482 11.936777
33503 11.678116
33524 11.132051
33543 10.744059
33563 10.528507
33583 10.3512745
33602 11.156001
33623 11.572735
33643 11.108101
33663 13.40732
33683 14.810802
33704 14.925762
33724 15.572418
33744 15.653849
33764 15.112574
33786 14.992823
33804 14.54735
33824 14.274317
33845 16.252604
33864 16.654966
33885 15.160474
33909 12.425362
33931 10.308165
33945 10.356065
33966 11.740387
33986 11.534415
34008 10.289004
34025 10.169253
34047 11.352393
34065 13.215718
34087 13.737833
34108 12.478052
34126 10.260264
34148 8.646021
34168 10.437495
34187 10.475816
34210 11.05541
34227 13.670773
34249 14.317428
34267 13.8192625
34292 13.277989
34313 13.555811
34335 14.68626
34347 14.844332
34368 15.371236
34389 15.514936
34409 16.501686
34428 17.680035
34448 17.977018
34469 16.137642
34489 13.747414
34511 12.564273
34530 11.630216
34549 10.724897
34569 10.830278
34589 10.581197
34610 10.768008
34629 11.385923
34651 12.353512
34670 12.21939
34690 11.663746
34711 11.668535
34731 11.711646
34750 11.864927
34772 12.343931
34791 13.48875
34811 14.609619
34832 15.443087
34853 15.385607
34873 15.342496
34892 15.601158
34912 15.289805
34932 14.446758
34953 13.373789
34974 11.821817
34992 12.602594
35013 13.785732
35034 15.701749
35054 16.03226
35074 14.336588
35093 9.359736
35113 7.6544824
35133 8.473579
35155 11.366764
35175 11.074571
35196 11.596685
35214 10.997931
35234 10.772799
35255 10.226734
35275 9.963282
35298 10.557247
35315 11.553575
35336 12.607384
35355 12.995377
35375 13.277988
35395 11.668535
35416 11.275753
35436 11.908037
35457 15.184424
35476 15.586788
35497 16.793879
35519 13.37379
35536 13.809684
35556 14.235997
35577 16.396305
35598 17.905167
35624 17.483643
35638 14.853912
35657 12.889996
35677 12.147539
35698 11.515255
35719 11.6733265
35739 12.478052
35760 12.731924
35779 12.832516
35798 12.741505
35819 11.745176
35839 11.409874
35860 11.136841
35880 10.542876
35899 9.74773
35923 9.541758
35939 10.2458935
35959 11.462564
35979 13.043277
35999 15.203585
36021 15.534098
36040 15.256275
36062 14.858702
36083 13.857583
36100 12.827724
36121 11.270962
36141 10.9165
36162 14.082716
36180 17.2154
36201 17.253721
36222 14.532979
36241 10.811119
36262 9.101075
36282 8.377779
36302 7.812554
36323 7.975415
36343 8.0999565
36364 9.393267
36384 11.414664
36402 13.000167
36423 13.531861
36443 12.899575
36463 11.951147
36485 10.605146
36503 10.183624
36524 10.720108
36543 11.759546
36564 11.912828
36585 11.702066
36604 11.994259
36625 12.712765
36646 13.45522
36666 12.966637
36686 12.640913
36705 12.703184
36726 13.747413
36748 14.279108
36765 15.045513
36787 16.889679
36807 17.703985
36827 16.094532
36846 13.172607
36868 11.797867
36904 11.520044
36910 11.735596
36927 11.639795
36947 11.697276
36966 12.650494
36988 13.311519
37008 12.822935
37027 11.505674
37048 10.514136
37067 9.872271
37088 9.330996
37108 8.49274
37128 8.358619
37150 8.339458
37172 8.890313
37189 9.493858
37209 9.920172
37229 9.560919
37249 8.689132
37269 7.836504
37289 6.988667
37309 6.581514
37330 8.176598
37350 9.6758795
37370 8.50711
37389 7.9610457
37410 8.052056
37430 10.092613
37451 11.678116
37474 12.032578
37490 11.486514
37512 10.475816
37530 8.55501
37551 8.669971
37573 10.097403
37591 11.03625
37611 10.629097
37631 9.575289
37652 9.786051
37672 9.153765
37693 9.513018
37712 10.245894
37733 9.934542
37754 8.880733
37774 8.732242
37792 9.144184
37813 10.054293
37833 10.777588
37854 11.591895
37876 12.099639
37893 11.936777
37915 11.064991
37935 10.197994
37954 9.896221
37979 10.413546
37994 11.405084
38015 11.884088
38034 12.22897
38055 12.688814
38077 13.234879
38096 13.958174
38116 14.144985
38136 13.052856
38155 10.969191
38176 10.054293
38196 10.360855
38216 10.820699
38236 11.515255
38256 12.650494
38277 14.183306
38296 15.241905
38319 15.534098
38337 14.509029
38357 13.206139
38377 12.24813
38398 11.936778
38417 12.27208
38437 13.028907
38458 13.426479
38480 13.852794
38498 14.327007
38518 13.9102745
38538 13.704302
38561 13.814474
38578 14.226417
38600 14.801221
38619 16.266972
38640 16.779507
38662 14.154566
38679 11.903248
38700 11.793077
38720 12.827724
38740 13.670773
38762 12.684025
38780 12.262501
38800 12.22418
38820 12.022999
38841 12.396622
38863 12.21939
38880 14.547349
38901 16.688498
38922 15.562838
38941 12.751084
38962 12.051739
38983 14.015655
39002 15.4861965
39024 14.4802885
39042 11.860137
39064 9.910591
39090 9.2256155
39104 9.580078
39122 10.150093
39144 10.078242
39163 9.675879
39184 9.541759
39205 8.923843
39224 8.952583
39243 9.570498
39265 10.274634
39284 10.887759
39304 11.922408
39323 12.664864
39361 13.522281
39364 15.170054
39385 15.8167095
39404 14.801221
39424 14.734161
39444 15.452666
39466 13.28278
39485 12.736714
39506 14.5856695
39527 17.981808
39546 18.403332
39565 16.693287
39586 14.580879
39606 12.851675
39627 10.657837
39649 9.584868
39665 8.966953
39686 8.46879
39706 9.134604
39727 9.72857
39746 11.175161
39767 11.773916
39787 11.242222
39806 10.96919
39827 11.635006
39847 13.43606
39867 14.5856695
39889 15.342496
39909 14.55693
39929 13.953384
39950 13.962965
39969 15.294596
39990 16.362774
40009 12.535533
40029 10.581197
40052 9.78605
40069 10.796748
40089 14.62399
40110 16.276554
40131 14.020445
40151 12.233761
40169 11.472144
40191 11.745176
40210 13.067227
40230 13.800103
40253 13.39295
40270 12.818145
40292 12.228971
40310 11.395503
40333 10.777588
40352 10.700948
40373 10.217154
40392 9.948912
40412 10.8925495
40431 11.496094
40453 12.5882225
40472 13.642033
40492 13.761783
40512 14.235996
40533 14.667101
40552 15.256275
40575 15.490988
40593 15.586788
40615 16.286133
40633 16.444206
40653 16.78909
40674 16.98069
40695 15.433507
40715 14.1497755
40733 12.315191
40755 10.293794
40775 9.057964
40795 9.005274
40814 10.413546
40835 12.315191
40859 12.664864
40876 11.884088
40897 10.997931
40915 10.533297
40936 10.494976
40962 11.165582
40977 11.922407
40996 12.779825
41016 12.415781
41038 12.842096
41056 13.766573
41078 15.208375
41116 17.196241
41116 18.096767
41139 18.087189
41157 15.75923
41178 13.4169
41197 13.948594
41217 15.601158
41239 15.720908
41257 15.792759
41277 16.094532
41298 15.586787
41318 14.053975
41339 11.04583
41358 9.599238
41379 9.4507475
41399 9.498648
41420 9.915381
41440 10.097403
41459 10.5764065
41480 11.227852
41501 10.705738
41521 10.638678
41540 10.451865
41559 11.831397
41580 13.934224
41600 14.887442
41621 15.467037
41640 16.286133
41662 16.185543
41681 15.567628
41700 14.691051
41721 13.905484
41741 13.819263
41763 17.421371
41782 21.224665
41801 20.592379
41822 17.526752
41858 14.758112
41862 13.134288
41882 11.338022
41903 10.150093
41922 10.442286
41943 11.261382
41963 11.893667
41983 11.979889
42003 12.022999
42023 11.999048
42043 12.037369
42065 12.779824
42085 14.101875
42105 15.117364
42128 15.668219
42144 15.409556
42165 14.408438
42185 14.111456
42205 14.341377
42227 14.844332
42245 14.676681
42266 12.731924
42285 11.831398
42306 12.339141
42328 11.290123
42348 10.638678
42366 14.3605385
42387 18.139877
42408 16.616646
42429 13.234879
42446 11.318863
42466 11.682905
42488 12.549904
42508 12.549903
42528 11.160791
42546 10.950029
42567 10.882969
42589 10.4566555
42608 10.293795
42630 11.242222
42649 13.019327
42668 14.456339
42689 15.926881
42710 16.597485
42729 16.180752
42749 15.419136
42770 15.356867
42789 14.935342
42810 14.978453
42830 15.079044
42849 15.716119
42871 16.712448
42890 17.09565
42909 15.955621
42931 14.590459
42950 13.134288
42970 12.013419
42990 11.01709
43010 9.469908
43031 9.134605
43051 9.920172
43071 10.600357
43091 11.00751
43111 11.361973
43131 11.232642
43151 11.021881
43171 11.060201
43192 11.510464
43211 12.104429
43232 12.387041
43253 12.29603
43272 11.793077
43292 12.15233
43314 12.880416
43333 14.897022
43353 16.827408
43373 16.439415
43394 14.418018
43416 14.173726
43433 17.526752
43455 17.756676
43473 14.7054205
43493 11.788286
43518 10.839859
43535 10.485396
43555 9.901011
43577 10.092612
43595 10.849439
43633 11.726017
43637 11.462564
43656 11.970308
43675 12.593014
43696 12.21939
43717 11.769126
43735 11.457773
43756 10.9165
43777 10.437496
43796 11.227852
43817 11.831397
43836 12.583433
43857 14.346167
43877 16.271763
43897 16.736397
43918 15.974781
43937 16.099321
43957 15.189215
43977 16.300503
43998 19.58168
44021 20.534897
44038 17.660873
44059 14.427598
44078 12.995377
44098 12.085269
44119 10.700948
44139 10.413546
44159 11.462564
44179 12.942686
44201 13.843213
44219 12.7079735
44239 11.611055
44260 11.03146
44280 10.265055
44300 9.196876
44320 9.153766
44343 11.141631
44360 12.559483
44382 12.727135
44400 13.062437
44421 15.294596
44442 18.015337
44461 18.657204
44483 15.165264
44504 12.118799
44526 12.794195
44541 16.281343
44562 17.646505
44582 15.160474
44603 12.875626
44622 11.496094
44643 10.950029
44662 10.207574
44685 10.054293
44704 9.3453665
44722 9.560919
44744 9.824371
44763 10.499766
44784 11.074572
44805 11.529625
44823 11.812237
44844 12.688814
44865 12.353512
44883 10.854229
44905 10.595567
44924 11.04583
44945 12.324771
44964 12.913946
44986 12.885206
45006 13.737832
45025 12.549903
45046 12.410992
45066 14.097086
45086 16.003521
45106 17.507593
45126 18.274
45146 16.238234
45166 14.001286
45186 12.703184
45207 10.815908
45226 11.232641
45246 10.815908
45291 9.877061
45291 9.077125
45307 8.928634
45327 9.014854
45348 9.599239
45368 10.471025
45387 10.418335
45408 10.585987
45428 10.978769
45448 11.635006
45468 12.387041
45488 12.540323
45509 12.434942
45530 12.497212
45549 13.359419
45569 14.877862
45592 14.839542
45609 13.5797615
45630 12.6936035
45649 13.603712
45670 15.969992
45693 15.99394
45714 14.499449
45731 11.668535
45751 10.279425
45772 11.108101
45791 12.286451
45810 12.003838
45831 11.165581
45851 10.758429
45873 11.02188
45893 11.496094
45911 11.922407
45933 12.18586
45951 12.525953
45973 12.23855
45999 10.844649
46016 10.346485
46032 11.060201
46052 12.640914
46072 13.752203
46094 13.953384
46112 13.301939
46135 13.153448
46155 13.31152
46174 13.613291
46194 13.881535
46213 14.978453
46234 16.568745
46255 16.348404
46274 14.580879
46294 12.502003
46314 10.997931
46334 11.151211
46355 12.109219
46375 13.6995125
46395 14.623989
46415 14.877863
46435 14.628779
46455 13.019326
46476 11.146421
46496 9.982442
46516 8.923843
46536 8.8951025
46556 9.594448
46577 9.948912
46597 10.097403
46617 11.189531
46636 12.779825
46657 13.824054
46676 14.049185
46697 14.944923
46717 16.247812
46737 15.965201
46757 14.681471
46778 15.974781
46797 17.368683
46818 16.937578
46839 13.9246435
46858 11.433824
46878 10.6817875
46898 11.424243
46918 11.347604
46939 10.341695
46959 9.853111
46979 9.79084
46999 9.853111
47020 10.092612
47039 9.9010105
47059 9.2256155
47081 9.110655
47100 9.527388
47121 9.580078
47140 10.585987
47162 12.219391
47183 13.924644
47202 14.964083
47221 14.777271
47241 14.053976
47262 15.361656
47282 15.452667
47301 14.566509
47323 13.445641
47342 13.34984
47363 14.916182
47386 14.964083
47402 14.3749075
47422 12.085269
47442 10.327325
47462 10.083033
47484 9.172925
47504 8.133487
47522 8.406519
47543 9.977652
47563 11.419454
47584 12.593014
47604 12.458892
47624 11.936778
47644 10.451865
47664 8.990904
47686 8.440049
47704 9.647139
47725 9.685459
47747 9.163345
47764 9.148975
47787 10.887759
47805 13.570181
47825 15.9652
47845 15.246695
47865 15.011983
47886 15.409557
47906 16.530426
47926 17.14834
47946 17.325573
47966 14.9161825
47987 12.463682
48007 11.577524
48026 11.931988
48048 11.414663
48067 11.064991
48087 10.399176
48107 9.513018
48127 8.832832
48147 8.947794
48167 8.780142
48187 9.484278
48209 11.845767
48228 12.420571
48250 11.328444
48268 10.207574
48288 10.600357
48309 10.830278
48328 11.505674
48349 12.382252
48372 11.596685
48391 11.256592
48410 13.019327
48429 11.4481945
48449 11.199112
48471 14.298267
48489 12.933106
48510 11.994258
48530 11.328444
48550 10.106983
48580 8.990904
48590 8.195757
48610 7.932305
48630 7.9514647
48651 8.54064
48670 9.287886
48691 9.307047
48713 9.340576
48733 9.872271
48752 9.75252
48773 9.081915
48792 8.53585
48812 8.334668
48833 7.8317146
48853 8.047266
48873 7.8460846
48892 8.58375
48913 10.078243
48936 10.437496
48954 11.371553
48974 11.625425
48994 14.806011
49013 17.177082
49035 16.530426
49054 13.728252
49077 11.979889
49095 10.882969
49115 10.001602
49134 8.976534
49154 7.793394
49176 7.831714
49196 7.707173
49215 7.9802055
49235 7.9658356
49255 8.372989
49275 8.032896
49296 7.9945755
49315 8.301138
49335 8.875942
49355 9.005274
49376 9.254356
49396 10.059083
49416 9.891431
49437 11.266172
49458 10.322535
49481 8.832832
49497 8.746612
49517 10.609938
49539 11.611055
49559 12.9187355
49577 12.717554
49599 10.806329
49618 9.326206
49638 8.4161
49660 7.9323053
49678 7.3622904
49699 6.998247
49719 6.720425
49739 6.773115
49761 7.3862405
49780 8.52148
49799 10.020762
49819 10.533297
49839 10.130934
49861 8.962164
49879 8.923843
49900 8.57896
49921 8.49274
49940 7.9035645
49961 7.041358
49981 6.2414207
50001 5.8917484
50022 6.12646
50042 6.1168804
50062 7.27128
50081 9.153765
50102 10.083033
50122 9.4507475
50142 8.358619
50164 6.4761333
50182 4.574487
50202 3.1566355
50222 2.835703
50243 2.8452835
50263 3.2045364
50284 3.66438
50303 3.788921
50324 4.5505376
50346 5.245093
50364 5.733677
50385 6.3851223
50405 6.480923
50423 5.767207
50444 4.766089
50464 4.2918754
50484 4.6990285
50505 5.9923396
50525 7.012617
50547 7.8508744
50564 8.6556015
50586 9.398057
50605 9.80521
50626 9.910591
50648 8.909473
50666 7.735913
50686 6.8162255
50706 5.930068
50728 5.360054
50748 6.236631
50766 7.098839
50787 7.3814507
50808 7.477251
50827 7.491621
50849 7.9370947
50867 9.048385
50887 10.001602
50909 8.986114
50928 7.8412943
50950 6.825806
50968 6.3228517
50988 6.332432
51008 6.696475
51029 6.921607
51050 7.7694435
51070 8.660391
51088 8.789722
51109 9.570498
51129 10.490187
51151 11.074572
51169 10.662627
51189 10.360855
51211 11.467354
51230 12.904366
51251 12.597803
51270 11.127261
51290 8.56459
51310 7.4149814
51330 7.6544824
51351 6.888077
51371 5.795947
51391 5.1971927
51411 4.991221
51431 5.0487013
51451 4.991221
51472 4.5409575
51491 5.000801
51512 6.0593996
51532 7.1275783
51553 8.205338
51572 8.789722
51592 9.263936
51612 9.618399
51632 9.896221
51652 10.504556
51672 10.504556
51692 10.514137
51712 10.705737
51732 10.538086
51752 9.886641
51772 9.627979
51793 10.384806
51813 11.836187
51834 12.712764
51854 11.644585
51874 10.356065
51894 10.250685
51916 10.250684
51935 10.485395
51955 10.356065
51976 10.265055
51996 9.6615095
52016 8.746612
52037 7.913145
52055 7.3000193
52077 7.2904396
52095 7.9849954
52117 8.770562
52136 8.899893
52156 8.875943
52177 9.139395
52197 9.891431
52218 10.451865
52237 12.19544
52258 14.868282
52278 16.314873
52299 16.472944
52318 15.89814
52338 14.379698
52359 13.6995125
52378 13.924644
52398 13.512701
52418 13.819263
52439 13.397739
52459 12.928316
52479 12.032578
52499 10.93087
52520 10.289004
52539 10.197993
52560 11.280542
52580 11.472144
52599 10.782378
52621 10.102192
52640 10.380015
52661 10.921289
52681 11.11289
52702 12.046949
52723 14.068345
52740 15.4861965
52761 17.301622
52781 18.048868
52801 17.15313
52822 15.907721
52846 15.361656
52862 15.318546
52881 15.308966
52901 15.534098
52923 15.443087
52941 14.844332
52963 14.71979
52982 14.849122
53003 14.456338
53023 13.004957
53043 11.678116
53063 10.825489
53083 11.189531
53104 10.95961
53123 10.5764065
53144 10.346485
53166 10.581197
53184 11.199112
53205 11.716436
53224 12.358301
53246 12.966637
53265 13.39295
53284 13.943804
53305 14.034815
53325 14.451549
53346 14.686261
53365 14.925762
53385 15.452666
53406 15.577208
53433 15.946041
53447 18.551823
53466 18.925446
53486 16.401094
53506 12.343931
53526 10.059082
53546 9.800421
53566 10.121353
53588 9.86269
53616 9.68546
53627 9.73815
53648 9.838741
53666 9.81
53687 9.474697
53708 9.307046
53727 9.474697
53749 9.7621
53768 9.814791
53789 10.365645
53810 11.064991
53828 11.941568
53849 13.091177
53869 14.806011
53890 16.04663
53910 16.496895
53929 16.262184
53950 15.591578
53969 15.471827
53990 15.404766
54013 16.520845
54030 17.042961
54050 16.506475
54070 14.825171
54090 13.608501
54112 13.325889
54130 12.377461
54152 11.457773
54173 11.706856
54191 12.463682
54212 12.913946
54231 12.904366
54251 12.535533
54273 12.29603
54293 11.711646
54312 11.189532
54333 10.887759
54352 11.357183
54373 12.066109
54393 13.067226
54413 13.349839
54433 13.771362
54453 14.513819
54473 15.78797
54493 16.348404
54513 15.189215
54534 13.254038
54554 12.861256
54575 16.180752
54593 18.072819
54615 16.506475
54636 13.824053
54654 12.880415
54676 13.651612
54696 13.733044
54715 13.3546295
54736 12.420572
54756 11.505674
54775 10.633886
54797 10.873389
54815 11.084151
54837 11.189531
54856 11.304493
54876 11.227852
54897 10.921289
54916 11.108101
54937 11.773916
54957 12.822935
54977 13.321099
54999 14.298267
55017 15.352076
55043 15.974781
55058 15.122154
55078 14.623989
55098 14.56172
55117 14.815592
55139 16.161592
55159 18.173409
55178 18.187778
55201 16.367563
55218 15.84066
55239 14.695841
55258 13.277988
55279 12.133169
55299 10.86381
55319 10.873389
55339 11.917618
55360 12.846886
55380 13.186977
55401 12.861256
55420 12.779825
55440 12.497212
55460 12.669654
55480 13.124708
55501 13.493541
55521 13.498331
55540 13.412109
55561 13.373789
55581 13.49354
55603 13.790524
55623 14.5713
55641 15.581997
55662 15.893351
55681 14.456339
55705 13.756992
55723 16.506474
55742 19.897823
55763 20.726501
55783 17.09565
55802 13.34026
55824 10.154882
55844 8.047266
55863 7.3143897
55885 7.913145
55903 9.934542
55929 11.826607
55943 13.004957
55963 13.316309
55983 12.487633
56003 11.754757
56025 11.01709
56044 11.074571
56067 11.587105
56086 12.487633
56104 12.794195
56125 13.440851
56145 13.608501
56166 12.856465
56187 12.947476
56205 13.2492485
56227 13.172607
56245 13.4648
56267 15.308966
56289 18.748215
56307 21.119282
56326 18.072819
56347 16.664547
56366 12.631332
56387 10.293795
56407 9.158556
56428 8.818462
56447 10.528506
56467 13.273198
56488 15.203585
56507 14.51382
56527 11.788286
56550 9.75731
56568 8.353828
56589 8.090376
56608 8.435259
56628 9.335787
56648 10.049503
56670 10.758429
56690 11.419454
56710 11.615845
56731 12.19544
56749 13.115128
56770 13.766572
56795 13.50312
56810 12.660073
56830 11.338022
56851 11.021881
56870 12.741505
56891 15.993941
56911 16.712448
56932 14.087505
56952 11.515254
56971 10.667418
56991 11.611055
57011 12.593014
57031 12.382252
57054 11.687696
57074 11.314074
57091 11.970308
57112 13.50791
57132 14.164146
57152 13.273199
57175 12.051739
57193 11.606266
57214 11.338023
57233 11.141632
57253 11.146421
57276 11.179952
57293 11.658956
57315 12.037369
57334 11.979889
57354 12.15233
57376 13.062437
57395 18.149458
57415 14.753321
57434 12.14275
57454 12.348721
57476 12.013418
57495 12.310401
57516 13.062437
57534 14.034815
57555 14.820381
57575 13.800103
57596 12.262501
57616 11.429033
57636 11.515255
57656 12.11401
57676 12.056529
57696 12.904366
57717 13.814473
57736 14.140196
57756 14.65273
57778 14.336588
57802 13.335469
57817 11.232642
57839 10.461446
57857 10.662627
57878 11.194321
57898 11.912828
57919 12.669654
57939 13.191769
57958 13.445641
57978 13.551022
57998 14.2407875
58020 14.65752
58039 14.911392
58064 14.64315
58083 14.087505
58101 13.800103
58120 13.321098
58141 12.324771
58159 11.505674
58179 13.282779
58200 15.050303
58220 16.391514
58240 15.682589
58260 12.243341
58279 8.799302
58301 8.176598
58320 8.784931
58341 12.205021
58362 10.777589
58380 10.897339
58401 11.050621
58421 11.338022
58443 12.19065
58463 11.457774
58482 10.921289
58503 10.676997
58523 10.590776
58544 11.09852
58562 11.625425
58582 12.1235895
58605 13.153448
58623 13.512701
58644 14.006075
58664 14.360538
58683 14.901812
58704 14.863491
58723 14.235996
58745 13.565392
58765 12.818145
58784 12.837305
58805 13.072017
58826 13.230089
58845 13.780943
58866 13.6995125
58885 12.909157
58905 11.778706
58926 11.529625
58945 11.692486
58966 11.663746
58986 11.946358
59006 12.046949
59027 11.711646
59046 11.534414
59067 11.357183
59088 11.227852
59106 11.419453
59129 11.060201
59147 11.103312
59168 11.371553
59187 11.074571
59213 11.146421
59228 11.352394
59247 11.328444
59267 11.108101
59288 10.581197
59309 10.648257
59328 12.037369
59349 13.541441
59368 13.057648
59390 12.401412
59410 12.981006
59430 13.460011
59449 13.824053
59469 13.627662
59489 12.885206
59510 12.636124
59531 12.161909
59552 12.22418
59571 12.046949
59590 11.931988
59610 11.826607
59630 11.687696
59656 11.630216
59670 11.563155
59691 11.740387
59710 11.711646
59732 11.888878
59753 12.1379595
59771 12.090059
59792 11.606266
59816 11.615845
59833 12.042158
59854 11.960728
59873 11.745176
59892 11.840977
59914 11.242222
59946 12.315191
59951 11.826607
59972 11.764337
59992 12.25292
60012 12.449312
60032 12.937896
60052 12.957056
60085 12.454102
60094 12.669653
60114 12.343931
60133 12.487633
60154 12.262501
60177 12.420572
60243 12.114009
60243 12.161909
60244 12.133169
60259 11.850557
60276 11.577525
60294 11.309282
60314 11.582315
60334 11.735597
60354 11.975098
60378 11.888878
60395 11.826607
60415 12.066109
60439 12.339141
