237 0.5785551
237 0.66414165
237 0.7551298
237 0.6048918
303 0.4935484
303 0.8146696
303 0.75392437
343 0.49985027
343 0.30650616
354 0.44029522
374 0.29632854
393 0.07815838
413 0.055407524
433 0.059908867
453 0.19157696
472 0.6063719
492 0.7841368
511 0.7703886
531 0.75212383
551 0.899066
571 1.0475187
590 1.0121946
610 0.8649473
629 0.8362303
649 0.81917095
672 0.65814495
689 0.6018858
708 0.49026775
728 0.41125774
747 0.24603558
767 0.2798643
787 0.25114727
807 0.11616802
826 0.07666302
846 0.3085966
865 0.39358807
885 0.18110943
905 0.0697813
925 0.13562298
944 0.40915203
964 0.7715788
984 0.77966595
1003 0.5540037
1023 0.535449
1043 0.6315031
1062 0.709918
1082 0.6973448
1102 0.49116802
1121 0.14908123
1141 0.16104412
1161 0.14430523
1181 0.0524168
1200 0.11557293
1221 0.19787884
1240 0.11737347
1259 0.06587505
1279 0.19816875
1299 0.3939085
1319 0.40497112
1338 0.33972454
1358 0.55939007
1377 0.5701475
1397 0.38881207
1417 0.1679411
1436 0.31398296
1456 0.51451397
1476 0.56657696
1496 0.41902447
1515 0.33194256
1535 0.30261517
1555 0.41961956
1574 0.4061613
1594 0.24037457
1614 0.115878105
1634 0.02218914
1653 0.12095928
1673 0.26970196
1692 0.13681316
1712 -0.019711494
1732 0.095217705
1754 0.1260252
1778 0.18950176
1792 0.3352232
1812 0.3002348
1831 0.1038847
1851 0.16015911
1870 0.36964703
1891 0.6491728
1909 0.6303129
1930 0.3373289
1949 0.2469511
1969 0.43699932
1990 0.4046507
2011 0.08624554
2028 -0.06968403
2048 0.11766338
2067 0.15628338
2087 0.13501263
2109 0.15028667
2127 0.2215147
2147 0.20773602
2167 0.19577312
2185 0.3421049
2206 0.33943462
2225 0.20625591
2248 0.13023663
2265 0.23047161
2283 0.3190794
2304 0.30113506
2326 0.2861662
2343 0.2182188
2362 0.2074461
2383 0.18110943
2402 0.23021221
2422 0.18739605
2443 0.15956402
2461 0.20296001
2481 0.24786663
2500 0.2134428
2520 -0.053509712
2540 -0.049038887
2561 0.075167656
2579 0.1371336
2598 0.092822075
2619 0.13890362
2638 0.11645794
2660 0.07426739
2677 0.32207012
2697 0.5390501
2717 0.57257366
2737 0.48578167
2756 0.6078825
2777 0.7260771
2795 0.8395109
2815 0.50851727
2835 0.17660809
2855 0.14161968
2878 0.58334637
2894 0.7620115
2913 0.7967253
2933 0.64888287
2953 0.34152508
2973 -0.10949421
2996 -0.71522236
3012 0.5968046
3031 1.6625242
3051 1.7858152
3071 1.073245
3091 0.77159405
3111 0.72371197
3130 0.73507977
3150 1.0744505
3169 1.077136
3190 2.1314878
3212 2.3436766
3228 1.9165983
3248 2.5091734
3268 2.2832212
3287 0.13412762
3307 -1.0270662
3327 -0.30012226
3347 2.0114775
3366 1.8534575
3386 1.2591124
3406 1.1118498
3428 0.90655804
3445 1.4272947
3466 1.3060789
3485 1.2031279
3504 1.2638884
3524 0.75781536
3545 1.1860838
3563 1.0436125
3583 0.6785002
3602 0.34123516
3622 0.22452068
3642 0.34302044
3661 0.24635601
3681 -0.065197945
3700 0.6009855
3720 1.7163877
3741 0.5716734
3763 -0.56709003
3780 -0.8600588
3799 0.25711346
3818 0.97449017
3839 0.56328106
3859 0.18081951
3878 -1.353879
3898 -2.1146364
3917 -0.1863985
3937 1.9112272
3956 1.914218
3976 1.3964567
3996 0.014117241
4016 -0.379117
4035 0.19757366
4055 0.8772154
4075 1.2701597
4095 0.0763731
4114 -1.6989412
4133 -0.6544771
4153 -0.029294014
4174 -0.7170229
4193 -1.0931978
4213 -0.53776264
4231 1.5161619
4252 2.322711
4271 1.2797575
4291 0.92122173
4318 1.6173277
4330 2.3484678
4350 1.9803495
4370 1.0475187
4389 0.31338787
4409 -0.6691408
4429 -2.4632845
4449 -2.773633
4468 -1.7734652
4488 -0.8232546
4508 -0.44645405
4530 0.39480877
4547 0.468112
4566 0.22270489
4586 -0.27709675
4605 -0.8019991
4626 -0.6532564
4646 -0.2998171
4665 -0.3994875
4685 -0.4784975
4704 -0.44736958
4725 -0.08944416
4746 0.104784966
4764 -0.10918903
4783 -0.44407368
4802 -0.575757
4822 -0.35429096
4843 -0.20945454
4863 -0.38302326
4883 -0.5293703
4901 -0.6116762
4921 -0.5281801
4941 -0.5102358
4960 -0.42971516
4980 -0.3019228
5000 -0.5661745
5019 -0.4482546
5040 -0.15318012
5060 3.6907196E-4
5080 -0.11907673
5098 -0.17352009
5118 -0.016415596
5137 0.2254057
5158 0.3373289
5177 0.21313763
5198 -0.1714449
5216 -0.2564211
5235 0.05153179
5255 0.2849455
5275 0.15716839
5294 0.14490032
5314 0.37593365
5333 0.7269926
5353 0.6090574
5373 0.26100445
5393 -0.22350788
5416 -0.5338564
5433 -0.22471333
5452 -0.25732136
5471 -0.34980488
5492 -0.10529804
5510 -0.20286274
5530 -0.29832172
5550 0.11168194
5570 0.51240826
5590 0.35498333
5610 -0.028988838
5631 0.076052666
5649 0.10269451
5668 0.12245464
5687 0.31488323
5708 0.35319805
5727 0.2963438
5749 0.11497784
5769 -0.111569405
5786 0.03656292
5806 0.49653912
5826 0.5372343
5844 0.08742046
5865 -0.25733662
5885 0.38611126
5905 0.20445538
5924 0.8215513
5944 0.81946087
5964 0.6515684
5985 0.60457134
6003 0.78296185
6022 0.7778654
6042 0.4447813
6062 0.9254179
6082 0.5126982
6103 0.32745647
6121 0.33404827
6141 0.80569744
6160 1.0056181
6181 0.7868376
6200 1.123538
6220 1.425189
6241 1.7555723
6259 1.629611
6278 0.9723997
6299 -0.058621407
6318 0.19847393
6337 1.2193022
6357 2.559741
6377 1.4697752
6396 0.8706236
6416 0.5309782
6436 0.40466595
6455 0.32684612
6474 0.35438824
6495 0.6446867
6516 1.1588469
6534 1.421588
6554 1.1696196
6573 1.202838
6593 1.1432676
6612 1.3069792
6633 1.7555876
6652 2.5513792
6672 2.81322
6691 2.4116087
6712 2.6929197
6730 3.6164732
6750 4.8288603
6771 5.3513975
6789 4.804019
6809 4.69028
6829 5.7036314
6849 6.113345
6869 6.610736
6888 6.848361
6908 5.884387
6928 4.631625
6950 3.3800688
6984 1.5332365
6988 -0.14390278
7006 -1.2281771
7025 -1.8330202
7045 -1.7788515
7066 -1.4397707
7084 -1.6450777
7105 -2.3058748
7124 -2.575818
7144 -2.391446
7163 -1.6211367
7184 -0.793622
7204 0.11107159
7222 1.5715208
7242 3.0451689
7262 4.163272
7284 4.764804
7301 5.00484
7322 5.1176634
7340 5.4854765
7360 5.3403196
7380 5.8781157
7401 6.0741453
7420 5.7664824
7439 5.0730467
7459 3.7942533
7478 2.8620176
7512 2.852435
7522 2.4262724
7538 0.82394695
7557 -0.42463398
7578 -1.3520784
7597 -2.8176394
7618 -4.877225
7637 -6.320035
7655 -6.608243
7675 -5.4982424
7694 -4.6375246
7714 -3.0528688
7734 -0.79272175
7755 1.4518309
7774 3.2714262
7793 3.3995237
7813 3.195407
7834 3.4922972
7853 5.1867704
7873 7.611224
7891 7.966754
7911 7.390643
7931 9.262622
7954 11.867511
7971 9.516101
7990 4.871646
8010 1.4581327
8041 -0.8127718
8052 -1.358365
8069 -1.409543
8089 -1.2437258
8108 -1.5005159
8129 -2.5590487
8148 -4.1353426
8169 -4.942792
8187 -5.3171816
8207 -4.8377504
8226 -2.706891
8246 0.90385723
8265 4.2285185
8285 4.757922
8306 3.2753172
8326 4.0582304
8345 7.4283476
8365 10.188571
8384 8.664355
8405 5.234973
8424 3.8807554
8442 4.8865995
8463 4.73038
8482 4.0908384
8518 2.986209
8525 0.89519024
8542 -0.5754671
8560 -1.956006
8580 -3.2312136
8599 -4.1682405
8619 -4.082959
8639 -3.0121584
8659 -2.1783724
8679 -1.9664888
8698 -2.2965822
8721 -1.7656832
8738 -0.77058125
8757 0.26251507
8777 1.5954924
8798 5.128131
8817 7.7806273
8837 8.0687895
8856 7.492404
8876 7.857211
8895 9.754016
8914 10.785647
8934 9.397586
8955 6.4464445
8974 1.491931
8994 -1.7552004
9026 -2.0278444
9033 -1.176404
9053 -1.3326082
9072 -2.5411043
9091 -2.773038
9112 -2.9968843
9131 -3.6367311
9153 -4.0850496
9171 -3.7636385
9191 -2.278638
9210 -0.30761433
9230 3.595233
9249 6.380603
9271 6.0887938
9289 5.069766
9309 4.856082
9329 6.5110807
9347 8.020038
9367 8.324084
9387 9.290133
9408 8.282199
9426 4.9449797
9446 1.1992521
9477 -1.2509432
9488 -2.524335
9505 -2.0790224
9525 -2.0170717
9544 -3.0531588
9564 -3.8648043
9584 -3.8908205
9604 -3.757947
9623 -3.2617617
9643 -2.0727205
9662 -1.3607607
9682 -0.5733614
9702 1.2166014
9722 2.0584593
9742 3.2370024
9761 5.133197
9781 7.1626005
9800 8.449176
9821 7.6566954
9840 6.5700254
9859 6.3324156
9879 6.785205
9899 5.4285917
9918 4.093829
9939 1.6155424
9972 -1.3909883
9977 -1.7833223
9997 0.43640423
10017 1.8941679
10036 0.26819134
10056 -2.3761873
10076 -3.959958
10095 -4.717725
10115 -4.7243013
10135 -3.5936556
10155 -1.7040224
10176 0.6393156
10195 2.926364
10213 4.839328
10233 4.9725065
10253 4.843829
10273 6.5679502
10293 7.3251066
10312 6.6259947
10332 6.3677244
10351 6.362048
10372 5.172717
10391 2.923953
10411 1.0475187
10444 0.055407524
10450 0.10599041
10469 -0.09422016
10489 -1.4942293
10509 -3.2800112
10528 -4.6979647
10548 -5.0086184
10568 -4.628232
10590 -3.7238283
10607 -2.0089846
10626 -0.5299654
10646 -0.28216267
10666 -0.66013813
10686 -1.5660677
10706 -1.3323336
10725 1.3776121
10745 5.2107267
10765 8.198703
10784 8.88013
10803 7.7755156
10824 9.209338
10844 10.135303
10863 6.643054
10883 1.6071501
10902 -1.7935
10936 -3.164487
10943 -2.8987246
10961 -0.8226595
10981 0.5752592
11001 -0.07178974
11021 -1.5049868
11041 -1.9248934
11061 -2.0101748
11079 -2.1678896
11099 -1.3885927
11119 0.29272747
11144 2.7503996
11158 4.938098
11178 5.4480467
11198 4.911441
11217 4.534671
11236 5.670718
11257 6.428775
11276 6.002017
11295 6.870822
11315 6.892352
11336 5.1861906
11354 2.6127348
11383 -0.20794392
11395 -2.3489656
11414 -2.0445986
11434 -1.4475527
11453 -2.1293
11474 -3.33537
11492 -3.676526
11512 -3.6690798
11532 -3.3204012
11551 -3.196805
11571 -2.627881
11591 -1.4993105
11611 0.05661297
11631 1.652957
11650 3.451602
11669 4.815097
11691 7.1901426
11709 8.882541
11729 8.189425
11748 7.2293425
11768 6.948306
11787 7.0482817
11808 6.5775175
11828 4.168948
11847 0.6446867
11876 -0.6442995
11886 0.32086468
11905 -0.07894611
11926 -1.6776857
11946 -2.7440004
11965 -2.125104
11984 -1.1787996
12004 -1.6420565
12025 -2.776044
12044 -1.5277529
12063 0.9807615
12083 2.9203825
12103 3.9474974
12122 3.3315916
12143 2.5660276
12163 3.9962797
12181 6.4754667
12201 8.70238
12220 8.323489
12241 7.323016
12261 5.930194
12280 2.8213072
12299 0.4375944
12329 -0.008633614
12340 0.31009197
12359 0.58542156
12379 -0.18159199
12398 -2.2241488
12417 -4.0156374
12437 -4.2691164
12457 -3.5580416
12477 -3.0235262
12496 -2.9112978
12516 -2.2606783
12535 -0.76939106
12555 0.45434856
12576 2.0495024
12595 4.9829893
12614 7.0871763
12634 8.959155
12653 10.140094
12673 10.04732
12693 8.885226
12713 8.236987
12732 6.812152
12752 4.9835997
12771 2.8901396
12791 -0.95016193
12817 -3.113309
12830 -2.576108
12851 -0.18728352
12870 1.4422636
12889 0.96342754
12910 -0.36985493
12930 -2.007184
12949 -2.9100924
12969 -3.184247
12987 -1.6369905
13009 0.52258587
13027 2.7593718
13048 4.5529356
13067 4.9045744
13086 4.618762
13106 5.3672667
13127 5.8790007
13146 6.046283
13165 5.4279966
13185 5.9415617
13205 6.030429
13224 4.246463
13243 2.188342
13273 0.6102781
13284 -0.20763874
13303 -0.50213337
13323 -0.7188082
13344 -1.4517336
13362 -2.4007235
13382 -3.193509
13401 -3.4903994
13421 -3.4242525
13440 -2.7377138
13461 -1.6570406
13481 -0.113080025
13500 1.2510252
13520 2.7710447
13539 4.5807524
13561 6.7119017
13580 8.474307
13599 8.848407
13618 8.977405
13637 8.863681
13657 8.129245
13677 6.195956
13697 4.5250883
13716 3.9262419
13736 1.5287504
13766 -0.5335512
13776 -0.8502016
13795 -0.2845583
13815 -0.2232027
13835 -0.5775423
13854 -0.8340273
13873 -1.7390413
13895 -2.4273653
13913 -2.1520357
13933 -1.5606661
13952 -0.101101875
13972 1.8211393
13992 4.041156
14011 5.6997404
14031 6.3719206
14051 7.294879
14070 7.6848326
14090 6.919009
14112 6.373111
14130 9.023196
14150 10.025775
14169 6.9653807
14188 3.3375578
14208 1.1348906
14238 -0.32975483
14248 -0.82923603
14268 -1.6067629
14287 -2.1002474
14306 -2.8978243
14326 -3.792676
14346 -3.9102755
14366 -3.536786
14385 -2.9226656
14405 -2.0119753
14424 -1.0168886
14446 -0.04963398
14464 0.62492657
14484 2.1150389
14503 5.5701475
14523 9.210544
14543 10.057193
14563 9.906955
14582 9.677096
14602 8.530871
14621 6.9064207
14640 4.8453093
14661 2.779132
14681 -0.049344063
14706 -1.7722597
14720 -2.604535
14740 -2.0688295
14759 -1.5597658
14782 -1.3595552
14799 -0.80349445
14819 -0.85407734
14838 -2.0517702
14858 -2.7673464
14878 -1.4861422
14897 0.8520689
14917 2.7578611
14936 3.7829008
14957 3.705371
14975 3.70267
14997 4.522708
15015 5.9035673
15035 6.443759
15055 5.9122343
15074 6.3668394
15094 5.4304075
15114 2.8964262
15134 1.2848387
15160 0.7823515
15173 0.5336485
15192 0.0925169
15212 -0.6811037
15233 -1.9111147
15251 -2.858014
15271 -3.240201
15291 -3.0408754
15311 -2.334302
15330 -1.572629
15350 -0.46741962
15370 0.6575651
15389 0.8448973
15409 0.8790159
15429 2.104251
15448 3.5291014
15468 4.9922514
15487 6.1803923
15507 7.169177
15527 7.302966
15547 6.4841337
15570 5.1104765
15587 3.8975248
15606 3.0751066
15625 1.2184019
15644 0.23407269
15675 0.7338896
15685 1.435977
15704 0.73237896
15723 -0.931592
15743 -2.389966
15764 -2.8858461
15782 -3.2725344
15803 -3.2740145
15827 -2.6177187
15842 -0.805295
15861 1.3545713
15881 2.2284575
15900 2.5160398
15920 3.2085905
15939 4.5454283
15959 5.7479277
15979 6.254611
15999 5.8826017
16019 6.525134
16041 7.5094633
16059 5.7670774
16078 3.1448393
16099 0.8862028
16139 -0.5688753
16139 -0.70504475
16156 -0.7254
16176 -1.335309
16196 -2.8251162
16216 -4.3828554
16236 -5.063382
16255 -4.212247
16274 -2.4537172
16294 -1.1332979
16314 0.19397259
16334 0.89758587
16355 0.886508
16373 1.0549955
16393 2.143756
16412 4.930621
16432 8.035296
16452 9.271304
16472 8.137652
16491 7.745593
16510 8.193011
16530 8.658969
16551 7.8464384
16571 4.833331
16589 0.020983696
16624 -2.987607
16637 -2.6961184
16650 -0.77746296
16668 -0.07775593
16688 -0.47459126
16708 -0.9450655
16727 -1.7540102
16747 -2.3654299
16768 -1.9170961
16790 -1.2587099
16806 -0.024197578
16826 1.5859098
16845 4.199481
16868 5.496524
16885 5.029361
16905 4.4520597
16924 4.6561766
16943 5.4345884
16963 6.0035124
16986 7.153018
17005 11.189349
17022 11.689731
17042 6.6810637
17062 1.6520414
17099 0.37980938
17106 1.3013029
17124 0.44269085
17140 -1.7384462
17160 -3.722043
17179 -4.979596
17201 -5.191785
17220 -4.398999
17240 -2.1610231
17259 -0.19389057
17279 -0.2157259
17298 -0.2552309
17322 0.86615276
17338 2.788104
17356 3.7029905
17378 5.3636656
17396 8.165469
17416 9.122256
17437 8.686511
17456 8.1082945
17474 8.506045
17495 9.618152
17514 8.394702
17535 3.9283323
17554 -0.070874214
17583 -1.35777
17593 0.06529522
17612 0.17361736
17634 -1.489438
17652 -2.663495
17673 -2.1604128
17691 -2.074521
17711 -3.1357698
17731 -3.959363
17752 -3.1444368
17770 -1.3395205
17790 1.1010771
17809 3.887332
17830 5.89548
17850 6.3883696
17870 6.1304045
17888 6.6915617
17909 7.8973265
17928 7.87218
17947 6.781619
17966 7.065936
17987 5.724292
18007 3.0697355
18028 1.374011
18055 1.0642729
18065 1.0921049
18085 0.5429411
18104 -0.10558796
18124 -1.1868868
18143 -2.7643557
18164 -4.253537
18183 -4.1066103
18203 -3.0253267
18224 -1.9877443
18243 -1.3143587
18262 -1.1120424
18281 -0.7562227
18303 -0.20257282
18321 0.32057476
18341 2.0749235
18360 5.0991087
18380 7.1018553
18399 8.415683
18421 8.330081
18440 7.9155912
18459 9.026797
18479 9.562793
18498 6.504199
18519 1.6670103
18537 -0.5191927
18571 0.15567303
18581 1.8498869
18596 1.5978727
18616 -0.4285097
18637 -2.474347
18656 -3.061246
18676 -2.2959871
18695 -1.1946688
18715 -1.0243807
18735 -0.07417011
18755 1.8546629
18775 3.7065916
18794 4.9608335
18813 5.7664824
18833 5.307086
18855 5.5408354
18876 6.6068296
18892 6.9965086
18911 7.255084
18930 7.0794096
18951 7.4160795
18971 5.4282866
18995 1.5715361
19018 -1.4203157
19030 -2.1981325
19049 -1.0303621
19071 -0.92200947
19088 -1.952405
19109 -3.3299837
19128 -4.050641
19147 -4.208646
19167 -3.4954805
19189 -2.8864717
19208 -2.825406
19227 -2.1765718
19246 -0.53028584
19265 1.1977568
19285 2.4714842
19305 4.4332
19326 6.6484404
19348 9.040851
19364 9.700778
19383 8.9064665
19406 7.8027525
19423 7.0865965
19444 7.657016
19462 6.7678556
19482 2.5462828
19501 -1.5145845
19534 -2.9094973
19542 -2.3866854
19560 -1.0946932
19580 0.042544365
19600 0.45315838
19622 0.14909649
19640 -0.3767519
19659 -0.7436342
19679 -0.48296833
19699 0.02786541
19717 1.2588072
19738 3.6476164
19758 5.998416
19777 6.062167
19797 4.5930357
19816 4.1387205
19836 5.2209044
19856 5.049716
19877 4.2213316
19900 5.334323
19916 7.823413
19934 5.47948
19955 1.3105803
19988 -1.7863283
19994 -2.568326
20013 -1.3098879
20033 -0.56857014
20052 -2.1759768
20073 -3.642438
20093 -4.5435457
20112 -4.7329836
20133 -4.3729677
20151 -3.0468721
20171 -1.35748
20191 0.0024442673
20211 1.8379087
20229 2.6040525
20249 2.0228453
20269 3.5030699
20299 6.4431334
20309 9.207858
20329 9.486178
20347 8.771808
20367 7.410098
20387 7.923358
20412 6.8262205
20428 2.8940306
20448 -1.3122988
20476 -3.2114687
20487 -3.3003664
20506 -1.0070162
20525 1.1349058
20546 0.8963804
20566 -1.7336397
20584 -3.2342196
20603 -2.8355837
20625 -2.2412233
20644 -1.6370058
20664 -0.64846516
20682 1.7268705
20702 4.0860624
20722 5.256213
20743 4.489169
20763 3.605731
20782 3.6607847
20801 4.001361
20820 3.4893064
20841 3.1421385
20860 4.535861
20882 6.2674894
20899 4.4302244
20921 1.2881346
20948 -0.86784077
20959 -0.718503
20978 -0.15977192
21000 -0.7912264
21017 -2.0436983
21036 -3.2785158
21056 -3.8570223
21076 -3.710065
21096 -2.9098024
21116 -1.915906
21135 -0.6418886
21155 0.5321684
21176 1.3976622
21196 1.8354979
21214 2.5007963
21235 3.72153
21252 5.523776
21274 7.0722227
21293 8.342349
21313 8.963336
21332 9.495135
21352 9.45505
21371 6.702899
21391 1.7885008
21411 -2.2071047
21442 -2.2190676
21450 0.97119427
21469 3.2295256
21489 2.083911
21510 -0.468915
21529 -1.862958
21549 -1.7564058
21569 -1.7046175
21592 -2.481824
21612 -2.3567476
21627 -0.8112917
21649 1.8624296
21668 4.164172
21687 4.9054594
21705 4.7420835
21726 4.8761473
21749 5.34122
21765 7.145541
21785 7.876376
21804 8.347125
21824 9.784259
21843 7.4980955
21863 3.587161
21883 1.3416929
21910 0.31549358
21923 -0.34443378
21943 -2.1143312
21962 -4.0048647
21982 -4.8622713
22001 -3.9058046
22020 -2.5826845
22043 -2.4396486
22062 -2.9466066
22079 -1.8386965
22099 0.35228252
22119 1.4515257
22144 1.3862791
22160 1.6565275
22178 2.9718504
22198 5.068286
22217 7.2416105
22237 7.5175657
22257 7.9029875
22277 8.825671
22297 10.325641
22317 10.833514
22335 7.5292234
22354 1.8932829
22375 -1.504117
22409 0.36574078
22416 4.578067
22434 4.1734343
22453 -0.017895699
22473 -3.6720552
22494 -3.9839144
22513 -2.7461061
22534 -2.7338228
22552 -2.9223757
22581 -1.3559694
22591 1.3294249
22611 3.382434
22631 4.278781
22651 4.574786
22670 5.2167234
22691 5.979266
22710 7.213168
22729 7.2326384
22750 6.2210875
22768 6.0558653
22788 5.959811
22807 3.7747984
22827 0.93768597
22856 0.09341717
22867 1.1971617
22886 1.4093351
22905 0.39569378
22925 -1.6187258
22945 -3.0884676
22965 -3.6178865
22984 -3.6810427
23005 -3.148923
23024 -2.1747713
23044 -1.2688875
23064 -0.52247334
23084 0.12544537
23104 0.31158733
23122 1.0771513
23143 2.741397
23162 4.4655333
23184 7.0946684
23203 7.440921
23222 6.892352
23240 7.103656
23263 8.707767
23280 9.661853
23301 5.4148283
23320 -0.5829439
23349 -2.6464357
23362 1.4422483
23381 4.0669127
23399 3.238803
23418 -0.13132954
23438 -1.3897982
23458 -1.2135134
23479 -0.9561434
23497 -0.801404
23517 -0.5763521
23537 0.32895184
23556 1.5969725
23575 3.8502378
23597 5.81586
23614 5.2598143
23636 3.7014952
23654 3.7864714
23675 4.7480497
23694 5.2583036
23713 5.8864927
23734 7.498996
23753 7.9452085
23772 4.5514402
23791 1.112155
23823 -0.24294758
23831 -0.43331623
23852 0.25860882
23870 -0.008023262
23889 -2.0478945
23910 -4.030881
23931 -4.924222
23952 -4.0599184
23970 -2.5509768
23989 -1.8844881
24008 -1.2404451
24031 -0.86007404
24048 0.21252728
24067 1.5757322
24086 2.6088438
24106 4.6382017
24126 6.242038
24145 6.686145
24167 7.263156
24186 8.00867
24204 9.784549
24225 11.0917845
24244 8.804721
24264 5.02637
24284 1.9827604
24305 -0.17681599
24335 -0.7281008
24343 0.19368267
24364 0.68539715
24381 0.2930479
24402 -0.75591755
24421 -1.057889
24440 -1.4244967
24460 -1.6306887
24481 -1.7145052
24500 -0.5772524
24520 1.2776518
24539 2.856326
24559 4.706744
24579 5.4950285
24598 5.4073515
24619 6.3033934
24638 8.019427
24657 8.986697
24677 8.698779
24699 10.135013
24721 8.430636
24736 4.073779
24756 0.9284086
24782 -0.6532717
24795 -1.16084
24814 -1.3484774
24835 -1.7974062
24854 -2.0999575
24874 -2.3399782
24893 -2.5979433
24915 -2.5216494
24934 -1.6133547
24953 -0.8220644
24974 0.12845135
24992 1.1797972
25012 2.3505583
25031 3.437213
25051 4.11687
25071 4.86806
25090 7.0009794
25110 8.312106
25130 7.3442564
25152 6.872897
25169 7.4463224
25189 9.7363615
25210 9.265307
25229 5.1472807
25252 0.23347759
25275 -1.4676027
25287 -0.021206856
25307 1.6768827
25327 0.35678387
25347 -1.4589052
25367 -1.7629824
25386 -1.8354006
25405 -2.323224
25425 -3.0860872
25445 -2.8849764
25467 -1.1102571
25489 1.3482847
25505 4.220126
25524 5.9490385
25543 5.7398405
25563 5.551608
25584 6.7864103
25606 7.8545256
25623 8.105914
25641 7.9640684
25662 9.060901
25684 7.897937
25700 4.029193
25720 0.53814983
25759 -1.1820955
25760 -0.85618305
25779 -0.5646944
25800 -1.5795107
25819 -3.4107943
25841 -4.6459017
25857 -4.8431215
25877 -3.7657442
25897 -1.912015
25920 -0.5311556
25937 0.45494366
25956 1.66611
25976 1.9851408
25995 1.7283659
26016 2.6674833
26035 4.788455
26055 7.0482817
26074 8.251666
26094 7.835971
26113 8.925921
26135 9.55112
26153 9.541537
26173 8.369861
26192 6.179187
26211 2.3559294
26234 -0.8325319
26262 -1.7348452
26273 -0.41445637
26291 0.16015911
26310 -0.15887165
26331 -0.47370625
26349 -0.682004
26370 -2.2292452
26389 -3.6436281
26408 -3.9892855
26428 -2.5063906
26448 0.43280315
26468 3.5653105
26491 6.038821
26508 7.065646
26527 6.978854
26546 6.3177366
26568 6.1259184
26587 6.456607
26607 6.580508
26625 7.563632
26644 7.0195494
26664 3.7829008
26685 0.8299284
26717 0.008425713
26724 -0.43539143
26743 -0.91183186
26763 -1.5977755
26785 -2.5898867
26803 -3.3820467
26824 -3.6855288
26842 -3.4703493
26861 -2.5141573
26881 -1.2940187
26902 -0.34710407
26925 0.5623808
26942 1.514987
26960 2.222766
26979 3.0550413
26999 4.9294157
27029 7.171588
27039 7.998477
27057 7.3717985
27077 7.2045164
27097 7.4307585
27120 8.975009
27137 8.994769
27157 6.1785765
27177 1.4299803
27205 -1.4161348
27216 -1.187787
27235 1.2510252
27255 2.2667723
27276 0.7635069
27294 -1.1207399
27314 -1.409543
27336 -0.931592
27353 -0.91723347
27375 -1.3012056
27395 -0.46174335
27412 1.3407927
27432 3.270236
27455 4.623248
27471 5.750018
27492 5.1065855
27511 4.4933653
27530 5.0272703
27550 4.9413786
27571 5.139804
27590 7.6456327
27609 9.127048
27629 6.721469
27648 3.654498
27670 1.1244383
27696 -0.6846895
27709 -0.89147663
27727 -1.2973146
27747 -2.5820894
27766 -3.4517946
27787 -4.0102205
27806 -4.094632
27828 -3.1312532
27845 -0.9669008
27865 0.99156475
27887 1.7196836
27905 1.4347563
27925 1.5850096
27945 2.2179747
27964 3.8334684
27985 6.50838
28004 7.8144255
28026 7.5549498
28042 6.772647
28061 6.0845976
28081 6.848361
28101 7.5453672
28121 6.2806273
28140 2.4744596
28161 0.03418255
28187 -0.334836
28199 0.6351347
28221 0.9915495
28239 0.81917095
28260 -0.83552265
28280 -2.6084566
28299 -3.0962496
28322 -2.3292055
28337 -1.995511
28359 -1.267972
28380 1.0615873
28397 3.3842497
28417 4.184222
28438 4.7387724
28456 5.390582
28476 5.722781
28495 6.239337
28515 5.6012754
28534 4.9662046
28553 5.6063566
28573 6.0953856
28594 4.019931
28613 1.5547819
28638 0.2930479
28652 0.09430218
28672 0.34601116
28692 0.14877605
28712 -0.63502216
28731 -2.025754
28751 -3.67056
28770 -4.1586885
28790 -3.1561098
28811 -1.3865023
28831 -0.28815937
28849 0.64888287
28868 0.77637005
28889 0.3926878
28908 0.5842314
28929 1.8840055
28947 4.865054
28967 7.661792
28986 8.375262
29006 8.546145
29027 8.520724
29046 8.40639
29065 7.9449186
29085 7.0267363
29105 5.0835447
29125 1.3764219
29149 -0.66642475
29175 0.3513975
29183 2.7165709
29202 2.281726
29222 -0.17294025
29242 -1.73454
29266 -2.1478548
29282 -2.1310854
29301 -1.5980654
29322 -1.6220217
29342 -1.1557436
29360 0.30949688
29381 2.2344542
29400 3.870883
29419 4.295245
29441 3.6039152
29460 4.0109434
29484 4.358081
29498 3.2097654
29518 2.974841
29538 4.986865
29558 7.3843718
29578 7.881152
29598 5.1215544
29617 2.356845
29644 0.37474346
29658 0.06857586
29675 -0.54282856
29695 -1.5064974
29715 -2.0568666
29737 -2.9510775
29754 -3.1495333
29775 -2.0523806
29798 -0.6924715
29815 -0.2863741
29835 -0.43121052
29852 -0.48089314
29872 -0.7864351
29895 -0.41116047
29914 0.51900005
29936 1.5850096
29952 3.3040495
29970 4.9201536
29991 5.6156645
30011 5.73775
30032 5.543521
30050 5.472293
30069 5.6060667
30088 4.904269
30108 3.5940275
30129 1.117526
30148 -2.3109713
30174 -3.9560823
30186 -2.10925
30207 0.51359844
30227 1.5491056
30247 -0.5772524
30274 -2.440854
30286 -2.3749971
30305 -1.9931154
30327 -2.2220583
30345 -2.9154787
30364 -2.6706667
30384 -1.9233828
30404 -1.5870028
30426 -1.9018373
30444 -2.5910769
30464 -2.404935
30483 -1.3853121
30502 0.5168791
30521 1.4946165
30542 0.55969524
30561 -0.6215334
30581 -0.08076191
30600 3.0825682
30619 5.9262877
30640 5.706027
30661 3.424655
30680 0.64947796
30699 -0.76699543
30718 -0.31628132
30748 -0.19897175
30760 -1.6411715
30779 -3.1635866
30797 -3.5508394
30816 -2.2879152
30836 -1.2099276
30858 -0.87084675
30876 -0.8555727
30896 -1.4750948
30915 -2.2304354
30939 -1.6755953
30954 -0.83193684
30975 0.8326292
30994 1.939044
31014 2.6178007
31034 3.8535185
31053 5.179904
31072 5.9089384
31095 4.6971617
31113 4.3560057
31132 5.5626707
31151 6.17229
31171 6.765155
31193 7.6534147
31211 5.016177
31233 0.8227415
31257 -1.4328737
31269 -1.1970491
31289 0.5492277
31311 1.3378172
31328 1.3273344
31350 1.4724913
31368 1.4111357
31387 0.3148985
31407 -2.3809938
31432 -4.7799807
31448 -4.2041597
31467 -1.3038912
31485 0.48605633
31505 0.02786541
31526 0.03177166
31544 1.614047
31564 1.697238
31585 1.590991
31604 3.1759367
31623 4.771991
31643 5.28316
31663 5.899356
31682 5.5061216
31702 6.003207
31721 7.666873
31741 8.622165
31762 6.5338163
31781 3.9887724
31802 3.1226835
31820 1.7998838
31853 0.09611797
31864 -0.7041445
31881 -1.3712282
31899 -2.1990328
31918 -2.8747835
31939 -4.0096407
31959 -4.801236
31977 -4.587552
32000 -3.457776
32018 -1.3837862
32036 0.07904339
32056 0.30740643
32077 0.8945799
32099 1.6469603
32117 2.8132353
32138 4.183017
32154 4.9769926
32174 6.052005
32198 7.265567
32213 7.010867
32233 6.88367
32253 7.0198393
32273 8.281283
32294 8.550937
32312 6.599078
32333 3.5551481
32351 0.4501524
32377 -1.2969942
32391 -1.496625
32412 -1.781827
32430 -1.8006868
32451 -1.3972597
32469 -1.2961092
32489 -0.9241152
32509 -0.85169697
32530 -1.3200502
32550 -0.8914919
32568 0.77188396
32588 1.8971434
32608 2.2577848
32629 2.5453672
32647 2.432559
32668 3.2612486
32686 5.1149626
32705 6.1741056
32727 5.3711424
32746 3.9433012
32767 3.2798033
32787 3.8939238
32804 3.0221434
32824 1.602664
32850 0.88441753
32863 0.48756695
32885 0.6303282
32903 -0.15137959
32922 -1.932065
32942 -3.8225985
32964 -5.5093203
32981 -5.7199984
33001 -3.658887
33020 -1.2826357
33039 -0.75921345
33060 -1.3389101
33081 -0.7361727
33100 0.72668743
33121 1.6532469
33140 2.627368
33160 4.84711
33180 6.9342375
33197 7.9098845
33219 8.074801
33237 7.8859434
33257 6.9180937
33277 7.9155912
33298 6.654437
33316 4.635516
33335 1.9100218
33355 -1.0549135
33384 -1.3254366
33394 0.3307371
33418 1.1318998
33435 0.7452421
33454 -1.2156038
33474 -3.05824
33493 -3.8264742
33513 -3.6217775
33535 -2.351056
33552 -0.13491535
33571 1.5036039
33591 1.4248991
33611 1.927661
33632 2.7108946
33652 2.4232817
33670 3.9837065
33690 5.8661375
33709 6.472781
33732 6.3548613
33750 5.955035
33771 6.8785734
33788 6.540408
33808 2.5417814
33827 -0.3267641
33856 -1.0058107
33870 -0.81786823
33886 -0.6050844
33906 -1.2081423
33926 -2.1804628
33947 -2.9062014
33966 -3.3126345
33987 -3.5972414
34004 -3.2189455
34023 -2.6955233
34044 -1.7100039
34065 -0.86277485
34087 -0.682889
34103 0.27926922
34122 1.2459288
34142 2.364932
34161 5.0907164
34185 7.7991667
34201 8.351321
34221 7.59505
34240 6.271655
34261 5.4390745
34282 4.144107
34303 3.3965178
34320 2.6965055
34340 0.01980877
34370 -2.264264
34386 -1.1210299
34400 1.4177122
34417 2.1150236
34439 0.68239117
34457 -0.77416706
34476 -0.99981403
34497 -1.8524599
34517 -2.5817995
34538 -2.678464
34555 -2.0359316
34575 0.42233562
34595 3.2124662
34615 4.095935
34634 2.6052427
34654 1.791812
34673 2.6399412
34693 3.380969
34713 4.1429014
34733 4.8674498
34753 5.5384398
34772 6.7840147
34791 5.061389
34811 1.9686766
34842 0.055117607
34854 -1.0522127
34870 -0.8654604
34890 -0.7026491
34910 -1.5750399
34930 -2.4791536
34951 -3.51225
34969 -4.224225
34990 -3.6017275
35008 -2.639264
35028 -1.548398
35048 -0.8516817
35070 0.023394585
35088 0.7000456
35106 0.73416424
35126 2.2514982
35145 4.405368
35166 6.425479
35185 7.7749205
35205 7.7078886
35225 7.383151
35245 6.708606
35264 5.3828
35285 3.3770628
35304 1.1259031
35323 -0.5105257
35346 -0.42641926
35362 1.1004972
35382 1.1693144
35402 -0.41564655
35421 -2.007184
35441 -2.3345919
35461 -2.0864992
35480 -2.331891
35501 -2.5446901
35519 -2.3402834
35539 -1.5139894
35559 0.685092
35578 3.62247
35598 4.878543
35619 4.0600157
35638 3.484805
35659 4.318591
35676 5.6716185
35696 6.3390074
35717 5.621936
35736 5.3851957
35757 5.7404356
35775 4.9686003
35795 3.1047392
35821 0.71171856
35836 -1.2569094
35855 -1.9308748
35874 -2.3803835
35893 -2.5228548
35913 -2.7335176
35933 -3.2192354
35953 -3.7911654
35973 -3.7438784
35992 -3.038785
36012 -1.8072786
36031 -0.06339741
36061 0.1781187
36072 0.2475462
36091 0.468112
36109 -0.06638813
36130 1.4895353
36151 4.9138517
36170 7.7437925
36190 9.287463
36208 9.338641
36228 7.7590513
36247 5.7997007
36268 2.710864
36289 1.219882
36307 0.7024412
36328 0.09640789
36346 -0.16993427
36374 1.0026121
36389 1.5502806
36405 0.29902935
36424 -1.4119387
36444 -2.1155214
36464 -1.9410524
36485 -1.7851381
36504 -2.1008577
36524 -1.3921785
36543 0.03267193
36563 1.2432432
36582 2.6013517
36603 3.9732237
36624 4.807025
36642 5.2969084
36661 5.5028105
36681 6.117526
36701 6.0160856
36720 5.4145384
36740 5.0963926
36759 5.4303923
36780 3.8110075
36799 1.1774015
36827 -0.8220644
36839 -1.27847
36858 -1.8342104
36877 -2.2549868
36897 -3.0360842
36917 -4.291257
36937 -5.078046
36956 -3.8929262
36978 -2.6778688
36995 -1.3664522
37015 -1.1093721
37036 -1.4197206
37054 -1.3293428
37076 0.43968487
37094 2.4777555
37113 4.58974
37133 6.5311155
37156 7.1356535
37172 6.6236296
37194 6.077426
37213 5.8727293
37231 6.8387938
37254 8.295352
37271 7.1662016
37294 2.8422422
37311 -0.21392536
37335 -1.1054811
37349 -0.9127321
37371 -1.1210451
37389 -0.9806795
37410 -0.8462801
37429 -0.8463106
37448 -1.2694826
37467 -2.5114565
37489 -2.9570894
37509 -2.2717562
37527 -1.4696932
37546 0.15448284
37566 1.1414976
37587 1.6077452
37606 1.6002684
37625 2.2966948
37645 4.163562
37664 5.350192
37684 5.0410337
37704 5.69765
37724 6.456912
37746 6.002307
37763 4.5583067
37783 2.8252134
37806 2.1428556
37822 1.19028
37852 -0.38512897
37861 -1.8719149
37881 -3.0363894
37900 -3.6559114
37921 -4.275983
37940 -4.6928988
37960 -4.0012636
37980 -2.3911715
37999 -1.3287325
38018 -0.90736103
38039 0.084139824
38060 1.0460081
38078 1.5529814
38099 3.231326
38117 5.749133
38140 7.970645
38156 8.13016
38177 6.9602995
38195 6.3656187
38215 6.7367277
38235 7.297885
38254 5.497134
38276 1.5918913
38295 -0.65206623
38322 -0.77447224
38333 0.6054716
38353 0.65365887
38373 -0.77776814
38395 -2.4944124
38416 -3.0797853
38432 -2.7284517
38451 -2.243329
38472 -2.0083895
38492 -2.3929415
38511 -0.76939106
38530 2.0719175
38550 3.2471647
38569 2.7557707
38590 3.037387
38611 4.5732756
38632 5.635089
38649 5.0883207
38668 4.8818235
38690 7.4352446
38707 9.6486845
38728 7.607028
38747 3.8229856
38766 1.0148802
38792 -0.07835102
38806 0.22452068
38827 -0.20286274
38846 -2.0048037
38865 -3.330594
38884 -3.8659945
38907 -3.8465395
38925 -3.4129
38945 -3.0349092
38964 -2.6817446
38984 -1.860837
39003 -0.8480959
39024 0.10687542
39043 0.49626446
39062 0.7162199
39081 2.1452513
39101 4.607684
39123 6.7241545
39141 7.4594755
39161 6.768771
39181 4.8387175
39200 4.9015837
39219 6.4458494
39242 5.713809
39259 2.7898893
39279 0.4956541
39306 0.75900555
39318 1.7959929
39337 0.17631817
39357 -2.0691347
39377 -1.5017214
39397 0.520175
39416 -0.24654865
39436 -2.42558
39457 -2.8260164
39477 -1.7677736
39496 0.35408306
39514 0.89459515
39534 -0.3273592
39554 -0.23518085
39576 0.891284
39594 2.222186
39613 3.2537565
39633 3.7209196
39652 4.9404783
39671 7.3445463
39693 8.122668
39712 7.5256224
39730 4.9402037
39751 0.96249676
39770 -1.1276369
39794 -1.7938204
39809 -1.6262178
39829 -2.4136019
39849 -3.6924105
39868 -4.1918917
39888 -4.651578
39908 -4.0515413
39928 -2.287015
39947 -1.3209658
39967 -1.5175905
39986 -2.3920412
40007 -2.1113405
40026 -1.5346193
40049 -1.3487825
40066 -0.42849445
40086 2.3664122
40106 4.8067045
40127 5.6877775
40143 5.864047
40163 6.0678587
40183 6.6753874
40204 5.918521
40224 3.1382322
40245 1.2803373
40265 0.5108824
40282 -0.27827168
40301 0.11168194
40326 1.5176725
40341 2.2730284
40360 1.7633696
40380 0.9445524
40399 -0.7484255
40420 -2.5267305
40440 -3.7603579
40459 -3.749875
40478 -1.7629824
40498 -0.041531563
40517 0.32087994
40538 0.2649107
40560 -0.20255756
40577 -0.5990877
40597 0.03267193
40616 1.0735502
40636 1.0083036
40656 -0.95434284
40676 -1.0459108
40696 2.526538
40716 4.5864286
40735 1.9013548
40758 -1.484952
40778 -1.8192568
40793 -0.010128975
40813 2.2036161
40833 3.5727873
40853 1.2363615
40873 -2.9535189
40894 -4.6243715
40913 -0.7361727
40932 0.49952984
40951 -1.8653536
40970 -2.808652
40989 -1.800992
41010 -0.07029438
41030 1.009799
41049 0.4193449
41068 1.1579466
41089 3.191516
41111 4.440402
41133 3.453372
41148 1.8217344
41167 1.6379881
41187 2.4122038
41216 3.0203276
41227 2.4783506
41246 1.8543425
41266 1.6098509
41285 0.05331707
41314 -1.5543947
41330 -2.4106264
41346 -2.0161715
41364 -1.2180147
41384 -0.13880634
41403 0.51359844
41424 0.5764494
41444 1.1184263
41462 1.0202665
41482 0.92750835
41502 1.8920622
41522 3.3746824
41545 3.7760038
41561 4.1075926
41581 4.2452726
41600 3.7433958
41620 4.4520597
41640 5.111377
41662 3.9340086
41681 1.5790434
41698 -0.16067219
41725 0.4741087
41738 2.6073484
41758 1.796298
41778 -1.3517733
41796 -2.833188
41818 -1.7561159
41836 -0.07954121
41857 0.4827757
41875 0.8329344
41898 2.2009153
41917 3.4743376
41935 1.4539366
41954 -0.9124422
41974 -1.4319735
41996 -1.1398897
42014 -1.3287325
42034 -1.1722078
42053 -0.55419636
42073 -0.51380634
42092 -0.007733345
42112 2.5977507
42132 4.3559904
42152 3.0050688
42170 2.1706877
42190 3.6494017
42211 4.594226
42230 2.2248564
42250 1.3114653
42269 4.6789274
42289 6.264468
42309 6.2956114
42330 3.9857817
42349 -1.5325441
42379 -5.4395876
42389 -4.915555
42407 -2.2095003
42428 0.35589886
42446 1.6975431
42466 3.0128508
42486 2.4711637
42505 0.69975567
42525 0.69317913
42545 1.2246885
42564 0.9484434
42584 -2.3522463
42604 -4.9128695
42625 -2.804761
42647 -1.2646761
42666 -2.8278017
42683 -4.216748
42703 -2.2576876
42722 3.080493
42742 6.535022
42762 5.135623
42780 -0.51920795
42801 -2.0368166
42820 3.235217
42841 6.8265257
42861 6.7819242
42881 2.806964
42903 0.38103008
42919 -0.870862
42938 -0.6056948
42965 1.2079191
42977 2.5049772
42997 1.053195
43017 -0.5886202
43037 -0.96122456
43056 -0.27409077
43077 -0.8277559
43097 -2.0197573
43119 -1.6995363
43135 0.20714092
43155 0.38310528
43175 -0.377347
43194 -1.8695345
43214 -2.844571
43234 -3.6621828
43255 -2.9089327
43273 -3.3488588
43293 -3.3805819
43318 -3.053464
43333 -2.0901003
43353 -0.63532734
43372 0.19487286
43391 -0.31419086
43411 -0.8588686
43432 -0.43809223
43449 -0.65864277
43469 -1.5232668
43490 -1.1677217
43510 -0.0017518997
43529 0.5273771
43548 0.7850523
43568 0.71142864
43587 0.36964703
43608 -0.034680367
43627 -0.19268513
43648 0.101504326
43667 1.036746
43687 1.156436
43706 -0.6568575
43726 -2.180173
43751 -2.1996279
43766 -1.8419924
43784 -2.1077547
43804 -2.8646212
43824 -3.357236
43843 -2.3905764
43866 -0.7277956
43884 -0.23876667
43904 -0.8373232
43922 -1.1276217
43942 -0.28127766
43961 0.35379314
43982 -0.5182924
44001 -2.164319
44021 -2.1418734
44040 -0.9851656
44060 0.28166485
44080 -0.3294649
44100 -1.0381289
44120 -0.37643147
44140 1.0552855
44159 1.7636747
44178 2.1536436
44198 2.25986
44217 1.9366636
44239 1.9285765
44257 2.255084
44276 2.1383696
44296 2.2377195
44316 3.1912107
44335 4.184802
44355 3.9789152
44374 2.9915953
44395 1.8914671
44424 1.8468657
44434 2.637866
44453 2.8820677
44472 2.0321379
44493 1.8334074
44513 1.8962736
44533 0.802722
44558 -5.617142E-4
44573 -0.1977663
44592 0.21730328
44611 0.7587156
44630 1.373416
44650 1.6580381
44670 1.0265684
44690 1.029254
44709 1.6912413
44729 1.8220396
44753 1.6493559
44769 2.1602201
44788 2.1653013
44808 0.578845
44828 -1.3523989
44847 -3.232419
44867 -3.8854494
44889 -2.397458
44908 -1.1425905
44925 -1.361371
44945 -1.1728182
44967 0.19127178
44990 1.4664946
45004 1.5673704
45024 1.084918
45044 0.9565306
45063 1.7633848
45084 2.1611204
45106 2.164401
45123 2.7671537
45143 3.4629545
45165 4.219226
45185 5.2690763
45202 5.0590086
45221 3.2845793
45240 0.10898113
45266 -2.7972841
45280 -3.3407564
45302 -1.8099794
45320 -1.192853
45339 -3.0429811
45358 -4.42085
45378 -3.4407167
45397 -1.658536
45420 -1.9467287
45439 -3.2363253
45459 -4.0760775
45479 -5.314786
45500 -5.873227
45518 -5.2133303
45536 -4.08566
45556 -2.5985537
45575 -1.291028
45594 -0.5877352
45616 0.09192181
45636 -0.12206745
45655 0.17422771
45673 0.83354473
45692 1.5128813
45712 2.1219053
45734 1.4904203
45753 0.21823406
45773 0.3780241
45792 1.3060942
45811 2.7659483
45831 2.1859617
45851 -0.32856464
45878 -2.727231
45890 -0.25404072
45909 1.1337004
45929 -0.7642946
45949 -2.0670443
45969 -1.8623323
46000 -2.3043795
46009 -1.374814
46027 0.04436016
46047 0.15835857
46069 -1.5813265
46086 -2.2107058
46106 -1.3939638
46126 -0.76879597
46146 -0.4943514
46165 0.91702557
46185 1.3048887
46206 1.6080503
46224 1.2710752
46243 1.2133055
46264 1.9953032
46285 3.2549772
46303 3.9409056
46324 3.5269957
46343 0.88859844
46362 -0.29832172
46381 0.062579155
46411 -0.6619692
46422 -1.5208864
46442 -2.2723665
46461 -3.2488985
46480 -2.815259
46500 -2.6296968
46520 -3.4401217
46540 -4.3690767
46560 -4.847623
46579 -4.0219088
46598 -3.1833467
46619 -2.1999178
46639 -0.5865145
46657 0.5255766
46678 0.57075787
46697 -0.40816975
46716 -0.15887165
46740 0.05510235
46761 0.99753094
46776 2.524722
46795 2.958087
46815 2.6552153
46836 3.752963
46854 6.7879057
46876 8.351321
46894 6.639468
46914 2.8383665
46933 -0.013409615
46957 -1.7022371
46977 -1.330823
46992 -0.7771883
47011 -2.2980928
47031 -4.4875917
47051 -5.204938
47075 -4.386426
47091 -3.544568
47110 -3.4901094
47129 -3.2461824
47149 -0.5784426
47170 2.034503
47189 2.879672
47209 2.578906
47231 4.253955
47248 5.9254026
47267 6.9602995
47288 6.584094
47307 4.8856993
47328 3.9364195
47346 4.7348967
47365 4.117465
47387 1.40726
47416 -0.9241152
47426 -2.2017336
47444 -2.4558077
47464 -2.587781
47484 -3.440732
47504 -3.970746
47527 -3.9644594
47543 -3.694211
47563 -3.1968203
47582 -2.7045107
47604 -2.9184847
47622 -2.3492708
47643 -0.6023989
47661 0.2783842
47680 0.39000225
47701 0.53366375
47723 2.155734
47743 4.781863
47760 7.0988646
47780 6.0645475
47800 5.04523
47819 3.7652311
47841 2.421176
47859 2.6127195
47877 4.7330656
47897 5.0545073
47916 1.6912565
47939 -1.6025515
47966 -2.7233553
47977 -2.029645
47996 -1.5777407
48015 -0.75202656
48034 -1.1234407
48055 -2.5081758
48075 -3.184842
48095 -3.3156252
48113 -2.3800783
48133 -0.44526386
48154 1.4566221
48172 2.7306395
48192 2.2607908
48212 2.8677092
48231 3.0640287
48251 2.2685575
48271 1.9121122
48291 2.2326384
48311 3.334262
48330 5.9640074
48350 4.649585
48370 0.75722027
48400 -1.4508333
48409 -1.2826357
48428 -0.69637775
48450 -1.9640932
48467 -3.9099855
48489 -4.161069
48507 -3.753461
48528 -3.6968966
48548 -3.303647
48567 -2.8631105
48586 -1.8273287
48607 -0.31629658
48626 0.5692625
48646 0.8242521
48664 0.8730345
48684 1.1339903
48707 1.4431486
48726 3.6763182
48746 5.7000456
48765 5.2041655
48783 4.619052
48803 4.349429
48822 6.361438
48842 7.7030973
48861 4.6163816
48881 0.9687834
48900 -0.62336445
48925 -1.6076632
48940 -1.0551882
48959 -1.1332979
48980 -2.6284914
48999 -3.1964998
49019 -3.4802217
49040 -3.2431917
49058 -1.9569063
49079 -1.9580965
49099 -2.4641848
49117 -1.3122835
49137 1.2192869
49157 3.4683409
49177 2.5561552
49197 0.34631634
49215 0.09582806
49234 2.3035765
49254 3.920535
49275 4.682208
49296 5.7233915
49316 5.6698027
49333 4.2733946
49353 1.6298857
49374 -1.0010195
49403 -1.8839083
49415 -2.7799196
49432 -2.8322878
49451 -1.3020906
49473 -1.0698671
49492 -2.259778
49512 -4.401105
49532 -5.7439394
49551 -5.0496187
49570 -1.5229616
49591 1.1869841
49610 0.377429
49629 -0.064297676
49649 0.2655058
49668 0.84608746
49687 2.657916
49707 4.251849
49728 5.295123
49747 5.8215513
49766 4.748645
49786 3.0909758
49806 3.1939116
49825 1.9297667
49845 2.1868467
49864 2.3176298
49884 -0.468915
49910 -2.6931276
49926 -2.560254
49944 -1.5460176
49963 -1.6232271
49983 -2.6171236
50003 -2.4722567
50022 -1.7393465
50042 -2.1263094
50066 -2.9035158
50083 -1.8380861
50103 0.56717205
50121 3.4737272
50142 4.244052
50159 2.006381
50180 0.5537138
50199 2.1820707
50219 2.7237425
50239 2.935626
50260 5.2182035
50278 8.115207
50300 6.6448545
50318 1.8313017
50337 -2.5366182
50364 -2.8742037
50377 -1.6788912
50397 -1.764493
50416 -2.275937
50435 -3.2450075
50455 -3.951291
50476 -3.832471
50495 -2.5665407
50515 -1.0590944
50534 -1.2503328
50553 -1.7225924
50573 -1.3945742
50594 -0.06489277
50613 1.3919554
50632 1.6427641
50652 1.2761564
50671 2.7072935
50694 5.181094
50711 6.9477262
50731 5.537524
50750 4.1022215
50770 3.0942564
50790 2.3155394
50810 0.7817564
50830 -2.2376528
50854 -3.9638643
50868 -3.0869722
50888 -0.8609438
50907 0.12663555
50927 -0.49136066
50949 -1.3203402
50968 -1.2281618
50987 -0.9232149
51008 -0.97858906
51027 -1.2416506
51045 -0.5129061
51064 0.958621
51085 2.1326933
51104 2.6441526
51124 1.5583677
51144 1.4284849
51165 2.2413206
51185 2.6255827
51203 2.7198515
51222 3.5267057
51245 5.83652
51263 7.1467314
51284 3.8684874
51301 -0.020001411
51324 -1.5178804
51340 -1.8084841
51361 -1.642087
51381 -2.4788485
51401 -3.9072847
51420 -4.0276003
51439 -3.698392
51461 -3.7869997
51478 -3.698102
51499 -2.7661562
51519 -1.4409609
51538 -0.13851643
51558 0.3612852
51578 -1.0938082
51599 -0.5987978
51616 2.1302977
51636 3.8325682
51656 4.770175
51677 4.9003935
51695 4.09682
51716 3.9256468
51734 4.5583067
51754 5.287936
51773 3.899005
51794 0.47198772
51813 -2.5934877
51841 -2.8661013
51853 -1.2347689
51872 -0.22590351
51891 -1.191968
51911 -2.5542727
51932 -3.5032778
51952 -3.8061495
51970 -3.7899752
51989 -3.112729
52012 -2.06915
52031 -1.8680239
52049 -0.37913227
52070 1.9974089
52089 3.816104
52109 3.3600035
52129 2.721057
52149 3.5937529
52167 3.5661955
52187 4.6783323
52206 7.3679075
52226 9.072284
52246 5.5935087
52267 0.210742
52285 -2.9804354
52312 -3.3715944
52326 -2.8942385
52348 -2.1900606
52364 -1.9482393
52386 -3.168088
52404 -4.0168276
52422 -4.6013002
52442 -4.5653963
52464 -3.53259
52487 -2.3612337
52503 -1.3553591
52521 -0.59699726
52541 0.0024442673
52562 0.19160748
52581 -0.058911324
52601 0.7560148
52620 2.7111692
52639 4.0034513
52659 4.985675
52682 5.6596403
52700 5.0347776
52719 5.20354
52738 5.378314
52757 3.2379026
52778 -0.31751728
52805 -1.642972
52817 -0.48537922
52839 0.8227415
52856 0.054522514
52875 -2.1798677
52901 -3.7283144
52916 -3.9045992
52936 -2.8062716
52956 -2.6305666
52974 -2.7835207
52994 -2.338193
53015 -0.2270937
53038 2.0339231
53054 2.5717192
53073 0.8505888
53092 -0.2824831
53114 0.77099895
53134 2.7671537
53152 4.360797
53173 6.307849
53194 7.157214
53210 4.654956
53231 0.7676878
53251 -1.3583803
53273 -1.5127993
53289 -1.4687929
53308 -2.2109957
53327 -3.207303
53348 -3.0914888
53368 -2.5138521
53387 -2.5389986
53407 -3.6882143
53427 -4.40289
53448 -3.3778658
53466 -1.0629854
53487 0.49205303
53505 0.79313946
53525 0.5468321
53545 0.0069303513
53565 0.3484068
53585 1.7966032
53604 3.2334166
53623 3.5805693
53643 3.1532164
53664 2.9242735
53686 4.41138
53704 5.835025
53723 4.4460783
53741 1.9387388
53760 -1.2545137
53790 -1.8135653
53801 -0.123547554
53820 0.014697075
53840 -1.5618715
53860 -3.614911
53882 -4.248746
53900 -2.6625948
53921 -1.7049074
53938 -2.2765322
53957 -2.6138277
53977 -1.7587862
53998 0.30740643
54017 2.7482786
54038 3.550952
54057 2.5881834
54076 2.1742735
54095 1.8399839
54115 2.7156553
54140 4.686694
54157 6.2962065
54174 5.6757994
54193 4.0181
54213 2.638751
54239 0.3600645
54261 -0.8076906
54273 -1.5370302
54292 -1.7540102
54312 -2.0948915
54333 -3.329999
54353 -3.9324312
54373 -4.1275454
54394 -4.524991
54412 -4.7320833
54430 -4.0590334
54449 -1.7570009
54469 0.416934
54488 1.4009581
54508 0.55162334
54529 -0.3429079
54549 -0.42672443
54568 1.3662443
54588 3.1328611
54607 4.694186
54627 5.6479673
54646 5.7859526
54666 5.896365
54687 5.5884123
54706 4.394
54725 1.346179
54744 -2.4887362
54770 -3.7606478
54784 -1.0177736
54805 1.9986143
54823 2.1395597
54843 0.099108696
54863 -1.2075167
54884 -1.8159456
54902 -2.208005
54922 -2.591382
54941 -2.607831
54961 -2.0475893
54982 -0.9920473
55000 0.45643902
55020 1.5509062
55040 1.3994474
55059 0.60608196
55080 0.17512798
55100 0.9765959
55121 1.5874052
55141 2.2787352
55158 3.692813
55177 5.769168
55198 6.0540953
55220 2.6884184
55237 -2.4968233
55258 -4.8829317
55277 -4.586362
55295 -3.4999819
55315 -3.9419985
55335 -5.219632
55354 -6.192868
55374 -6.2233706
55393 -5.8457003
55413 -4.952359
55433 -4.3196993
55453 -4.446286
55474 -3.8764772
55492 -1.6728945
55512 0.8224516
55531 1.4425535
55551 1.6074553
55570 2.3795652
55590 3.713748
55610 4.7950315
55631 4.804614
55652 3.7996397
55671 2.9054136
55690 2.4448423
55710 3.1208982
55729 2.077899
55748 -0.081357
55774 -1.5268679
55789 -2.266385
55809 -2.0463839
55827 -1.4005556
55847 0.120654106
55869 0.76349163
55886 -0.3342409
55908 -1.5397158
55925 -1.7994814
55945 -2.0033083
55965 -2.8747988
55986 -3.8923311
56005 -2.4719667
56024 -0.069088936
56043 1.1603422
56063 1.1920652
56083 1.6203184
56103 2.235629
56124 2.4597807
56143 2.1937284
56161 2.0883665
56181 1.6744871
56204 2.859027
56220 4.6331053
56240 4.1818266
56260 -0.16515827
56286 -2.9478273
56299 -3.734006
56323 -3.5667238
56340 -3.9096804
56359 -4.326581
56377 -4.076688
56397 -3.92764
56421 -4.185605
56437 -4.2930727
56456 -4.3361483
56476 -3.900113
56496 -2.5713015
56516 -1.733655
56537 -2.105649
56556 -2.536603
56574 -0.87684345
56594 2.0440855
56614 4.8689756
56634 4.444583
56655 2.3903532
56673 2.310153
56694 2.828494
56713 2.7596617
56733 3.7640257
56755 3.0744963
56772 0.69705486
56792 -1.6615267
56818 -2.7978792
56832 -2.7562838
56851 -2.6266909
56871 -3.1576052
56891 -3.610715
56910 -3.362607
56929 -2.6494265
56949 -3.031003
56968 -3.8118258
56989 -3.29498
57008 -1.9622927
57027 -0.7328768
57047 0.74792767
57066 1.8088713
57090 2.2769346
57113 2.283206
57128 2.6600065
57145 3.6805296
57165 4.3592863
57185 4.0429564
57205 3.7619352
57226 2.985919
57244 3.9154692
57264 2.4169798
57283 -1.3906832
57314 -3.4464235
57323 -3.5700045
57343 -3.0995455
57362 -3.2979708
57382 -4.5384645
57402 -5.4494753
57422 -5.078946
57441 -4.3567934
57460 -3.9018984
57480 -3.6148958
57500 -2.7829103
57523 -1.0052156
57539 -0.61825275
57560 -0.843915
57581 -0.3132906
57598 0.46721172
57617 1.7424345
57639 3.4743376
57657 4.8686705
57679 4.4583464
57697 3.2142668
57716 2.753375
57737 2.8072538
57756 3.0035582
57777 1.0154905
57795 -2.3172426
57817 -3.5134401
57834 -1.9509401
57854 -0.98336506
57875 -1.5992861
57894 -2.7227602
57913 -2.268155
57932 -2.5099611
57952 -2.8493624
57972 -2.8023806
57992 -1.6612368
58012 0.19967937
58031 2.614215
58051 3.5650206
58071 2.4151945
58091 1.70502
58111 3.0810728
58130 4.171359
58151 4.7776823
58169 5.078143
58189 5.9218016
58208 5.0595884
58228 2.255374
58247 -0.97140217
58270 -3.1600008
58287 -3.9878054
58310 -3.7962618
58328 -3.9931917
58348 -4.698285
58369 -5.286359
58385 -5.328534
58411 -5.4081545
58425 -4.837735
58446 -3.433545
58464 -2.1005678
58484 -0.9495516
58503 -0.022976875
58524 0.27237225
58543 0.5728636
58564 1.6254148
58582 3.5958433
58602 5.1460905
58625 4.982684
58641 4.6606627
58662 5.378024
58681 5.83562
58703 6.8181486
58720 3.7359037
58741 -0.27976704
58766 -3.1591005
58779 -3.5188417
58802 -2.2543917
58818 0.0069303513
58837 0.51988506
58859 -0.26931477
58878 -1.0085115
58897 -2.6727724
58916 -4.571683
58936 -2.4638796
58961 0.74852276
58976 0.7359648
58997 -1.0755434
59015 -2.06944
59035 -0.8492861
59055 0.7982054
59074 1.8402891
59096 2.9924955
59114 3.5820951
59133 3.7963438
59152 4.286853
59175 5.57854
59192 6.140277
59212 2.7910948
59231 -1.4239168
59251 -4.005765
59276 -5.573056
59292 -4.3334627
59311 -2.821515
59331 -3.440442
59349 -5.3925905
59369 -6.407132
59389 -6.6019564
59409 -4.2020693
59429 -1.7013216
59453 -0.52099323
59468 0.38252544
59487 0.8042021
59508 -0.09513569
59527 -0.7804537
59549 1.2360563
59567 4.265918
59585 6.2189817
59605 5.9292936
59625 5.239154
59646 3.9061918
59666 2.7117796
59684 2.4966002
59706 1.7131071
59725 -1.2853518
59748 -4.1494265
59763 -4.517514
59782 -1.6639223
59802 -0.15347004
59822 -1.2781649
59844 -1.9215822
59862 -1.915021
59882 -2.3513613
59903 -3.6651888
59920 -4.674939
59945 -3.7477846
59960 -1.6663179
59980 0.19847393
60000 1.3542662
60020 1.6849699
60038 1.5655699
60059 1.9229002
60077 3.6823149
60096 4.3395414
60116 4.6280394
60136 3.8948088
60156 1.6499357
60176 -0.16994953
60196 -1.5750399
60218 -2.0353212
60235 -1.2497225
60255 -0.65746784
60276 -1.0842409
60294 -2.1140566
60315 -2.7547884
60334 -3.077695
60354 -3.564313
60373 -3.386548
60393 -2.8454561
60412 -1.9419527
60432 -0.61495686
60451 1.1001921
60471 1.946826
60491 1.1705351
60511 1.2662687
60530 2.658801
60550 3.3432493
60570 2.9958067
60590 3.2540617
60611 4.57088
60628 7.642352
60649 9.309604
60669 7.4086027
60688 1.797183
60714 -3.268323
60728 -5.2339754
60748 -3.6699648
60766 -1.8623476
60787 -1.7827425
60806 -2.4701662
60826 -4.100934
60846 -5.3620577
60865 -5.224103
60884 -3.8947115
60904 -1.7788363
60925 -0.03916645
60944 0.9897642
60963 1.8402891
60982 2.626193
61002 3.762515
61022 4.4230375
61042 3.9436064
61061 3.3758574
61084 4.29494
61103 5.295718
61122 4.1758146
61140 1.5724363
61161 -0.61196613
61187 -1.975461
61200 -2.5048952
61220 -2.5671358
61239 -3.1124086
61259 -3.7660341
61278 -4.572278
61299 -5.1002016
61319 -4.2152376
61336 -2.6191988
61356 -1.3951693
61378 -0.8618593
61396 -0.5353365
61417 -0.14838886
61437 -0.15108967
61456 -0.32915974
61474 1.7421141
61494 4.096225
61514 4.8851347
61534 4.879718
61554 4.2413664
61573 4.9844847
61596 5.542041
61614 4.167758
61633 -0.37525654
61655 -3.5535555
61671 -3.180356
61691 -0.4895754
61712 1.5401182
61733 0.4280119
61752 -1.4592257
61771 -1.8976564
61790 -3.074399
61810 -4.3247805
61832 -3.5520449
61850 -1.9141207
61870 -0.5643892
61889 0.8568754
61907 1.7939024
61927 2.3682127
61948 1.768466
61967 1.7169828
61987 3.4423094
62007 4.0007505
62025 3.5512419
62047 5.3370237
62065 7.4475126
62085 5.240054
62105 0.4241209
62127 -3.1312532
62146 -4.69798
62163 -4.042264
62184 -2.329526
62203 -2.5042849
62222 -4.0189333
62242 -5.11366
62263 -4.6937838
62281 -3.5161257
62302 -3.0085573
62321 -1.81178
62341 -0.7816591
62360 -0.72178364
62380 -0.2911501
62400 0.35409832
62421 1.9025297
62439 3.5877562
62459 4.937793
62479 5.7587004
62497 6.345874
62518 6.2291746
62538 5.907138
62557 3.7921476
62576 2.222766
62597 0.04762554
62617 -1.9701052
62642 -1.3957644
62656 0.6946745
62674 0.96312237
62695 -0.6990633
62715 -2.1876497
62735 -2.8032808
62753 -2.9133883
62773 -2.3274355
62792 -2.0350313
62813 -2.0185518
62833 -1.3446169
62853 0.15057659
62872 1.5242491
62892 2.144946
62911 2.993701
62932 3.053546
62953 3.1855345
62971 3.452777
62990 3.9463072
63009 5.032672
63030 6.0163755
63049 4.881839
63070 2.2051115
63089 0.089221
63116 -0.813962
63130 -0.8349428
63148 -1.4352846
63167 -3.018445
63188 -4.359189
63206 -4.674634
63226 -4.2466555
63246 -3.717267
63266 -3.1118135
63288 -2.3100557
63305 -0.6852999
63325 0.073657036
63344 -0.40816975
63365 0.5204954
63384 2.836276
63405 5.194278
63425 6.671191
63442 6.900729
63462 5.1421995
63485 4.0196257
63501 2.8078642
63521 2.6007414
63541 2.5399961
63560 0.38969707
63583 -0.4683199
63609 0.86316204
63623 0.9559355
63640 -1.4732943
63659 -3.8067293
63679 -3.7157564
63699 -2.0505953
63718 -0.97767353
63738 -2.322919
63758 -3.21597
63777 -1.8323946
63801 0.11946392
63816 1.7301664
63837 2.7111998
63856 2.1126432
63876 2.1769743
63895 3.8172941
63917 4.891986
63934 5.211337
63954 6.0528746
63974 7.2428007
63993 5.67879
64013 3.2872953
64036 0.9592314
64065 -0.8906069
64073 -1.7827425
64092 -2.4222841
64112 -3.539487
64133 -4.4427004
64152 -5.1313295
64172 -5.0131197
64190 -3.5828676
64209 -2.159833
64229 -1.618741
64251 -1.1081667
64270 -0.24415302
64290 0.1960783
64309 0.64407635
64328 2.5881834
64347 5.0317564
64369 5.8062773
64388 5.49953
64407 5.044635
64426 3.967227
64446 4.4801817
64466 7.038989
64485 5.389697
64511 0.92270184
64526 -1.5624666
64547 -1.4711885
64565 -1.6648226
64585 -2.2262545
64605 -3.1869326
64623 -3.6403322
64643 -2.1338015
64662 -0.24924946
64683 -0.7107363
64703 -2.594678
64722 -3.1656923
64743 -1.642087
64763 0.20324993
64781 2.2161741
64800 3.412982
64821 4.092639
64841 4.765399
64861 4.0701933
64879 3.3707914
64898 3.5419645
64922 4.718417
64939 3.3761625
64960 0.46989727
64977 -1.362256
65000 -1.8713198
65018 -1.6983309
65036 -1.3601656
65058 -2.551877
65077 -4.003064
65096 -4.4525576
65115 -4.5513124
65136 -3.919858
65156 -2.675168
65176 -1.745328
65194 -0.44227314
65213 1.4440489
65233 2.4499083
65255 2.3930387
65274 2.203021
65292 3.5129423
65312 4.0926237
65332 3.3644896
65357 2.9676695
65372 3.9433012
65393 5.266696
65415 3.1403227
65430 0.42621136
65455 -1.3197603
65469 -2.5695314
65490 -2.5605593
65510 -1.2892427
65528 -0.19237995
65548 -0.8519869
65568 -1.089612
65587 -0.9252901
65607 -1.0857058
65627 -1.5690584
65647 -1.6115389
65666 -1.606473
65686 -0.93848896
65706 0.8224516
65725 2.1584349
65745 1.1235228
65765 0.633914
65785 2.0626402
65806 2.8662138
65825 3.594943
65843 5.568652
65863 7.4977903
65883 4.718112
65904 -0.38601398
65927 -3.13667
65944 -2.9948092
65961 -1.6779909
65981 -0.9723177
66000 -1.9123201
66020 -3.0720186
66041 -4.151181
66067 -3.8408327
66079 -3.3653078
66099 -2.9828157
66121 -1.8752108
66138 -1.1895571
66159 -0.5982027
66177 0.37173748
66197 0.82275677
66217 0.95535564
66237 2.467578
66258 4.109988
66277 5.3474913
66295 6.0726347
66316 6.5616636
66335 5.7284575
66355 3.7230406
66377 1.6714811
66402 -1.0970888
66420 -0.9127474
66433 0.07425213
66453 0.10179424
66473 -1.046216
66493 -2.409711
66514 -3.5963411
66532 -3.5020723
66553 -2.4564028
66575 -1.0411348
66592 -0.6610384
66611 -0.5144167
66632 0.6731138
66650 2.6210966
66674 3.523715
66690 3.2325163
66710 2.3559446
66730 1.700839
66749 2.242816
66769 4.261737
66788 7.157214
66809 8.565005
66827 4.911151
66847 0.84161663
66867 -0.7828493
66888 -1.9455233
66906 -1.3386202
66926 -1.1829958
66946 -2.187955
66965 -2.9927034
66984 -2.9600954
67004 -3.4194765
67028 -3.6576967
67044 -2.4668856
67062 0.76619244
67083 3.6242857
67103 3.456973
67123 1.0044127
67142 -0.5581026
67163 0.27267742
67182 3.357913
67201 5.411853
67225 6.4392576
67240 7.6282682
67260 7.4397306
67279 7.456485
67300 5.720996
67321 1.2091093
67346 -1.6896639
67359 -1.4062471
67379 0.013506889
67399 0.18321514
67417 -1.4496431
67438 -3.4326296
67456 -4.354703
67478 -3.543088
67497 -2.164319
67516 -0.6419039
67535 0.3310423
67557 1.3264341
67576 2.4415312
67595 3.243884
67614 3.1268644
67634 2.9042234
67654 3.6033201
67674 4.5071287
67695 4.7597075
67713 4.101321
67737 4.570285
67752 5.366046
67772 3.5575285
67794 1.6999235
67814 1.1732054
67830 0.9035673
67852 -0.33244038
67870 -0.96062946
67892 -1.718091
67910 -1.8201418
67932 -2.077527
67949 -2.7772188
67968 -3.595746
67990 -2.180173
68007 -0.11367512
68027 1.4452391
68047 2.0919828
68073 1.2848234
68086 0.62552166
68106 1.7232847
68129 4.8180723
68152 6.0169706
68165 5.8538847
68184 6.0600615
68206 5.9852476
68224 5.9624968
68244 4.4691343
68264 0.6826811
68287 -2.3788881
68303 -2.328
68323 1.0256681
68342 2.7509947
68364 1.5990629
68383 -1.7976961
68401 -3.4880037
68424 -3.405713
68441 -3.063016
68461 -2.5967684
68481 -1.5406313
68500 0.004839897
68519 1.6831694
68541 3.3237944
68559 4.309909
68581 3.878955
68600 2.8413725
68618 2.9697447
68638 3.303134
68661 3.3210936
68677 3.7391844
68697 3.1933165
68716 1.7741423
68735 0.9343748
68766 0.8535795
68777 0.17273235
68796 -0.9283266
68816 -1.9970217
68834 -3.0836763
68854 -2.9032106
68876 -2.6006594
68897 -3.2054873
68913 -3.1707735
68933 -2.3462648
68952 -1.0743532
68973 1.07236
68993 2.8225126
69014 3.2411985
69031 3.546771
69050 3.6290464
69070 3.5096617
69091 3.80054
69110 4.121066
69130 5.327136
69149 6.957904
69169 5.50101
69188 0.19993877
69216 -4.3436403
69229 -4.505536
69250 -0.3126955
69268 2.21947
69287 0.06857586
69308 -3.6295595
69326 -4.4402895
69347 -3.5481539
69366 -2.9690676
69386 -2.5782137
69405 -1.7528048
69427 0.37414837
69449 3.2163572
69466 5.108966
69484 4.4583464
69504 3.1104307
69523 2.6133146
69548 3.6215696
69565 4.6124754
69583 5.2840605
69601 6.8702116
69621 6.5541716
69642 2.3574247
69661 -1.8623476
69686 -3.563428
69701 -3.0920687
69719 -1.6791811
69740 -1.373929
69760 -3.9767122
69779 -5.27197
69800 -4.948758
69818 -4.1607637
69837 -2.4127169
69857 -1.4637117
69877 -1.3161745
69897 -0.8962679
69919 0.54951763
69937 2.3083677
69956 3.963046
69976 4.298236
70001 4.625949
70017 5.5901976
70034 5.824252
70054 5.708728
70080 5.414233
70094 4.5651884
70114 1.6634245
70133 -2.0440187
70161 -4.0551424
70172 -3.1824465
70193 0.32358074
70213 1.7349577
70231 -0.21813679
70250 -2.9705782
70270 -3.196805
70290 -2.492612
70312 -1.9470491
70334 -1.2772493
70351 -0.48537922
70370 0.17572308
70389 2.0195646
70413 3.6616697
70429 3.4159727
70449 3.3621092
70470 4.073474
70487 4.820468
70507 4.01871
70529 2.5558653
70547 2.8844633
70567 3.496478
70585 1.7759428
70605 -0.061001778
70628 -0.5551119
70645 -0.6819887
70666 -0.9606447
70685 -1.9324007
70703 -3.0801058
70723 -3.9180574
70744 -4.8227816
70762 -4.824277
70784 -3.1070223
70802 -0.6715212
70822 0.12694073
70841 -0.68827534
70863 -0.9196291
70881 -0.5197878
70901 -0.19387531
70922 1.7152128
70940 4.476306
70962 5.6772795
70980 5.095813
70999 4.9716063
71018 4.5367613
71038 4.618457
71058 5.484561
71079 3.255252
71099 -0.7514467
71123 -2.745511
71138 -2.3833742
71156 -0.0927248
71175 1.1423826
71195 -0.10470295
71217 -1.2296572
71236 -1.3071871
71256 -1.3490877
71274 -1.6289034
71295 -1.2904177
71313 0.1933775
71333 1.7280607
71353 3.0358915
71374 3.6051054
71392 3.4934874
71414 2.7420073
71432 2.3912535
71451 3.3665953
71471 4.999133
71491 6.8094664
71511 6.878894
71531 4.1117887
71552 0.4836607
71578 -1.3562746
71591 -2.0511904
71608 -1.7776613
71629 -1.1767092
71651 -2.0290499
71670 -3.393735
71688 -4.029996
71707 -4.1161776
71727 -3.8360567
71747 -2.8672915
71767 -1.496625
71787 -0.12325764
71806 0.7425566
71826 1.0831175
71847 1.6251097
71866 3.1891203
71885 5.060199
71904 5.8457975
71924 4.979083
71944 4.5050383
71963 4.3278685
71983 4.436511
72004 5.7338743
72022 5.2574186
72042 0.83590984
72071 -2.4653902
72081 -1.0001345
72102 2.361331
72121 2.43616
72140 -0.299222
72160 -1.8796968
72180 -1.5274477
72199 -1.1006899
72220 -0.83762836
72241 -0.8289461
72259 -0.7750673
72279 0.09640789
72297 1.2611876
72322 2.862918
72338 3.927432
72357 3.6940184
72376 3.5889616
72397 3.7149534
72416 4.129733
72437 5.02637
72456 6.812152
72474 7.2018003
72494 3.3926268
72518 0.0012388229
72542 -0.8582735
72555 -1.1859713
72573 -1.8252382
72592 -2.852353
72612 -4.168256
72632 -4.428052
72652 -4.0090456
72672 -3.3335848
72691 -2.2092104
72711 -1.1874819
72732 -0.2690096
72751 0.5982847
72770 1.0669584
72789 1.788806
72809 2.7246428
72829 3.2750273
72854 5.0317717
72870 6.2456236
72889 6.350375
72908 6.222583
72928 5.995425
72948 4.8016233
72967 2.242526
72987 0.31369305
73010 -1.7435274
73025 -2.2361422
73045 -0.67571735
73066 1.8992491
73085 2.378375
73105 0.22059917
73124 -2.4566927
73144 -2.8514528
73164 -2.3519564
73184 -2.2861147
73204 -2.5614443
73223 -1.4576998
73242 0.16374493
73261 1.5589781
73282 3.4279356
73301 4.2503386
73321 3.6245756
73341 3.1017485
73360 3.2289305
73381 4.0561247
73401 5.5255613
73423 6.6244993
73441 4.6166563
73461 0.67402935
73478 -1.4999056
73502 -1.0246706
73518 -0.9118471
73538 -1.599576
73557 -2.386075
73578 -2.5695314
73598 -2.0413027
73617 -1.8907747
73640 -2.0775118
73656 -1.7288637
73675 -0.80920124
73695 0.5366545
73714 0.8784208
73735 0.2942381
73754 -0.3620577
73775 1.6511564
73793 4.116275
73812 5.226596
73833 4.4520597
73853 3.7691221
73873 4.977603
73891 6.9964933
73911 5.0850096
73931 0.35557842
73958 -3.5466585
73971 -3.508069
73990 -0.69215107
74009 2.0773191
74030 2.1060514
74051 0.43519878
74068 -1.23985
74094 -2.398633
74108 -2.4459352
74127 -2.394452
74147 -1.9838533
74167 -1.2847261
74186 0.37175274
74206 2.5139494
74226 3.42525
74246 3.148715
74266 3.0870695
74285 3.1122007
74307 3.314807
74325 4.0878325
74344 5.4384947
74363 6.175906
74383 5.2014647
74403 2.7189665
74423 0.28377056
74445 -0.682889
74462 -0.876523
74481 -1.6767855
74501 -3.330289
74521 -4.5031404
74540 -4.4561586
74560 -3.974927
74580 -2.66438
74602 -2.4156923
74619 -2.1529512
74640 -0.5772371
74659 0.3346281
74679 0.82335186
74698 2.4385405
74719 4.7157316
74739 5.3938932
74759 5.6048765
74777 6.473071
74797 6.040637
74816 4.7510405
74837 3.9049864
74858 2.2820158
74875 0.03415203
74898 -1.7198915
74914 -1.3014956
74936 0.30591106
74955 1.064868
74975 0.23948956
74993 -0.29772663
75013 -0.8337374
75032 -1.1042757
75052 -0.47459126
75073 0.034762383
75094 0.4908781
75111 1.4123259
75131 2.9518003
75153 4.575366
75173 3.9714231
75191 2.6181211
75210 3.00986
75229 3.9474974
75249 4.951556
75270 5.2095366
75291 5.3151884
75309 4.3799467
75328 2.2844114
75347 0.5139036
75377 -0.5769625
75388 -1.3565645
75408 -1.6358004
75427 -2.0972872
75446 -2.829297
75466 -2.9292421
75487 -3.089963
75508 -3.1618013
75525 -3.3353853
75544 -2.8269014
75564 -1.5265627
75584 0.4393797
75605 1.7214689
75624 2.3999357
75643 2.6863432
75663 2.9838285
75682 4.37247
75702 5.7997007
75724 7.152728
75742 7.0288267
75761 5.6844816
75782 4.6516905
75800 4.2772856
75820 2.444522
75841 0.026370049
75863 -0.10410786
75879 1.5934019
75898 2.0117826
75918 -0.15798664
75940 -1.5543795
75958 -1.7064333
75977 -1.1593447
75997 -0.6969576
76016 -0.788846
76036 -1.4499483
76056 -0.55660725
76076 1.2294645
76097 2.068637
76115 2.839572
76135 4.1384306
76155 5.4480467
76175 4.6130857
76193 3.6275663
76214 4.8869047
76236 5.9041624
76255 5.7239866
76272 4.4894896
76292 2.43645
76311 0.011416435
76333 -1.5433168
76351 -1.6780062
76372 -1.639081
76391 -2.6072512
76410 -3.208188
76434 -3.1375551
76450 -3.2282228
76472 -3.1905184
76492 -2.3588228
76509 -0.35429096
76529 1.7418242
76548 2.1626005
76568 1.5889006
76589 1.6909361
76607 2.499301
76627 3.9160643
76648 4.8970823
76667 5.8107786
76686 6.204318
76706 5.79642
76726 5.341525
76746 4.0600157
76767 2.0404997
76790 -0.8112917
76805 -2.9023256
76825 -2.5291262
76844 -0.23817158
76863 1.5673399
76883 1.1675138
76902 -0.38961506
76922 -1.0851107
76942 -1.3431063
76964 -1.7255678
76981 -1.0429201
77000 0.40017986
77023 0.82275677
77040 0.06468487
77060 -0.30730915
77079 -0.468915
77099 -0.15137959
77119 1.3372068
77140 3.4692411
77159 5.4743834
77179 7.3257017
77199 9.481082
77216 8.2576475
77237 4.286868
77257 1.535037
77277 -0.34980488
77301 -2.6054354
77315 -4.5432405
77335 -5.0675936
77356 -4.8194857
77376 -4.4441957
77395 -4.437299
77414 -4.6925936
77434 -3.7250338
77453 -1.4481325
77473 0.91073895
77493 2.013278
77512 2.188342
77532 2.646243
77552 3.3893614
77572 4.2832823
77595 4.7444487
77611 4.9844847
77630 5.596484
77650 5.8089933
77670 4.6038084
77690 3.6018095
77709 0.9532347
77734 -2.5168734
77748 -2.8807802
77768 0.7407408
77787 3.317813
77807 2.2482023
77828 0.074557304
77848 -0.9399538
77868 -1.485837
77886 -1.1332979
77908 -1.4026613
77926 -2.026929
77949 -1.7444429
77966 0.079348564
77985 1.5547819
78004 1.8648252
78024 1.8809843
78044 2.3706083
78065 3.5880613
78084 4.84711
78105 5.884387
78124 7.6411467
78142 9.467013
78162 6.571231
78181 1.6086454
78201 -1.4738894
78223 -2.7712526
78241 -3.3195314
78261 -3.338376
78280 -3.342267
78299 -3.2261324
78320 -2.9235659
78339 -3.0750093
78359 -2.5405092
78379 -1.5199709
78399 -1.0390444
78418 -0.19987202
78437 0.24005413
78458 0.09552288
78477 0.58513165
78497 2.3753996
78519 4.4523497
78536 5.1945677
78555 4.5990324
78575 4.1854124
78595 5.1634398
78615 6.8821898
78634 6.017276
78654 3.9965544
78673 0.505496
78694 -2.4908266
78721 -3.199811
78733 -0.0753603
78752 2.5142546
78772 1.2160215
78792 -0.966321
78811 -1.5136843
78831 -1.0770388
78851 -0.44527912
78871 -0.62695026
78889 -1.5540743
78911 -0.27647114
78933 1.6215239
78949 2.7126951
78968 2.1105375
78988 1.3851042
79009 1.7112913
79030 2.0443907
79047 1.9875364
79067 2.7189665
79086 6.0750456
79106 8.123569
79126 6.5179625
79146 2.756671
79166 -0.51380634
79187 -2.4671755
79204 -2.8702974
79225 -2.8795748
79243 -3.0396852
79264 -2.916379
79283 -2.889142
79303 -2.737134
79323 -1.8372164
79347 -1.069562
79365 -0.3827181
79382 -0.037060738
79401 -0.27499104
79421 -0.90554523
79440 -0.9995394
79460 0.34361553
79480 2.646533
79500 3.8822355
79519 3.622775
79540 3.9528685
79559 5.4857817
79578 5.3869963
79600 2.542697
79620 0.43817425
79637 -0.7768831
79657 -1.8357058
79681 -2.5892763
79697 -1.4457521
79716 1.4195127
79736 2.5151548
79756 1.2782469
79776 -0.9336977
79798 -2.778119
79817 -3.366788
79834 -3.587369
79854 -3.0504732
79873 -1.5741396
79893 -0.41923237
79913 -0.41683674
79933 -0.84063435
79952 -0.8867159
79972 -0.8517122
79991 -0.9292116
80012 -0.5970125
80032 0.16914654
80050 0.969409
80070 0.90684795
80090 2.1533232
80112 2.7970762
80131 1.9133024
80150 1.0471983
80168 0.17959881
80189 -1.1749086
80209 -2.3708315
80227 -2.8547335
80248 -2.8795748
80267 -3.2231417
80287 -4.055127
80307 -4.4403048
80328 -4.350507
80346 -3.5559359
80367 -2.152646
80385 -0.81127644
80405 0.36427593
80424 1.1070585
80446 0.5531187
80464 0.11407757
80484 1.8606443
80503 4.153674
80523 5.002429
80542 3.9920835
80563 3.9567595
80583 4.200671
80602 4.2644224
80622 5.512698
80641 8.235507
80662 7.1847563
80681 3.550662
80702 0.8808012
80726 -0.4970522
80739 -1.0740633
80759 -1.1988497
80779 -0.7517214
80801 -0.6032839
80820 -0.26690388
80838 0.17033672
80857 -0.24654865
80879 -1.7402315
80897 -1.5136995
80918 -1.2147036
80940 -0.9043703
80956 0.2649107
80976 1.7642698
81000 2.2269468
81015 2.2751493
81035 2.2362394
81053 2.2847013
81073 3.4315367
81093 4.0713835
81114 4.729495
81134 4.5975065
81154 4.064502
81172 4.2141447
81192 3.8609953
81214 3.9741392
81232 3.9442015
81251 1.9330626
81275 -0.24537373
81290 -1.5843172
81310 -2.3151522
81330 -2.6647005
81350 -2.6524324
81371 -3.2515688
81389 -3.935422
81411 -4.2158327
81431 -4.0440645
81448 -3.2213564
81469 -1.9401522
81488 -0.6855898
81507 -0.05682087
81526 0.28015423
81546 0.8027067
81566 1.2354612
81587 1.9821501
81606 2.944003
81625 3.8379545
81646 4.771991
81665 4.760928
81687 4.710635
81704 4.8788176
81723 5.024905
81743 5.649188
81766 5.497119
81785 3.2283354
81805 0.590518
81828 -0.36178303
81843 -0.4060793
81861 -0.46592426
81882 -1.1084719
81901 -1.7070284
81920 -2.2454195
81940 -2.0957766
81959 -1.7821321
81982 -1.6175356
82000 -1.557065
82019 -0.9247103
82039 0.9705992
82058 3.1469297
82078 3.5018644
82098 2.0509825
82117 1.3916807
82139 1.4688902
82156 1.835803
82176 3.0520658
82197 4.8662596
82215 5.828738
82235 6.832507
82255 6.074435
82274 3.1663847
82294 0.16435528
82320 -2.5117617
82334 -2.393857
82356 -1.0647707
82373 -1.6145601
82392 -2.5512667
82412 -3.4778414
82433 -4.14491
82452 -3.6852236
82471 -2.675168
82491 -1.3912783
82510 0.6312132
82532 2.0040007
82551 2.1299925
82574 2.4630766
82589 2.3185453
82609 3.4539824
82628 6.180682
82649 6.7505064
82669 6.2656736
82687 5.7347593
82707 6.1142454
82727 7.0003843
82749 5.8736143
82766 2.329608
82786 -0.71792316
82809 -1.0716677
82825 0.2376585
82844 1.1073637
82867 0.03506756
82885 -1.6537447
82905 -2.3283205
82924 -2.0173616
82943 -1.8003817
82966 -1.584012
82984 -1.4280977
83003 -0.5682802
83022 1.5116911
83042 3.70267
83061 4.222827
83082 2.1709929
83101 0.9990263
83121 2.2574797
83140 2.9631681
83160 2.83208
83179 3.076602
83200 5.0197935
83218 6.737033
83238 5.1385984
83257 1.2483244
83280 -1.0477114
83297 -1.785428
83317 -2.1526613
83337 -2.7553835
83357 -2.7380037
83376 -1.9380465
83396 -2.4028292
83417 -3.5161257
83435 -3.7430086
83457 -3.1612062
83474 -2.1421633
83494 0.16345501
83514 1.9222898
83534 1.5796385
83555 1.1277037
83574 1.2890196
83592 3.1310606
83612 5.080859
83634 4.655566
83652 3.5482664
83673 3.6937132
83693 5.208926
83711 5.571063
83730 3.694888
83751 0.9705839
83774 -0.3662691
83790 0.46213055
83809 2.250308
83828 1.3246489
83848 -0.847806
83869 -1.6654177
83889 -1.5005007
83909 -1.2479372
83928 -1.682477
83952 -2.4088259
83967 -2.2855196
83987 -0.61137104
84006 2.4163847
84026 4.6226683
84046 4.1025267
84065 2.688449
84087 1.8342924
84105 2.59447
84126 3.8681822
84144 5.010516
84163 6.9833403
84184 6.875003
84202 4.3284636
84223 2.024951
84246 0.42651653
84262 -1.2239962
84281 -2.189145
84302 -1.9895449
84321 -1.6785707
84341 -2.1972322
84360 -3.3443575
84380 -3.7142458
84403 -3.37399
84421 -2.4737673
84441 -1.0225649
84459 0.037768364
84479 0.37834454
84498 0.84968853
84519 1.8202391
84538 2.989215
84559 4.2129545
84577 5.183795
84597 5.285861
84616 5.769763
84636 6.3369017
84656 8.585361
84676 6.866626
84694 2.0812101
84715 -2.0416079
84737 -2.9107027
84754 -0.29053974
84774 2.4187956
84793 2.7327147
84813 1.0083189
84832 -0.92950153
84855 -1.919507
84873 -2.50488
84892 -2.987317
84910 -3.0007753
84931 -1.4403658
84953 0.5474272
84976 2.3460722
84991 4.459262
85009 5.1541624
85029 4.010043
85049 3.3324766
85071 3.4689512
85092 3.4309263
85110 4.626544
85128 8.2142515
85147 8.266025
85168 4.1770353
85187 0.82036114
85210 -0.98518085
85228 -1.8419771
85246 -2.1828737
85265 -2.471982
85285 -2.7838259
85305 -2.9959993
85326 -3.5460787
85345 -3.650815
85364 -2.8801851
85383 -1.8075838
85408 -0.6760225
85423 0.8173857
85442 1.456317
85462 1.4263945
85482 1.6230192
85501 2.4702635
85522 4.448184
85542 5.8751097
85560 6.1995115
85580 6.658633
85600 6.8217344
85621 5.322955
85640 2.3772001
85664 -1.5301485
85680 -2.7015047
85698 -0.6098757
85718 2.9946012
85739 3.7278318
85759 1.3162565
85779 -1.5433168
85800 -3.1492434
85817 -3.705884
85838 -2.6850405
85856 -1.2419405
85883 -0.05352497
85899 0.21643353
85915 1.2399321
85934 2.4382505
85954 2.8159208
85974 2.9604826
85994 2.9347563
86013 3.1532164
86033 4.1318235
86052 5.750018
86072 6.0400114
86093 6.663104
86112 5.3992796
86131 2.974246
86151 0.77278423
86174 -0.73707294
86193 -1.5253572
86210 -1.7360201
86229 -1.5124788
86249 -2.2199678
86269 -3.0516634
86290 -3.6744509
86309 -3.496091
86328 -3.0196352
86347 -2.0978823
86367 -0.6320162
86389 1.5089903
86407 1.7813444
86428 1.175601
86447 0.7395506
86465 1.7508116
86485 3.9621458
86506 5.038043
86525 4.6516905
86546 4.0327787
86565 3.6108122
86583 5.938571
86603 7.267947
86623 4.212634
86645 -0.30582905
86667 -1.5041018
86682 -0.04633808
86702 1.2704802
86723 0.9149351
86741 -0.85737324
86762 -1.991025
86780 -2.366315
86800 -2.0637636
86820 -1.995511
86841 -2.4124117
86864 -1.7953157
86881 0.30021954
86900 2.0378141
86918 2.5576506
86940 2.6393614
86957 2.777606
86977 3.0876799
86997 3.4776182
87017 4.3416166
87036 6.0795317
87057 7.5268126
87077 8.165179
87096 5.1155577
87115 1.1770964
87138 -2.2717562
87154 -3.9815035
87174 -4.073102
87193 -3.9997683
87213 -4.5462465
87233 -4.796735
87252 -3.9455996
87272 -3.184247
87295 -2.0365114
87314 -0.5215883
87331 0.4495573
87351 0.22630596
87371 0.009631157
87391 0.4863615
87412 1.6517363
87430 4.23479
87451 5.771579
87472 5.5034056
87492 5.575244
87509 6.135791
87531 7.7437925
87550 7.6085234
87568 3.3653898
87587 -0.8077059
87615 -3.2925844
87627 -1.8512545
87646 1.1944609
87666 2.2517881
87685 0.17570782
87707 -1.5020266
87726 -1.55618
87745 -2.0769167
87766 -2.4737673
87785 -2.0161715
87813 -1.0150881
87826 0.3459959
87843 2.4268827
87863 3.864581
87882 3.8672667
87902 3.4183683
87923 3.847827
87943 4.6220427
87961 4.9731016
87981 4.773486
88000 5.8817015
88020 8.079883
88042 7.369113
88060 3.7424803
88079 0.63930035
88104 -1.7976961
88121 -2.8511477
88140 -2.0428133
88160 -2.0586672
88178 -3.5795717
88198 -4.481595
88217 -4.770383
88237 -4.276593
88256 -3.2372103
88279 -2.4647799
88298 -1.2323732
88318 -0.5566225
88335 0.17631817
88355 0.47230816
88376 0.103899956
88397 1.5110807
88415 4.133334
88433 5.9912443
88453 5.9337797
88481 5.8942747
88494 5.7928343
88513 5.5767546
88534 5.271487
88551 2.4164
88572 -0.57008076
88597 -0.18340778
88616 2.4460173
88631 2.804553
88651 0.13351727
88670 -2.250516
88689 -3.3973513
88709 -2.9451265
88729 -1.6330843
88748 -0.26151752
88768 0.4774046
88789 0.98016644
88812 2.5875883
88830 3.2313108
88846 2.555255
88866 1.6116514
88886 2.1072416
88906 3.3336668
88926 4.049548
88948 4.436801
88965 5.923312
88984 7.2110777
89005 5.794009
89024 1.9462309
89049 -0.994153
89063 -2.3274202
89083 -2.4537172
89102 -0.9139223
89123 -1.7195864
89145 -3.6128054
89163 -4.466626
89181 -4.0326815
89201 -3.0672274
89222 -2.2508059
89240 -1.780652
89260 -0.6526766
89280 0.29483318
89299 1.1118498
89320 1.9363585
89341 2.808154
89361 4.9841795
89379 7.223056
89398 7.319415
89419 6.571536
89439 6.2683744
89458 7.35892
89477 7.323016
89497 4.8992033
89516 -0.35011005
89541 -4.3209047
89556 -3.1959047
89575 0.48308086
89595 1.7810392
89614 0.27658367
89634 -1.1027803
89655 -1.7869234
89675 -1.7749453
89695 -0.17203999
89713 0.86256695
89732 0.30740643
89753 0.06709576
89771 1.1782866
89791 3.0933561
89812 3.4025145
89831 3.2684355
89850 3.6628752
89870 3.4423094
89890 3.7083616
89911 5.5926085
89930 9.37395
89950 9.676822
89972 4.6250486
89988 0.41035748
90010 -2.175992
90027 -2.6760683
90047 -1.8629274
90068 -2.8308077
90087 -4.67822
90106 -5.509015
90127 -5.2085238
90147 -3.6714602
90168 -2.4761477
90185 -1.1814852
90204 -0.32766438
90225 -0.12655354
90245 0.30888653
90266 1.005908
90283 1.9085417
90303 4.4792967
90322 6.9016447
90345 6.8887815
90365 5.369342
90382 6.199527
90401 8.161288
90421 7.5259123
90442 3.5377684
90462 -1.4849672
90483 -3.515851
90500 -1.663022
90519 1.8181486
90539 2.927249
90559 1.7496061
90579 0.07936382
90598 -1.0899019
90618 -1.5492983
90637 -1.4089327
90658 -0.9070711
90679 -0.1783266
90697 1.4491453
90716 2.6405668
90736 2.945529
90756 2.4514036
90776 1.8483763
90796 1.519763
90817 1.4159269
90835 2.3783903
90854 4.822589
90874 8.194797
90893 9.19649
90914 5.357974
90933 0.94754314
90956 -1.69415
90972 -2.9930086
90992 -2.9630861
91011 -2.144269
91031 -1.8063631
91051 -2.4590883
91070 -3.2901735
91090 -3.6609926
91111 -2.9379244
91132 -1.5097933
91148 -0.45455647
91168 0.4968443
91188 1.494937
91209 2.191928
91228 2.6887388
91249 4.0082273
91271 5.943057
91286 6.4775724
91306 5.369952
91327 6.6804686
91350 8.380954
91366 4.172534
91386 -1.2987947
91408 -3.113614
91425 -0.89986897
91443 2.334094
91464 3.412387
91484 1.5556822
91504 -0.8645601
91523 -1.4508486
91545 -1.7782564
91563 -2.68147
91582 -3.0339937
91602 -1.9054384
91622 -0.49496174
91641 1.4180174
91662 2.7943754
91681 3.1214933
91700 2.401126
91720 2.2799253
91740 2.7458982
91760 3.6194792
91780 5.9999113
91799 8.415652
91820 7.9897947
91839 4.266223
91857 0.46721172
91881 -0.85976887
91898 -0.62603474
91916 -0.7723818
91936 -1.9919252
91957 -3.0959597
91975 -3.7678347
91995 -4.0811586
92019 -3.7956667
92034 -2.8631105
92054 -1.524457
92074 -0.54523945
92095 0.36427593
92118 0.048830986
92134 -0.24087238
92157 1.1268187
92172 3.6715574
92192 6.43027
92211 8.115787
92231 7.685733
92251 6.5520964
92275 6.9384336
92291 6.643649
92312 3.2492857
92335 -0.6769228
92359 -2.7386293
92370 -2.0101748
92391 0.15835857
92409 1.9534025
92429 1.0522947
92449 0.0012388229
92469 -0.29952717
92488 -1.5427217
92508 -2.245099
92527 -2.1562319
92549 -1.3242311
92566 -0.347394
92586 1.6224394
92606 3.0041838
92625 3.082263
92645 1.5640593
92668 0.94575787
92685 1.9007444
92704 3.3034391
92723 4.749835
92744 6.7358427
92763 8.984897
92784 7.065936
92802 3.030795
92822 0.68329144
92846 -0.8900118
92862 -1.8449831
92881 -2.2226686
92902 -2.051175
92921 -1.8375063
92940 -2.776929
92959 -4.585767
92981 -4.3283663
92999 -1.7770357
93019 -0.49195576
93039 -0.14957905
93058 0.31010723
93077 0.3229704
93100 0.3184843
93116 1.088809
93136 2.6034422
93156 4.7381773
93176 7.2263517
93196 7.973941
93217 6.7675657
93236 6.597583
93256 5.669223
93280 1.8510771
93295 -2.5617647
93320 -4.125455
93341 -2.3399782
93353 1.7822294
93375 2.6163054
93396 0.2014494
93413 -1.3077822
93431 -1.3487825
93451 -1.7620821
93473 -1.7998018
93491 -1.3616457
93510 -1.2889223
93530 -0.08076191
93552 1.9800596
93571 3.3058348
93591 2.5382109
93610 1.1923552
93629 1.6122465
93649 3.381259
93669 4.0989103
93687 4.578067
93707 5.766177
93727 7.203311
93746 3.922946
93766 -0.5144167
93790 -2.809842
93807 -3.1178102
93826 -1.4978304
93845 -0.9722872
93868 -2.5629396
93887 -3.414075
93903 -3.389844
93925 -2.8475618
93943 -1.6974459
93963 -0.9312868
93983 -0.259717
94003 0.4232359
94022 1.0636778
94042 1.255496
94062 1.3955717
94081 2.6321745
94103 4.7181273
94121 6.457217
94140 6.7930174
94159 6.675082
94179 7.033618
94201 5.5174894
94219 1.7502012
94238 -2.5315218
94261 -4.334958
94278 -2.318143
94298 1.7038298
94318 3.2441893
94341 1.5823088
94357 -0.540143
94377 -1.1120577
94397 -1.6031618
94416 -1.737546
94435 -1.3311281
94455 -0.8786135
94476 0.42621136
94498 1.8986387
94514 2.1332884
94534 1.1124754
94555 1.0789366
94573 2.5603514
94593 3.550952
94612 4.1518736
94634 5.385501
94654 5.720996
94675 5.602786
94691 4.7315855
94711 2.94971
94730 0.031176567
94753 -2.073041
94770 -2.687436
94792 -2.635068
94811 -2.9801302
94831 -3.223462
94850 -2.8316927
94871 -2.2855043
94887 -1.6881533
94909 -1.1677217
94928 -0.33723164
94947 0.82695293
94969 1.4880552
94987 1.9552183
95006 1.724185
95025 2.4891233
95045 5.1260405
95068 6.2920103
95084 5.4223204
95104 4.720523
95124 5.632098
95144 7.0108824
95163 6.1079435
95184 3.1487303
95205 0.14787579
95228 -0.45664692
95242 0.9696989
95262 2.0048857
95281 0.8003111
95301 -1.4604311
95321 -2.6048403
95341 -3.129468
95360 -3.003766
95380 -2.532712
95400 -1.994916
95422 -1.2721682
95442 -0.13671589
95458 1.3108702
95479 1.590991
95499 0.94246197
95519 0.9209318
95539 3.0879698
95556 5.950534
95576 7.697406
95596 7.5528593
95616 9.118655
95639 11.394061
95658 7.246402
95675 1.5458097
95694 -0.76879597
95719 -0.46203327
95734 -0.15318012
95755 -1.9760561
95776 -3.6262636
95794 -3.9770327
95814 -4.0290956
95841 -3.5568514
95854 -2.323224
95872 -1.1644411
95892 0.44087505
95912 1.6658049
95931 1.2348661
95951 0.48009014
95970 1.1459684
95993 3.0035734
96009 6.8064756
96030 8.748157
96049 7.4867277
96069 6.2255583
96090 6.4829435
96111 7.097354
96128 6.0998716
96149 2.6210966
96167 0.089221
96190 0.75422955
96206 2.8482542
96226 2.5103788
96246 0.050326347
96265 -2.4638796
96286 -2.2825289
96307 -1.1973543
96328 -1.4538393
96345 -2.0673494
96364 -1.0959139
96384 1.5368223
96407 3.756549
96423 4.1533995
96442 2.7306242
96462 1.7774229
96481 2.8249083
96503 5.1634398
96523 5.975665
96541 5.9613066
96560 6.46918
96580 5.811694
96599 3.74129
96621 1.5883055
96644 -0.17802143
96659 -0.31837177
96679 -0.101101875
96699 -0.5993929
96719 -2.3181276
96737 -3.923459
96757 -4.848813
96777 -4.26254
96797 -2.3073702
96816 -0.5147219
96838 1.1753111
96856 1.0822172
96878 0.5252867
96896 0.56688213
96915 0.30650616
96935 1.2767515
96954 4.5115995
96974 6.919589
96994 7.9550657
97013 8.793063
97033 8.259753
97053 6.3153563
97074 3.66286
97092 0.35438824
97114 -1.5361452
97132 -0.85618305
97150 2.2709532
97172 3.694293
97191 1.8824797
97210 -0.1067934
97230 -0.68768024
97250 -1.1408052
97271 -1.0052156
97288 -1.4056368
97310 -1.0534029
97329 0.8000212
97348 2.1907377
97367 2.6258879
97388 2.435855
97407 2.9476042
97428 3.8409452
97446 4.4457884
97466 4.4667234
97486 4.4529753
97505 6.6879454
97527 9.284472
97546 9.11925
97564 5.6560545
97583 1.7370329
97607 -0.75443745
97623 -1.5702486
97643 -1.7629824
97663 -2.1771822
97682 -3.0393953
97702 -3.6654634
97723 -3.809125
97743 -2.749402
97761 -1.8431826
97780 -1.3404055
97800 -0.08375263
97821 1.0427275
97842 0.7991209
97859 0.5902281
97880 2.162036
97899 4.713626
97919 7.2490873
97939 8.555423
97959 7.579196
97978 6.38898
97999 5.1595488
98017 4.3553953
98036 3.5659056
98059 3.135562
98076 1.3273344
98095 -0.7038393
98119 -0.78106403
98135 1.4183073
98156 2.9868193
98177 2.7057981
98193 1.788806
98213 -0.033780098
98233 -1.4663973
98253 -2.5183535
98273 -2.8343935
98292 -2.4186983
98315 -0.7864504
98332 1.3713255
98351 2.8973417
98373 3.7371092
98393 4.5652037
98412 5.172717
98433 5.1939573
98450 5.1580687
98470 5.8508787
98490 6.923785
98511 6.5814238
98530 4.65108
98548 2.4313536
98568 0.085635185
98593 -1.7429323
98607 -1.8303347
98631 -0.71851826
98646 -1.0025301
98667 -2.290616
98685 -3.3111238
98705 -3.9584627
98725 -3.1644716
98745 -1.2781649
98764 0.8113737
98784 1.8292112
98804 1.902545
98824 2.0434904
98844 1.872302
98863 2.096179
98882 3.8550138
98902 6.2563963
98922 6.6753874
98942 5.693164
98961 4.8428984
98981 5.1092863
99000 5.515689
99020 5.1152678
99040 3.3959074
99060 1.234561
99087 0.07487774
99100 0.6964598
99118 2.652835
99139 3.6359434
99161 1.7161131
99178 -0.96810627
99198 -1.5376406
99218 -0.80441
99236 -0.54523945
99257 -0.764905
99281 0.019198418
99302 2.5618467
99316 4.3290586
99335 4.7381773
99355 4.1105986
99376 3.4372282
99396 3.5332975
99415 4.408374
99433 4.915942
99453 5.0551176
99475 5.1733274
99495 4.2060575
99513 3.1699705
99531 2.3906431
99554 1.4156065
99572 0.17033672
99591 -0.5470247
99614 -0.1262331
99630 0.34660625
99650 -0.4482546
99669 -2.3729067
99690 -3.4392214
99710 -1.5576754
99730 0.08624554
99748 1.0744505
99768 1.8986387
99787 1.9198942
99808 1.4419584
99829 1.0148802
99847 1.3904753
99867 3.1122313
99887 5.428912
99906 6.6520414
99929 7.61481
99950 8.153201
99964 8.663165
99984 8.193622
100004 5.7667875
100025 2.7725248
100044 1.487155
100063 2.3676176
100083 4.2482634
100103 4.041461
100128 1.5852995
100145 -0.15795612
100163 -1.3251314
100181 -2.511777
100201 -2.097272
100222 -0.8854952
100241 -0.090023994
100270 -0.025982857
100284 1.1672239
100300 2.5325193
100320 3.2408934
100341 3.0374022
100359 3.0116606
100381 3.91846
100403 5.062289
100418 5.7748594
100437 6.6720915
100457 6.374011
100476 8.583865
100496 8.119983
100516 4.3320494
100536 1.0558805
100560 -0.59611225
100575 1.606555
100594 0.65007305
100614 2.8401823
100634 1.321063
100654 3.1358519
100674 -0.063687325
100693 -4.64021
100713 -2.706296
100733 1.084918
100752 2.9778318
100773 2.290103
100792 -0.5895357
100812 -2.369031
100832 -0.76879597
100851 0.75841045
100870 1.5766325
100891 3.2196684
100910 4.8138914
100933 4.278796
100948 4.669345
100970 4.9853697
100988 4.7001677
101008 6.5577726
101027 8.355823
101047 4.9856596
101069 3.1813383
101086 2.7629576
101107 0.03238201
101137 -1.4556093
101146 0.93109417
101166 2.9206724
101184 1.5640593
101204 -0.14478779
101227 -1.3320131
101245 -1.7875185
101268 -2.2579775
101291 -1.2898378
101302 0.090426445
101322 0.9218321
101341 0.8116789
101361 1.1307096
101403 -0.006222725
101403 0.2361784
101420 2.1249113
101441 3.4474058
101460 4.356311
101481 4.5840483
101499 4.35271
101520 3.8573942
101539 3.788272
101558 3.2486753
101578 3.5024595
101598 5.408572
101618 5.2233152
101636 2.2293425
101657 0.3056059
