1062 0.5113693
1082 0.44599092
1102 0.3856188
1122 0.35324383
1141 0.31523696
1161 0.26381624
1181 0.21729356
1200 0.18970846
1221 0.18187237
1240 0.19920358
1259 0.23541684
1279 0.27412978
1299 0.30471116
1319 0.3094719
1338 0.32002684
1358 0.3561305
1378 0.40164888
1397 0.42172667
1417 0.41609338
1436 0.40678832
1456 0.4140515
1476 0.4001216
1496 0.37014225
1515 0.34533006
1535 0.3320799
1555 0.31453228
1574 0.29227665
1594 0.2532072
1614 0.21332212
1634 0.19180168
1653 0.17574805
1673 0.15482825
1692 0.14837933
1712 0.15382117
1732 0.15273085
1754 0.16527358
1778 0.18788156
1793 0.22237891
1812 0.26724252
1832 0.29970074
1851 0.31349468
1870 0.34176505
1891 0.36132404
1910 0.3386897
1930 0.30506074
1949 0.30631334
1969 0.305961
1990 0.2846306
2011 0.23927732
2028 0.20211385
2048 0.19033267
2067 0.18568014
2087 0.17705336
2109 0.17112464
2127 0.18203467
2147 0.20020927
2167 0.21046457
2185 0.2252642
2206 0.24036624
2225 0.25271893
2248 0.2524193
2265 0.25239295
2283 0.2510599
2304 0.24088782
2326 0.22706613
2343 0.22282141
2362 0.22943263
2383 0.231014
2402 0.22141066
2422 0.18917023
2443 0.15869704
2461 0.1456924
2481 0.13930035
2500 0.13127422
2520 0.12297344
2540 0.116524525
2561 0.10877028
2579 0.11959848
2599 0.1460697
2619 0.17871796
2639 0.22774445
2660 0.2874646
2677 0.34663817
2697 0.41049063
2717 0.4482811
2737 0.4517088
2756 0.4539962
2777 0.50027615
2795 0.5402708
2815 0.56369585
2835 0.570633
2855 0.5575188
2878 0.49230272
2894 0.3612755
2913 0.3392113
2933 0.444121
2953 0.59041256
2973 0.6751058
2996 0.6922192
3012 0.68873745
3031 0.6831333
3051 0.72182125
3071 0.788695
3091 0.9924206
3111 1.2705023
3130 1.3904836
3150 1.4674516
3169 1.5126704
3190 1.4272962
3212 1.2637815
3228 1.1707057
3248 1.2867419
3268 1.3575606
3287 1.374104
3307 1.2814096
3327 1.1507624
3347 1.1062803
3366 0.9969081
3386 0.8987178
3406 1.0014234
3428 1.1636853
3445 1.2987949
3466 1.2108072
3485 1.1039929
3504 1.0205495
3524 0.93988323
3545 0.88865256
3563 0.78129447
3583 0.65663296
3602 0.6018927
3622 0.64302903
3642 0.62610704
3661 0.4667276
3681 0.29366657
3700 0.2553587
3720 0.31292734
3741 0.34372374
3763 0.32897818
3780 0.18350229
3799 -0.0028103048
3818 -0.07439067
3839 -0.056677993
3859 0.06537151
3878 0.24387576
3898 0.32334632
3917 0.2655072
3937 0.1948784
3956 0.2234179
3976 0.32244882
3996 0.45247173
4016 0.4902622
4035 0.4477096
4055 0.2712986
4075 0.03209487
4095 -0.19423737
4114 -0.24440826
4133 -0.072110176
4153 0.121084124
4174 0.15767886
4193 0.12595724
4213 0.26604402
4232 0.6339903
4252 0.87351996
4271 0.97141206
4291 1.0650858
4318 1.1036364
4330 0.9285889
4350 0.5386076
4370 0.16622795
4389 -0.024954969
4409 -0.14928913
4429 -0.2604272
4449 -0.43136865
4468 -0.5911545
4488 -0.71157414
4508 -0.81297296
4530 -0.8115289
4547 -0.61485004
4566 -0.39901865
4586 -0.28129432
4605 -0.24712294
4626 -0.2146675
4646 -0.2410333
4665 -0.2935152
4685 -0.35413143
4704 -0.38128236
4725 -0.34058163
4746 -0.30023602
4764 -0.3078002
4783 -0.31960773
4802 -0.3317149
4822 -0.3390613
4843 -0.37731507
4863 -0.425906
4883 -0.44342726
4901 -0.45452735
4921 -0.4429362
4941 -0.4246534
4960 -0.40557852
4980 -0.3815834
5000 -0.34923336
5019 -0.29511878
5040 -0.22661096
5060 -0.14955963
5080 -0.09111846
5098 -0.07925684
5118 -0.051097438
5137 -0.0056623113
5158 0.03416729
5177 0.048421774
5198 0.07241969
5216 0.12237003
5235 0.1899526
5255 0.22483002
5275 0.21789144
5294 0.17819639
5314 0.14524989
5333 0.14813241
5353 0.12005485
5374 0.062350273
5393 0.03848969
5416 0.006874865
5433 -0.05442108
5452 -0.11035841
5471 -0.1191447
5492 -0.110601164
5510 -0.09291761
5530 -0.03747134
5550 -0.007706989
5570 0.026818102
5590 0.087244295
5610 0.12892576
5631 0.17430817
5649 0.21188086
5668 0.19158529
5687 0.14832662
5708 0.16119532
5727 0.21267015
5749 0.21370359
5769 0.18097349
5786 0.20494227
5806 0.19490337
5826 0.23748094
5844 0.28503704
5865 0.333818
5885 0.3989217
5905 0.46677616
5924 0.49235126
5944 0.48394644
5965 0.56012803
5985 0.6301312
6003 0.62479895
6023 0.6365801
6042 0.63513887
6062 0.65206224
6082 0.66435945
6103 0.71153826
6121 0.7699225
6141 0.85880494
6160 0.96651673
6181 0.9707878
6200 0.9188497
6220 0.907124
6241 0.98760164
6259 1.1470602
6278 1.1892562
6299 1.1968732
6318 1.1430041
6337 1.0502292
6357 0.92034507
6377 0.8044157
6396 0.77462363
6416 0.88530254
6436 0.9964947
6455 0.9919781
6475 0.8686233
6495 0.8389408
6516 0.8786095
6534 0.9899376
6554 1.1850934
6573 1.4111273
6593 1.5981473
6612 1.7843503
6633 2.0077708
6652 2.3175232
6672 2.697685
6691 3.025065
6712 3.3475206
6730 3.7472162
6750 4.143376
6771 4.5124087
6789 4.87924
6809 5.194947
6829 5.371193
6849 5.3497014
6869 5.0500994
6888 4.5505266
6908 4.0021453
6928 3.409118
6950 2.7288923
6984 2.0422454
6988 1.2917167
7006 0.45951298
7026 -0.30959657
7045 -0.9480576
7066 -1.4027127
7085 -1.6142453
7105 -1.5910655
7124 -1.3365476
7144 -0.893076
7163 -0.35288298
7184 0.21116924
7204 0.8157072
7222 1.4905742
7243 2.2234192
7262 2.9263074
7284 3.6080575
7301 4.2324
7322 4.7465286
7340 5.0648494
7360 5.132948
7380 5.014652
7401 4.8408003
7421 4.6063848
7439 4.2160473
7459 3.6787643
7478 3.0703645
7512 2.2798414
7522 1.2842622
7538 0.18548766
7557 -0.8764481
7578 -1.7212205
7597 -2.4029968
7618 -2.9398425
7637 -3.2324784
7655 -3.175398
7675 -2.8393922
7695 -2.4074285
7714 -1.8607879
7734 -1.0999223
7755 -0.053849395
7774 1.2388293
7793 2.4629197
7813 3.5563898
7834 4.67598
7853 5.82691
7873 6.560026
7891 6.7054996
7912 6.52901
7931 6.16463
7954 5.723661
7971 5.1239963
7990 4.3190007
8010 3.45834
8041 2.5538225
8052 1.3358258
8069 -0.19238411
8089 -1.5408645
8108 -2.4235365
8129 -2.802175
8148 -2.646118
8169 -2.1382194
8187 -1.5775406
8207 -1.1667184
8226 -0.6613779
8246 0.24656712
8265 1.5487409
8285 2.7857542
8306 3.7450411
8326 4.5376325
8345 5.2279506
8365 5.575816
8384 5.5632997
8405 5.402235
8424 5.1858597
8442 4.7646146
8463 3.9114914
8482 2.691511
8518 1.5249114
8525 0.67782634
8542 0.05119766
8560 -0.5910727
8580 -1.1998789
8599 -1.7805537
8619 -2.2125435
8639 -2.3639772
8659 -2.2877967
8679 -1.9649333
8698 -1.2049932
8721 -0.1187328
8738 0.9859717
8757 1.9409318
8777 2.853258
8798 3.9187584
8817 5.108052
8837 6.1228943
8856 6.7789874
8876 6.890753
8895 6.5861435
8914 5.9356003
8934 5.121326
8955 4.2666535
8974 3.3545165
8994 2.3881302
9026 1.2289573
9033 -0.08216858
9053 -1.3078626
9072 -2.2360518
9091 -2.5788307
9112 -2.447232
9131 -1.9360431
9153 -1.2490426
9171 -0.57436943
9191 0.11752779
9210 0.811084
9230 1.6754441
9249 2.7351503
9271 3.8632538
9289 5.0499606
9309 6.010037
9329 6.4875445
9348 6.269728
9367 5.575952
9387 4.79294
9408 4.1430507
9426 3.5182183
9446 2.648742
9477 1.5683018
9488 0.45785558
9505 -0.72833383
9525 -1.7777848
9544 -2.4157572
9564 -2.6484857
9584 -2.5868874
9604 -2.2468023
9623 -1.8706672
9643 -1.3930242
9662 -0.6488102
9682 0.3536808
9702 1.4754986
9722 2.5131934
9742 3.4069924
9761 4.171096
9781 4.9116383
9800 5.4572706
9821 5.718837
9840 5.6785717
9859 5.257845
9879 4.6290708
9899 4.017598
9918 3.4216883
9939 2.7500062
9972 1.9367142
9977 1.0010433
9997 -0.04467765
10017 -0.96766794
10036 -1.6665303
10056 -1.9683086
10076 -1.7837354
10095 -1.3555822
10115 -0.95531654
10135 -0.67546755
10155 -0.25950024
10176 0.553603
10195 1.5795177
10213 2.610765
10233 3.6191313
10253 4.524195
10273 5.1493535
10293 5.357048
10312 5.186244
10332 4.7513423
10351 4.3089314
10372 3.860018
10391 3.1270926
10411 2.1629908
10444 1.13354
10450 0.099326484
10469 -0.89978987
10489 -1.7085668
10509 -2.1570153
10528 -2.300423
10548 -2.3311112
10568 -2.4007592
10590 -2.5345633
10608 -2.5198455
10626 -2.096425
10646 -1.1956354
10666 0.0050299386
10686 1.2330629
10706 2.2784576
10725 3.2983055
10745 4.267875
10765 4.8974404
10784 5.1035576
10803 5.0828824
10824 4.9163227
10844 4.527565
10863 3.9790754
10883 3.286035
10902 2.4722242
10936 1.6285421
10943 0.6163387
10961 -0.48779565
10981 -1.2887906
11001 -1.5611309
11021 -1.3714738
11041 -0.8337568
11061 -0.121318385
11079 0.44874582
11099 0.84294415
11119 1.2617133
11144 1.91405
11158 2.6734748
11178 3.4018557
11198 4.223557
11217 4.9763703
11236 5.421231
11257 5.4087157
11276 4.9408937
11295 4.2320743
11315 3.5997071
11336 3.0558686
11354 2.346776
11383 1.4591266
11395 0.5792587
11414 -0.37891448
11434 -1.3073466
11453 -2.0694368
11474 -2.5458565
11492 -2.6632535
11512 -2.4445646
11532 -2.108423
11551 -1.663045
11571 -1.0317363
11591 -0.07487167
11611 1.0668613
11631 2.1449072
11650 3.103975
11669 4.026258
11691 4.905909
11709 5.6401668
11729 6.014015
11748 5.9223537
11768 5.5499997
11787 5.1414332
11808 4.4806066
11828 3.5205863
11847 2.5266383
11876 1.6762341
11886 0.9374061
11906 0.14737502
11926 -0.70294875
11946 -1.2208307
11965 -1.1902784
11984 -0.8662164
12004 -0.5365225
12025 -0.22647363
12044 0.15931849
12063 0.77207124
12083 1.5539412
12103 2.4522302
12122 3.3581893
12143 4.2762856
12163 4.954281
12181 5.1216035
12201 4.8958955
12221 4.5362473
12241 4.2615657
12261 4.0815105
12280 3.7017038
12299 2.9108298
12329 1.7546463
12340 0.6098637
12359 -0.3793237
12379 -1.1932982
12398 -1.7144443
12417 -1.9597415
12437 -2.028901
12457 -2.015787
12477 -1.8826886
12496 -1.4131811
12516 -0.56669706
12535 0.6128294
12555 1.9227573
12576 3.1596084
12595 4.2422223
12614 5.255703
12634 6.0805054
12653 6.6035047
12673 6.82494
12693 6.5522428
12713 5.816216
12732 4.9377365
12752 4.106242
12771 3.3155303
12791 2.4897218
12817 1.6483508
12830 0.71706194
12851 -0.16677848
12870 -0.90931
12890 -1.3208673
12910 -1.1869811
12930 -0.653101
12949 -0.0050061834
12969 0.45789
12987 0.74666256
13009 1.1470116
13027 1.7150893
13048 2.4472227
13067 3.205231
13086 4.03485
13106 4.7318883
13127 5.0704226
13146 5.018511
13165 4.6600876
13185 4.195341
13205 3.729805
13224 3.1765254
13243 2.5100951
13273 1.7421855
13284 0.958412
13303 0.10096056
13323 -0.75855595
13344 -1.3934811
13362 -1.7430614
13382 -1.8088208
13401 -1.676215
13421 -1.3786535
13440 -0.8968754
13461 -0.1547269
13481 0.8339123
13500 1.9286319
13520 3.0620687
13539 4.179154
13561 5.167059
13580 5.8809676
13599 6.3026195
13618 6.5458207
13638 6.4328847
13657 5.9679484
13677 5.280485
13697 4.4842243
13716 3.6595328
13736 2.7909012
13766 1.9092914
13776 1.0121738
13795 0.2282355
13815 -0.37877578
13835 -0.8775856
13854 -1.025754
13873 -0.8116912
13895 -0.36702234
13913 0.17700481
13933 0.7765615
13952 1.492236
13972 2.2666779
13992 3.0537736
14011 3.853817
14031 4.869747
14051 5.9230604
14070 6.5654674
14090 6.7033234
14112 6.4391174
14130 5.8909817
14150 5.2363315
14169 4.4270916
14188 3.5375388
14208 2.6450994
14238 1.7209369
14248 0.54516643
14268 -0.68779397
14287 -1.5867074
14306 -2.0730283
14326 -2.2686446
14346 -2.243179
14366 -2.1109824
14385 -1.7726364
14405 -1.0753279
14424 0.025432674
14446 1.2845113
14464 2.540623
14484 3.7418854
14503 4.783116
14523 5.593879
14543 6.1268067
14563 6.3839664
14582 6.3226695
14602 5.969278
14621 5.226126
14641 4.200729
14661 3.1446416
14681 2.1204133
14706 1.1676321
14720 0.3144546
14740 -0.4999264
14759 -1.191986
14782 -1.5797383
14799 -1.4977916
14819 -1.0859624
14838 -0.5052864
14858 0.019640923
14878 0.4980442
14897 1.0327954
14917 1.6425282
14936 2.3059678
14957 3.0299685
14975 3.8603492
14997 4.489126
15015 4.6749773
15035 4.541066
15055 4.268289
15074 3.9799507
15094 3.6517549
15114 3.1786811
15134 2.4682555
15160 1.6226398
15173 0.7905999
15192 -0.06464724
15212 -0.7705299
15233 -1.1768076
15251 -1.3361039
15271 -1.3474481
15291 -1.3191527
15311 -1.2476529
15330 -0.99443877
15350 -0.49987367
15370 0.21378683
15389 1.0702044
15409 1.9983909
15429 2.8745065
15448 3.6069396
15468 4.114021
15487 4.4085627
15507 4.6113095
15527 4.642163
15547 4.4721465
15570 4.218036
15587 3.8947387
15606 3.3994646
15625 2.663031
15645 1.7818555
15675 0.9300385
15685 0.16794664
15704 -0.48401147
15724 -1.001541
15743 -1.1855135
15764 -1.08365
15782 -0.9477802
15803 -0.8495926
15827 -0.6244826
15842 -0.12657157
15861 0.61323696
15881 1.4441876
15900 2.2764726
15920 3.1673048
15939 4.0879574
15959 4.685446
15979 4.848198
15999 4.726175
16019 4.445728
16041 4.089943
16059 3.6107767
16078 2.9668462
16099 2.1414163
16139 1.208193
16139 0.15469109
16156 -0.91091913
16176 -1.6582642
16196 -2.0471854
16216 -2.1101153
16236 -1.9768008
16255 -1.8321141
16274 -1.6702596
16294 -1.3539811
16314 -0.64891434
16334 0.4800083
16355 1.7831615
16373 2.9058797
16393 3.83309
16412 4.6809363
16432 5.4504814
16452 6.0821958
16472 6.440997
16491 6.346996
16511 5.8805084
16530 5.187169
16551 4.386009
16571 3.5360947
16589 2.7531633
16625 1.9631035
16637 1.0588284
16650 0.056610193
16668 -0.8309839
16688 -1.3848058
16708 -1.3889132
16727 -0.97313887
16747 -0.34626624
16768 0.22409621
16790 0.6883795
16807 1.1362569
16826 1.6454606
16845 2.2989695
16868 3.059783
16885 3.8843386
16905 5.0159807
16924 6.0808835
16943 6.5440784
16963 6.312493
16986 5.8473377
17005 5.5084233
17022 5.1439357
17042 4.5626063
17062 3.730185
17099 2.7317207
17106 1.6094658
17124 0.19234301
17141 -1.0668168
17160 -1.6918124
17179 -1.8616093
17201 -1.9193403
17220 -1.9588994
17240 -1.7456797
17259 -1.2510037
17279 -0.42503035
17298 0.76997524
17322 2.0712516
17338 3.2608438
17356 4.194418
17378 4.9853215
17396 5.87931
17416 6.6656675
17437 6.9440475
17456 6.68414
17474 6.2240705
17495 5.742401
17514 5.0158696
17535 4.0511703
17554 3.0193517
17583 2.0858328
17593 1.1239629
17612 -0.03548492
17634 -1.1585817
17652 -1.8015609
17673 -1.9168919
17691 -1.6933604
17711 -1.3459026
17731 -0.82573336
17752 -0.10956912
17770 0.6898763
17790 1.4946011
17809 2.4011328
17830 3.4018557
17850 4.378309
17870 5.3065243
17888 5.9486895
17909 6.127658
17928 5.8991747
17947 5.4599743
17966 4.9784956
17987 4.4705443
18007 3.8526216
18028 3.026784
18055 2.0598261
18065 1.05663
18085 0.040943578
18104 -0.7544763
18124 -1.2142472
18143 -1.4586445
18164 -1.6564914
18183 -1.8245208
18203 -1.8922948
18224 -1.8535527
18243 -1.5570241
18262 -0.8421643
18281 0.19014402
18303 1.3285342
18321 2.360844
18341 3.2611475
18360 4.2012525
18380 5.1716924
18399 5.8317304
18421 6.0016923
18440 5.9253497
18459 5.750873
18479 5.4554896
18498 4.9551272
18520 4.1511097
18537 3.168889
18571 2.1709948
18581 1.1416507
18596 0.16369915
18616 -0.5207172
18637 -0.67900634
18656 -0.46320125
18676 -0.14039049
18695 0.14242285
18715 0.52138734
18735 1.0428052
18755 1.771458
18775 2.6503744
18794 3.4951468
18813 4.263306
18833 5.000015
18855 5.6809464
18876 6.005821
18892 5.811725
18911 5.231621
18930 4.507565
18951 3.9314332
18971 3.3439019
18995 2.5657897
19018 1.6270176
19030 0.5992241
19049 -0.42696303
19071 -1.418923
19088 -2.17481
19109 -2.5745318
19128 -2.6432824
19147 -2.49166
19167 -2.2891037
19189 -1.980604
19208 -1.4000945
19227 -0.4929652
19246 0.69717
19265 1.961663
19285 3.0891128
19305 4.0608606
19326 4.9619517
19348 5.855914
19364 6.5193815
19384 6.641975
19406 6.279605
19423 5.6120872
19444 4.7907124
19462 3.8692994
19482 2.9912782
19501 2.2227957
19534 1.5270088
19542 0.8485218
19561 0.08482647
19580 -0.57433933
19600 -0.8032864
19622 -0.55115986
19640 0.04494138
19659 0.8072233
19679 1.4578469
19699 1.8715279
19717 2.206579
19738 2.6676528
19758 3.160968
19777 3.6123285
19797 4.141174
19816 4.8498597
19836 5.233557
19856 5.0210996
19877 4.3133955
19901 3.528805
19916 2.9921758
19934 2.5642402
19955 1.8917965
19989 1.1016005
19994 0.3047931
20013 -0.61041665
20033 -1.7191787
20052 -2.494301
20073 -2.7368522
20093 -2.5742364
20112 -2.1736696
20133 -1.8178569
20151 -1.5822734
20171 -1.0659965
20191 -0.14912657
20211 1.1010008
20229 2.3936517
20249 3.5886316
20269 4.539265
20299 5.382978
20309 6.0033216
20329 6.099332
20347 5.7433004
20367 5.267454
20387 4.6489596
20412 3.9716735
20428 3.2377687
20448 2.456878
20477 1.5018373
20487 0.53417146
20506 -0.44391415
20525 -1.2682272
20546 -1.6801397
20566 -1.6197912
20584 -1.1708512
20603 -0.49935767
20625 0.07002683
20644 0.37495986
20664 0.62126446
20682 1.1116667
20702 1.7694466
20722 2.344437
20743 2.8338335
20763 3.3950033
20782 4.023727
20801 4.269486
20820 4.015129
20841 3.458397
20860 2.9849722
20882 2.6426537
20899 2.2379255
20921 1.6883746
20948 1.0731179
20959 0.43683007
20978 -0.31279954
21000 -1.1470988
21017 -1.7240199
21036 -1.8994762
21056 -1.7722026
21076 -1.579824
21096 -1.3984358
21116 -1.0991611
21135 -0.5750496
21155 0.22515878
21176 1.2187265
21196 2.3144004
21214 3.393777
21235 4.431144
21252 5.349048
21274 5.910023
21293 5.9455547
21313 5.5780454
21332 5.148967
21352 4.8989363
21371 4.690368
21391 4.236885
21411 3.435861
21442 2.4516525
21450 1.4287847
21469 0.41426927
21489 -0.42070553
21510 -0.7975463
21529 -0.67065424
21549 -0.299609
21569 -0.009338292
21592 0.14301933
21612 0.3846714
21627 0.87058616
21649 1.5255113
21668 2.3347793
21687 3.205779
21706 4.190229
21726 5.2939568
21749 6.049356
21765 6.206149
21785 5.94956
21804 5.532291
21824 5.0698805
21843 4.4343824
21863 3.5847383
21883 2.493119
21910 1.4220115
21923 0.42839232
21943 -0.68287235
21962 -1.6323909
21982 -2.1256502
22001 -2.2155967
22021 -2.112321
22043 -1.9549831
22062 -1.6121777
22079 -0.9779312
22099 -0.07515361
22119 0.93824774
22144 1.8564522
22160 2.796692
22178 3.8668993
22198 4.9727483
22217 5.925587
22237 6.4781055
22257 6.524196
22277 6.236865
22297 5.999945
22317 5.9553814
22335 5.676456
22355 4.991414
22375 3.9391375
22409 2.7746298
22416 1.5862892
22434 0.3528942
22453 -0.5972511
22473 -0.89263767
22494 -0.63504297
22514 -0.36079815
22534 -0.38800594
22552 -0.3515194
22581 0.124355316
22591 1.001748
22611 2.0196645
22631 2.9268234
22651 3.740906
22670 4.55711
22691 5.2221813
22710 5.444488
22729 5.222238
22750 4.8417506
22768 4.5346937
22788 4.1885676
22808 3.68097
22827 2.8780706
22856 1.9397881
22867 1.0453358
22886 0.16016188
22906 -0.66790485
22925 -1.2087748
22945 -1.4093724
22965 -1.4653625
22984 -1.562791
23005 -1.6625862
23024 -1.6006355
23044 -1.204261
23064 -0.51753366
23084 0.45633498
23104 1.4674225
23122 2.3802657
23143 3.2237594
23162 4.130728
23184 5.056576
23203 5.537429
23222 5.456108
23240 5.1176
23263 4.999496
23280 4.9632573
23301 4.6127243
23320 3.9243379
23349 3.171415
23362 2.415309
23381 1.5367713
23399 0.5855658
23418 0.04091306
23438 0.123812675
23458 0.50957704
23479 0.72848517
23497 0.8874804
23517 1.0712087
23537 1.4196473
23556 1.8902172
23575 2.4321778
23597 2.9971275
23614 3.605118
23636 4.339241
23654 5.031628
23675 5.300216
23694 5.0512996
23713 4.500499
23735 3.9829414
23753 3.6699517
23772 3.3249977
23791 2.7071846
23823 1.8627132
23831 0.8799208
23852 -0.17089003
23870 -1.1250887
23889 -1.7101731
23910 -1.9240456
23931 -1.980148
23952 -1.9214349
23970 -1.8016964
23989 -1.563799
24008 -0.9559723
24031 -0.022071058
24048 1.0334169
24067 2.062787
24086 3.0227554
24106 4.0835767
24126 5.2046885
24145 6.083306
24167 6.520928
24186 6.5579305
24204 6.304689
24225 5.8168435
24244 5.2669935
24264 4.721471
24284 4.087825
24305 3.291044
24335 2.305368
24343 1.1675235
24365 0.21884996
24381 -0.39395687
24402 -0.6266853
24421 -0.49446097
24440 -0.16860399
24460 0.24167433
24481 0.67891353
24500 1.1438502
24520 1.7856057
24539 2.6108162
24559 3.557289
24579 4.496331
24598 5.57356
24619 6.3924594
24638 6.646652
24657 6.471387
24677 5.9841127
24699 5.3790345
24721 4.7648683
24737 4.028432
24756 3.1084878
24782 2.0787902
24795 1.0518152
24814 -0.09879086
24835 -1.011881
24854 -1.4569577
24874 -1.5296807
24893 -1.3630382
24915 -1.0438204
24934 -0.6087576
24953 -0.07109616
24974 0.56236
24992 1.411538
25012 2.4033606
25031 3.3002615
25051 4.0717387
25071 4.8234105
25090 5.696857
25110 6.4319034
25130 6.68615
25152 6.3949018
25169 5.8872223
25189 5.4427443
25210 4.9587355
25229 4.235524
25252 3.435237
25275 2.650157
25287 1.8063639
25307 0.7100373
25327 -0.41281673
25347 -1.143022
25367 -1.2651796
25386 -1.0091898
25405 -0.62361413
25425 -0.23523635
25445 0.25413245
25467 0.89145184
25489 1.6686692
25505 2.5495718
25524 3.4976754
25543 4.502235
25563 5.5882244
25584 6.4071507
25606 6.6508694
25623 6.316144
25641 5.66786
25662 5.0682216
25684 4.5121937
25700 3.7516556
25720 2.7275355
25759 1.5682796
25760 0.40398934
25779 -0.76206964
25801 -1.6538835
25819 -2.0684602
25841 -2.0760245
25857 -1.8170967
25877 -1.5587945
25897 -1.3503343
25920 -0.96424407
25937 -0.21885811
25956 0.8442495
25976 2.0346847
25995 3.0893862
26016 4.074653
26035 4.991224
26055 5.817278
26074 6.42671
26094 6.8079863
26113 6.8650374
26135 6.5468535
26153 5.9538264
26173 5.275397
26192 4.5398054
26211 3.8130014
26234 2.95849
26262 2.0282059
26273 0.9581341
26291 -0.13400121
26310 -1.0584078
26331 -1.5004369
26349 -1.3854064
26370 -0.90357405
26389 -0.31691247
26408 0.31085908
26428 0.95974326
26448 1.577147
26468 2.196049
26491 2.9856722
26508 3.9151392
26527 4.9654045
26546 5.8313994
26568 6.135954
26587 5.887283
26607 5.339065
26625 4.657152
26644 3.9398172
26664 3.2202253
26685 2.4278793
26717 1.5334563
26724 0.6001799
26743 -0.40290964
26763 -1.2696103
26785 -1.7311485
26803 -1.8381511
26824 -1.7877915
26842 -1.6104844
26861 -1.325521
26881 -0.9025379
26902 -0.21896492
26925 0.7404564
26942 1.8026386
26960 2.7882884
26979 3.6718047
26999 4.4649663
27029 5.312431
27039 6.079012
27057 6.502974
27077 6.4309025
27097 6.024432
27120 5.468323
27137 4.9300904
27157 4.4090266
27177 3.8082726
27205 3.0514312
27216 2.2477674
27235 1.3471668
27255 0.44607553
27276 -0.23390466
27294 -0.40587953
27314 -0.15524977
27336 0.25002506
27353 0.5565908
27375 0.8732495
27395 1.2680749
27412 1.778448
27432 2.3636131
27455 2.8975196
27471 3.4481592
27492 4.2615085
27511 5.133217
27530 5.6223693
27550 5.6573024
27571 5.3392286
27590 4.7542553
27609 4.2089767
27629 3.6825514
27648 2.9907913
27670 2.2277756
27696 1.3959551
27709 0.328658
27727 -0.7857332
27747 -1.484676
27766 -1.7267605
27787 -1.6726474
27806 -1.4799705
27828 -1.2548355
27845 -0.9352636
27865 -0.35203126
27887 0.55343914
27905 1.6284069
27925 2.6874597
27945 3.5878146
27964 4.22886
27985 4.761296
28004 5.2909036
28026 5.7314377
28042 5.812297
28062 5.61377
28081 5.2348332
28101 4.700902
28121 4.080641
28140 3.468297
28161 2.7766454
28187 1.9863677
28199 1.0823116
28221 0.1846231
28239 -0.5677531
28260 -0.9079742
28280 -0.8145737
28299 -0.47647503
28322 -0.1538307
28337 0.18682593
28359 0.60240877
28380 1.1986182
28397 2.002963
28417 2.7936475
28438 3.4568665
28456 4.1479454
28476 4.817342
28495 5.0862823
28515 4.919967
28534 4.5662236
28553 4.143999
28573 3.685402
28594 3.1786742
28613 2.5537324
28638 1.8603661
28652 1.0752056
28672 0.18747373
28692 -0.6535713
28712 -1.1450652
28731 -1.3126054
28751 -1.2802567
28770 -1.2182505
28790 -1.2140073
28811 -1.1744204
28831 -0.9454178
28849 -0.31898072
28868 0.7112331
28889 1.8506831
28908 2.9145243
28929 3.8151817
28947 4.605595
28967 5.2688713
28986 5.837086
29006 6.2635283
29027 6.335545
29046 6.103688
29065 5.693356
29085 5.24379
29105 4.6898327
29125 3.8971884
29149 2.9648917
29175 2.0054147
29183 1.0894139
29202 0.30534095
29222 -0.304256
29242 -0.53445286
29266 -0.4457327
29282 -0.27454576
29301 -0.1696083
29322 0.013438919
29342 0.3567894
29361 0.8791061
29381 1.4705547
29400 1.9560866
29419 2.3718057
29441 2.9726136
29460 3.7489877
29484 4.43732
29498 4.699784
29518 4.5621443
29538 4.2057347
29558 3.8843405
29578 3.4703612
29598 2.9372177
29617 2.458433
29644 1.9197131
29658 1.1800405
29675 0.32215336
29695 -0.457267
29715 -0.9488968
29737 -1.2023565
29754 -1.2801416
29775 -1.3578699
29798 -1.3459
29815 -1.1617639
29836 -0.83068424
29852 -0.26203632
29872 0.47157156
29895 1.1686666
29914 1.7532321
29936 2.2832224
29952 2.819905
29970 3.373265
29991 3.8906019
30011 4.2547097
30032 4.3091216
30050 3.9549415
30069 3.2949295
30089 2.6558928
30108 2.1920686
30129 1.8112828
30148 1.2548484
30174 0.5354712
30186 -0.19008003
30207 -0.817115
30227 -1.3458501
30247 -1.712487
30274 -1.7451866
30286 -1.5603957
30305 -1.5129186
30328 -1.7325038
30345 -2.1088836
30364 -2.2750366
30384 -2.179078
30404 -1.9161804
30426 -1.5991138
30444 -1.3462273
30464 -1.1376868
30483 -0.902241
30502 -0.44715455
30521 0.23587184
30542 0.9274959
30561 1.4743805
30581 1.7520543
30601 1.8082653
30619 1.7325234
30640 1.578561
30661 1.378482
30680 1.1473866
30699 0.83192486
30718 0.34369877
30748 -0.30504808
30760 -0.9029457
30779 -1.2920573
30797 -1.4852004
30816 -1.6182404
30836 -1.7418144
30858 -1.7993563
30876 -1.5744653
30896 -1.1105901
30915 -0.5498046
30939 0.008507555
30954 0.5894013
30975 1.2057455
30994 1.7105393
31014 2.2406394
31034 2.949104
31053 3.662548
31072 4.353193
31095 4.9732647
31113 5.253004
31132 5.0898166
31151 4.609236
31171 4.0295124
31193 3.5422661
31211 3.2368712
31233 2.9615374
31257 2.5897028
31269 2.1568708
31289 1.5704831
31311 0.6582642
31328 -0.23229556
31350 -0.6892866
31368 -0.67756087
31387 -0.52455133
31407 -0.5719479
31432 -0.6906793
31449 -0.6646145
31467 -0.644183
31485 -0.6278325
31505 -0.36773813
31526 0.2825332
31545 1.1973642
31564 2.1158655
31585 2.734958
31604 3.2365172
31623 3.9309723
31643 4.7119174
31663 5.159169
31682 5.367491
31702 5.5067353
31721 5.3816395
31741 4.95656
31762 4.41226
31781 3.7512977
31802 3.0508292
31820 2.2437391
31853 1.1822377
31864 -0.03807198
31881 -1.0491055
31899 -1.7260646
31918 -2.1357431
31939 -2.2921832
31959 -2.2729752
31977 -2.1276367
32000 -1.8532555
32018 -1.3975949
32036 -0.75597686
32056 0.060989466
32077 1.0476477
32099 2.1252038
32117 3.076899
32138 3.828486
32154 4.4594674
32174 5.1843653
32198 5.8803983
32213 6.3305907
32233 6.3980365
32253 6.0586853
32273 5.4883237
32294 4.8020844
32312 3.9795942
32333 3.1785438
32351 2.425732
32377 1.6697367
32391 0.83288187
32412 -0.021903211
32430 -0.741824
32451 -1.1460639
32469 -1.1168157
32489 -0.8264395
32509 -0.48512954
32530 -0.09174824
32550 0.29309228
32568 0.716593
32588 1.2994177
32608 1.9447105
32629 2.5104234
32647 2.98891
32668 3.3681185
32686 3.6519403
32705 3.754213
32727 3.694657
32746 3.5436616
32767 3.3668442
32787 3.1276696
32804 2.6489112
32824 1.9119866
32850 1.0761914
32863 0.21686216
32885 -0.6013016
32903 -1.2879208
32922 -1.6792644
32942 -1.8939801
32964 -2.0961008
32981 -2.20735
33001 -2.1985896
33020 -2.0345328
33039 -1.6200389
33060 -0.83188367
33081 0.29934838
33100 1.5384285
33121 2.6051276
33140 3.438635
33160 4.136572
33180 4.9778905
33197 5.6497645
33219 6.005112
33237 6.028455
33257 5.6937027
33277 5.132562
33298 4.5322437
33316 3.9160635
33335 3.24974
33355 2.4223266
33384 1.515387
33394 0.447926
33418 -0.48627532
33435 -1.1214182
33454 -1.3073217
33474 -1.0747291
33493 -0.8246986
33513 -0.6795237
33535 -0.53597873
33552 -0.3834297
33571 0.08923487
33591 0.9005419
33611 1.8368378
33632 2.7438052
33652 3.4989045
33670 4.136494
33690 4.5943856
33709 4.695921
33732 4.490973
33750 4.153091
33771 3.8584406
33788 3.441278
33808 2.7981615
33827 2.011503
33856 1.1695881
33870 0.32707223
33887 -0.6252746
33906 -1.5124886
33926 -1.9886073
33947 -2.114356
33966 -2.1013527
33987 -2.0890818
34004 -2.008686
34023 -1.7855887
34044 -1.3723711
34065 -0.6453788
34087 0.36478502
34103 1.451018
34122 2.4341085
34142 3.2493067
34162 3.899223
34185 4.354394
34201 4.72525
34221 4.9449983
34240 4.833533
34261 4.412697
34282 3.8479927
34303 3.2678604
34320 2.7009242
34340 2.0725007
34370 1.4319708
34386 0.84661734
34401 0.30147493
34417 -0.24200846
34439 -0.7306421
34457 -0.91752756
34476 -0.6732912
34497 -0.27933702
34517 -0.03586223
34538 0.008703145
34555 0.10955958
34575 0.41993305
34595 0.81818604
34615 1.3632189
34634 2.0404234
34654 2.7874148
34673 3.5892282
34693 4.01096
34713 3.8978884
34733 3.5305414
34753 3.198046
34772 2.9564757
34791 2.6526039
34811 2.2020576
34842 1.6000526
34854 0.8382614
34870 -0.049253896
34890 -0.99341226
34910 -1.6934718
34930 -2.0132055
34951 -2.0956419
34969 -1.9978592
34990 -1.8555405
35008 -1.7249211
35028 -1.3770537
35048 -0.7511888
35070 0.15224119
35088 1.2430726
35106 2.2712195
35126 3.1823485
35145 3.932985
35166 4.4997563
35185 4.804635
35205 4.84335
35225 4.730196
35245 4.486749
35264 4.1863065
35285 3.7084732
35304 2.9638762
35323 2.0806878
35346 1.1972561
35362 0.397701
35382 -0.30363455
35402 -0.84197575
35421 -1.1570836
35441 -1.2483076
35461 -1.1472611
35480 -0.91799086
35501 -0.58078825
35519 -0.17390989
35539 0.32536185
35559 0.9301967
35578 1.63548
35598 2.4237435
35619 3.1661644
35638 3.8684807
35659 4.527974
35676 4.917384
35696 4.8703175
35717 4.4915156
35736 4.0081587
35757 3.515824
35775 2.9068263
35795 2.1618743
35821 1.3370992
35836 0.5333561
35855 -0.30085886
35874 -1.1630692
35893 -1.8910134
35913 -2.3375602
35933 -2.4080253
35953 -2.277568
35973 -2.0795298
35992 -1.8205754
36012 -1.5972602
36031 -1.213347
36061 -0.47397536
36072 0.5746572
36091 1.7593246
36110 2.884545
36130 3.7542117
36151 4.2872205
36170 4.5174704
36190 4.6058645
36208 4.627167
36228 4.6419673
36247 4.491106
36268 4.135539
36289 3.5724924
36307 2.755362
36328 1.7780366
36346 0.8803476
36374 0.17664276
36389 -0.2320847
36405 -0.5339701
36424 -0.7243901
36444 -0.7301843
36464 -0.6017136
36485 -0.45637366
36504 -0.2361061
36524 0.17371169
36543 0.7836069
36563 1.4761825
36582 2.2087805
36603 2.917983
36624 3.6012008
36642 4.191071
36661 4.681773
36681 4.9152064
36701 4.785756
36720 4.349821
36740 3.7965941
36759 3.1483107
36780 2.4430563
36799 1.6109099
36827 0.6738785
36839 -0.27999315
36858 -1.097204
36877 -1.8343186
36897 -2.3049965
36917 -2.512885
36937 -2.5672174
36956 -2.571842
36978 -2.365124
36995 -1.9348748
37015 -1.2416182
37036 -0.25776663
37054 0.85256964
37076 1.8086201
37094 2.604556
37113 3.2626638
37133 3.9852242
37156 4.8684125
37172 5.640735
37194 5.8591495
37213 5.6144514
37231 5.096704
37254 4.4199905
37271 3.6693816
37294 2.9780807
37311 2.3486528
37335 1.7378311
37349 1.0007147
37372 0.018277341
37389 -0.9020218
37410 -1.3669308
37429 -1.4810916
37448 -1.3665494
37467 -1.1798011
37489 -0.9317293
37509 -0.6970977
37527 -0.4113727
37546 0.044070244
37566 0.6458588
37587 1.3324488
37606 2.1192434
37625 2.9127588
37645 3.5920317
37664 3.9923792
37684 4.1454444
37704 4.1940913
37724 4.1568193
37746 3.9130173
37763 3.3643377
37783 2.601921
37806 1.8112897
37822 0.9045956
37852 -0.10902379
37861 -1.0184394
37881 -1.6502103
37900 -2.0278413
37921 -2.3051338
37940 -2.405692
37960 -2.2755883
37980 -1.9642341
37999 -1.3944418
38018 -0.539438
38039 0.57389146
38060 1.739624
38079 2.7361298
38099 3.532202
38117 4.2654257
38140 5.011357
38156 5.503448
38177 5.5530734
38195 5.352615
38215 4.988451
38235 4.5208454
38254 3.855665
38276 3.0458534
38295 2.1863341
38322 1.3276609
38333 0.46718952
38353 -0.40019357
38373 -1.0825139
38395 -1.4447714
38416 -1.4554374
38432 -1.1966746
38451 -0.9565207
38472 -0.7654196
38492 -0.41858733
38511 0.22392975
38530 1.016191
38550 1.7268066
38569 2.3745482
38590 3.2330604
38611 4.3277535
38632 5.0892463
38649 5.2484345
38668 5.0455
38690 4.7878523
38707 4.532137
38728 4.097943
38747 3.403407
38766 2.638051
38792 1.8427949
38806 0.817178
38827 -0.37023917
38846 -1.337688
38865 -1.9290272
38884 -2.1904557
38907 -2.2604325
38925 -2.2711275
38945 -2.20757
38964 -1.9602044
38984 -1.4624003
39003 -0.69206643
39024 0.26890573
39043 1.2573035
39062 2.1485472
39081 2.8322258
39101 3.4469912
39123 4.1100774
39141 4.6197987
39161 4.82831
39181 4.8082585
39200 4.682236
39219 4.426628
39242 3.8313704
39259 2.965133
39279 2.21327
39307 1.8206753
39319 1.3526629
39337 0.54616904
39357 -0.23017874
39377 -0.64451176
39397 -0.65738183
39416 -0.64505553
39436 -0.8380875
39457 -0.8754965
39477 -0.6063675
39496 -0.2678305
39514 -0.019323088
39534 0.34135583
39554 1.0109975
39576 1.9355941
39594 2.8347251
39613 3.4866836
39633 3.8544662
39652 3.9717257
39671 3.8905935
39693 3.6464934
39712 3.2966385
39730 2.781424
39751 2.107485
39770 1.2772695
39794 0.18671244
39809 -0.92003417
39829 -1.8120922
39849 -2.381289
39868 -2.6067514
39888 -2.7216973
39908 -2.7505624
39928 -2.7422354
39947 -2.6454337
39967 -2.3487139
39986 -1.7525048
40007 -0.89266115
40026 -0.0072686453
40049 0.733737
40066 1.4054483
40086 2.1502645
40106 2.9057703
40127 3.3830042
40143 3.6389093
40163 3.8079703
40183 3.821627
40204 3.6166513
40224 3.3176484
40245 3.0072167
40265 2.6344278
40282 2.1686728
40301 1.4937803
40326 0.72602993
40341 0.098885365
40360 -0.35840666
40380 -0.56512165
40399 -0.54359984
40420 -0.52458185
40440 -0.6384693
40459 -0.8635225
40478 -1.0782914
40498 -1.1611896
40518 -0.99555546
40538 -0.6741887
40560 -0.41909644
40577 -0.17328149
40597 0.2166749
40616 0.63739854
40636 0.7810781
40656 0.6219997
40676 0.475027
40696 0.5285687
40716 0.7259273
40735 0.95313066
40758 0.9738632
40778 0.7921199
40793 0.46680528
40813 0.17019524
40833 -0.20134102
40853 -0.54376906
40873 -0.6641054
40894 -0.662445
40913 -0.66791457
40932 -0.7764434
40951 -1.06312
40970 -1.0702486
40989 -0.5116091
41010 0.31246126
41030 0.6933289
41049 0.8135294
41069 1.132015
41089 1.6066381
41111 2.0449402
41133 2.2766352
41148 2.353412
41167 2.4616396
41187 2.361219
41216 1.9297725
41227 1.3069516
41246 0.8097202
41266 0.5333794
41285 0.3718526
41314 0.19925213
41330 -0.022918614
41346 -0.14654809
41364 -0.22237319
41384 -0.2844043
41404 -0.117245674
41424 0.33085224
41444 0.8932732
41462 1.449979
41482 1.9466414
41502 2.2995691
41522 2.6576111
41545 3.0698774
41561 3.3258393
41581 3.3766372
41600 3.277712
41620 3.1488073
41640 3.0790496
41662 2.8990762
41681 2.4027703
41698 1.7592739
41725 1.2593178
41738 0.84735394
41758 0.42657202
41778 0.14465618
41796 0.20119
41818 0.5316454
41836 0.6207207
41857 0.30073974
41875 0.007260496
41898 0.026522636
41917 0.16329132
41935 0.21637388
41954 0.1732234
41974 0.08262504
41996 0.006200704
42014 0.042276643
42034 0.1224269
42053 0.2634389
42073 0.54372346
42092 1.0056666
42112 1.5269498
42132 1.8500034
42152 2.075792
42170 2.5515306
42190 3.1677375
42211 3.7407687
42230 3.8669538
42250 3.3316321
42269 2.563936
42289 1.9197326
42309 1.387105
42330 1.0018023
42349 0.95386463
42379 1.1085359
42389 0.90783
42407 0.4019471
42428 -0.107364915
42446 -0.35837337
42466 -0.13282906
42486 0.14783834
42505 0.14808248
42525 0.09396787
42545 -0.053357124
42564 -0.4647521
42584 -1.1219884
42604 -1.551884
42626 -1.3354533
42647 -0.8043766
42666 -0.4488371
42683 -0.5822601
42703 -0.55358446
42722 0.18715052
42742 1.0627221
42762 1.794231
42780 2.3064826
42801 2.7244627
42820 2.8505378
42841 2.5154297
42861 2.0311477
42881 1.7919978
42903 1.9349442
42919 2.0665984
42938 1.6851033
42965 1.0395925
42977 0.34780338
42997 -0.09098946
43017 -0.28013185
43037 -0.18213159
43056 -0.092240684
43077 -0.23635578
43097 -0.6340387
43119 -0.988381
43135 -1.2677958
43155 -1.4448602
43175 -1.7243847
43194 -1.9564598
43214 -2.0504327
43234 -2.0859385
43255 -2.1625266
43273 -2.1796386
43293 -2.173897
43318 -2.0820181
43333 -1.8632473
43353 -1.5901985
43372 -1.4642292
43391 -1.265944
43411 -0.9587776
43432 -0.6332466
43449 -0.3718691
43469 -0.24943672
43490 -0.23354816
43510 -0.20813812
43529 -0.14757599
43548 -0.098521754
43569 0.055604503
43587 0.29921386
43608 0.34565604
43627 0.14761777
43648 -0.10029177
43667 -0.339114
43687 -0.59540343
43706 -0.8894278
43726 -1.1914783
43751 -1.3912866
43766 -1.4666775
43785 -1.5826329
43804 -1.7638837
43824 -1.8066806
43843 -1.6340537
43866 -1.4019247
43884 -1.2815884
43904 -1.2867306
43922 -1.2210263
43942 -1.0053835
43961 -0.7624525
43982 -0.7262406
44001 -0.7989099
44021 -0.75701064
44040 -0.55856454
44060 -0.37265977
44080 -0.209037
44100 0.043522313
44120 0.41633892
44140 0.7863798
44159 1.080948
44178 1.2497393
44198 1.4831196
44217 1.8676051
44239 2.282263
44257 2.5480475
44276 2.6596766
44296 2.6358423
44316 2.5982974
44335 2.662043
44355 2.7487242
44374 2.7284563
44395 2.700733
44424 2.6696923
44434 2.4525566
44453 2.072069
44472 1.6923707
44493 1.4401621
44513 1.3371847
44533 1.2941438
44558 1.2050685
44573 1.0363867
44592 0.94521546
44611 0.93229127
44630 0.9255428
44650 1.0025095
44670 1.1989442
44690 1.4137685
44709 1.446636
44729 1.2547164
44753 0.8360042
44769 0.33205077
44788 0.020775622
44808 -0.17666478
44828 -0.454175
44847 -0.72643477
44867 -0.85898787
44889 -0.9220539
44908 -0.9764112
44925 -0.9304046
44945 -0.7205019
44967 -0.2663379
44991 0.28335026
45004 0.69806474
45024 1.053496
45044 1.492071
45063 1.9822568
45084 2.4438758
45106 2.770468
45123 2.9265778
45143 2.8378563
45165 2.4966004
45185 2.0325875
45202 1.6715789
45221 1.3663739
45240 0.8381795
45267 0.12146985
45280 -0.57488865
45302 -1.2046716
45320 -1.8415565
45339 -2.434366
45358 -2.814826
45378 -3.0436897
45398 -3.2739143
45420 -3.58331
45439 -3.8462923
45459 -3.8058898
45479 -3.5213606
45500 -3.2619982
45518 -3.1028657
45536 -2.9369874
45556 -2.6269372
45575 -2.1806078
45594 -1.5599109
45616 -0.83308125
45636 -0.22364937
45655 0.16761373
45673 0.4382117
45692 0.6743137
45713 0.97919405
45734 1.1695613
45753 1.1507888
45773 0.8870199
45792 0.78814846
45811 0.7536774
45831 0.49129564
45851 0.16788977
45878 -0.021252632
45890 -0.2651075
45909 -0.50882643
45929 -0.7562435
45949 -0.94057107
45969 -1.0544585
46000 -1.0075017
46009 -1.1111311
46027 -1.2840853
46047 -1.259545
46069 -0.98826593
46086 -0.7003367
46106 -0.34466127
46126 -0.10412589
46146 0.002141866
46165 0.16913682
46185 0.6088008
46206 1.1680382
46224 1.615398
46244 1.7660702
46264 1.7838916
46285 1.7062145
46303 1.5274093
46324 1.2429601
46343 0.9208292
46363 0.51517427
46381 0.07785043
46412 -0.45711994
46422 -1.1281224
46442 -1.8459473
46461 -2.3674216
46480 -2.7059295
46500 -3.0010138
46520 -3.1408272
46540 -3.0558844
46560 -2.8015254
46580 -2.454284
46598 -2.2354577
46619 -2.0108373
46639 -1.6930896
46657 -1.2052168
46678 -0.5350036
46697 0.09954149
46716 0.63031983
46740 1.1714908
46761 1.8418926
46776 2.553324
46795 3.1050253
46815 3.4001648
46836 3.4133887
46854 3.2536306
46876 3.0419624
46894 2.7417886
46914 2.2639542
46933 1.614608
46957 0.8002533
46977 -0.21559542
46992 -1.29704
47011 -2.2179105
47031 -2.7710512
47051 -2.822418
47075 -2.4827142
47092 -2.0999415
47110 -1.7948421
47129 -1.1992015
47149 -0.2525659
47170 0.8533645
47189 1.8506844
47209 2.6170728
47231 3.2922118
47248 4.0177646
47267 4.4446654
47288 4.3876433
47307 4.0418444
47329 3.607241
47346 2.9972625
47365 2.2233367
47387 1.2777883
47416 0.31825697
47427 -0.48630306
47444 -1.1799967
47464 -1.901062
47484 -2.5212412
47504 -2.9144907
47527 -3.0440505
47543 -2.898656
47563 -2.650093
47582 -2.3793855
47604 -2.018077
47622 -1.4611241
47643 -0.6660044
47661 0.31518424
47680 1.1571268
47701 1.8616486
47723 2.4692595
47743 2.9029365
47760 3.19522
47780 3.6001909
47800 4.024237
47819 4.1294727
47841 3.7878106
47859 3.105518
47877 2.2756536
47897 1.5809001
47916 1.0538764
47939 0.6094515
47966 0.1613285
47977 -0.36572257
47996 -1.0974218
48015 -1.7732933
48034 -1.967522
48055 -1.6894153
48076 -1.1935978
48095 -0.8035583
48113 -0.39942646
48133 -0.052512344
48154 0.25585115
48172 0.65769553
48192 1.1501937
48212 1.7547288
48232 2.5132825
48251 2.9764504
48271 2.9128685
48291 2.5327346
48311 2.210605
48330 1.886597
48350 1.429495
48370 0.86780936
48400 0.31570175
48409 -0.22848918
48428 -0.8676854
48450 -1.7101995
48467 -2.3931715
48489 -2.6281304
48507 -2.5249908
48528 -2.3566363
48548 -2.218397
48567 -1.9604763
48586 -1.501933
48607 -0.9924593
48626 -0.31702483
48646 0.53724265
48664 1.3106802
48684 1.9908767
48707 2.5524004
48726 3.1594672
48746 3.8079977
48765 4.1527367
48783 4.1614413
48803 4.001682
48822 3.7243354
48842 3.2941985
48861 2.6729853
48881 1.9609257
48900 1.2504209
48925 0.53863424
48940 -0.33451417
48960 -1.2126963
48980 -1.8103763
48999 -2.122464
49019 -2.185093
49040 -1.9280975
49058 -1.5168675
49079 -1.1814629
49099 -0.91102594
49117 -0.61172336
49137 -0.085923545
49157 0.56532437
49177 1.1688802
49197 1.8671972
49215 2.606651
49234 3.11444
49254 3.151767
49275 2.7454615
49296 2.3418195
49316 2.0576165
49333 1.7914242
49353 1.4636363
49374 1.009963
49403 0.37887314
49415 -0.54153574
49432 -1.5791488
49451 -2.4266953
49473 -2.7133176
49492 -2.514408
49512 -2.308832
49532 -2.0619574
49551 -1.7803397
49570 -1.5850505
49591 -1.2461611
49610 -0.65419555
49629 0.22727975
49649 1.278688
49668 2.169439
49687 2.5888884
49707 2.7713363
49728 2.912458
49747 3.1171074
49766 3.3036644
49786 3.1841187
49806 2.6976602
49825 2.0783782
49845 1.4564563
49864 0.77965754
49884 0.11004231
49910 -0.3957061
49926 -0.8441841
49944 -1.2129183
49963 -1.6756786
49983 -2.0534706
50003 -1.9592808
50022 -1.3986578
50042 -0.7800846
50066 -0.45713937
50083 -0.25923565
50103 0.17705475
50121 0.6494183
50142 1.0744158
50159 1.7420987
50180 2.743801
50199 3.5149775
50219 3.6298983
50239 3.0835035
50260 2.4363892
50278 2.1013644
50300 1.8906188
50318 1.4853454
50337 0.94273144
50364 0.3166479
50377 -0.50614095
50397 -1.477209
50416 -2.1775675
50435 -2.4577162
50455 -2.3837137
50476 -2.249202
50495 -2.102475
50515 -1.815525
50534 -1.4592795
50553 -1.0482649
50573 -0.44293898
50594 0.37647602
50613 1.2414094
50632 1.8411019
50652 2.3276978
50671 2.7655935
50694 3.1028764
50711 3.1798446
50731 2.8498805
50750 2.340187
50770 1.943539
50790 1.6191539
50810 1.1596574
50830 0.48337632
50854 -0.1400659
50868 -0.6246462
50888 -0.98987085
50907 -1.289337
50927 -1.4732833
50949 -1.316488
50968 -0.86898935
50987 -0.3944743
51008 -0.075829156
51027 0.05432831
51045 0.22885972
51064 0.55264705
51085 0.9029875
51104 1.2341753
51124 1.6437474
51144 2.2872176
51165 2.9835486
51185 3.248082
51203 3.0523825
51222 2.6740158
51245 2.3679383
51263 2.0887957
51284 1.6596894
51301 1.0657922
51324 0.45238736
51340 -0.20443994
51361 -1.0793054
51381 -2.0651994
51401 -2.6683486
51420 -2.7975266
51439 -2.6721299
51461 -2.474878
51478 -2.4250343
51500 -2.2541206
51519 -1.7052494
51538 -0.9906892
51558 -0.22081956
51578 0.56894344
51599 1.2775728
51616 1.8859184
51636 2.4313066
51656 2.9246206
51677 3.2462313
51695 3.3885765
51716 3.2072413
51734 2.7530234
51754 2.2923563
51773 1.8381673
51794 1.2843161
51813 0.67967105
51841 0.0043141623
51853 -0.75609094
51872 -1.5813557
51891 -2.2187858
51911 -2.4497983
51932 -2.383847
51952 -2.157759
51970 -1.8639245
51989 -1.4964694
52012 -1.0826535
52031 -0.60307825
52049 0.04210602
52070 0.7123192
52089 1.4821652
52109 2.4349504
52129 3.4478083
52149 4.1261296
52167 4.1797543
52187 3.7272234
52206 3.0737963
52226 2.505229
52246 2.0587637
52267 1.5549462
52285 0.94273835
52312 0.15226902
52326 -0.93584085
52348 -2.17563
52364 -3.005275
52386 -3.239091
52404 -3.0913568
52422 -2.8391206
52442 -2.5757859
52464 -2.3592703
52487 -2.187513
52503 -1.8307766
52521 -1.2191405
52541 -0.43689096
52562 0.43138826
52582 1.2670455
52601 1.9394101
52620 2.535674
52639 3.0788841
52659 3.3730166
52682 3.3267326
52700 3.1827276
52719 3.0698736
52738 2.8981981
52757 2.5392046
52778 1.8877918
52805 1.0343411
52817 0.22167006
52839 -0.5064946
52856 -1.2345747
52875 -1.7819768
52901 -1.9656743
52916 -1.836958
52936 -1.6079307
52956 -1.4489328
52974 -1.3765632
52994 -1.2040738
53015 -0.79504526
53038 -0.18852225
53054 0.4630294
53073 1.2756127
53092 2.1793158
53114 2.8150568
53134 2.9054916
53152 2.5971003
53173 2.2257805
53194 2.0149276
53210 1.8396087
53231 1.4779449
53251 0.94534075
53273 0.3203724
53289 -0.48388663
53308 -1.4698348
53327 -2.2932749
53348 -2.6701434
53368 -2.6432893
53387 -2.46103
53407 -2.2554
53427 -2.0046883
53448 -1.7124848
53466 -1.3997674
53487 -1.0079081
53505 -0.48314312
53525 0.1776554
53545 0.8645742
53565 1.437496
53585 1.9351654
53604 2.4208906
53623 2.7529757
53643 2.8795128
53664 2.764836
53686 2.568293
53704 2.3937342
53723 2.1011236
53741 1.6336288
53760 1.0183444
53790 0.36625126
53801 -0.27683735
53820 -0.96228576
53840 -1.5734322
53860 -1.9873016
53882 -2.0331445
53900 -1.8403289
53921 -1.5792538
53938 -1.2577761
53958 -0.88049865
53977 -0.35420913
53998 0.19931178
54017 0.6882436
54038 1.2692983
54057 2.048638
54076 2.8022408
54095 3.3274124
54115 3.5393527
54140 3.3222425
54157 2.9260023
54174 2.5509832
54193 2.1938665
54213 1.8361504
54239 1.2865454
54261 0.5029883
54273 -0.44462577
54292 -1.3719703
54312 -2.1674416
54333 -2.7763307
54353 -2.9687912
54373 -2.8574617
54394 -2.5903718
54412 -2.3807685
54430 -2.2214973
54449 -1.9575633
54469 -1.4758655
54488 -0.8158291
54508 0.02227792
54529 0.9659189
54549 1.8609176
54568 2.5566785
54588 3.0268128
54607 3.2989075
54627 3.3711398
54646 3.1760645
54666 2.872981
54687 2.6562521
54706 2.5531387
54725 2.3209
54744 1.8164579
54770 1.1806878
54784 0.47956857
54805 -0.22919664
54823 -0.86423135
54843 -1.2236868
54863 -1.1835825
54884 -0.9318916
54902 -0.7978723
54922 -0.83857304
54941 -0.90585595
54961 -0.8597675
54982 -0.7340725
55000 -0.4802051
55020 -0.13516782
55040 0.3075701
55059 0.8803559
55080 1.5909702
55100 2.2315285
55121 2.434436
55141 2.0664606
55158 1.4953353
55177 1.0232948
55198 0.6891938
55220 0.24204913
55237 -0.37677252
55258 -1.1469184
55277 -2.0483897
55295 -3.1042864
55315 -4.104873
55335 -4.7419744
55354 -4.9191985
55374 -4.8277025
55393 -4.562842
55413 -4.1698933
55433 -3.6803887
55453 -3.0597444
55474 -2.2804322
55492 -1.3770579
55512 -0.40971896
55531 0.47727835
55551 1.2154001
55571 1.8837364
55590 2.4584022
55610 2.8942015
55631 3.008333
55652 2.869796
55671 2.5848577
55690 2.1624985
55710 1.6388501
55729 1.0756147
55748 0.64979976
55774 0.37378633
55789 0.07927227
55809 -0.2829603
55827 -0.7302675
55847 -1.1012864
55869 -1.3552356
55886 -1.5702778
55908 -1.5889671
55925 -1.409213
55945 -1.176404
55965 -1.079003
55986 -1.0011096
56005 -0.7674851
56024 -0.4038945
56043 -0.040875435
56063 0.331095
56083 0.74466646
56103 1.3584262
56124 2.0043418
56143 2.390789
56161 2.270289
56181 1.8939351
56204 1.4071783
56220 0.87969154
56240 0.30064946
56260 -0.29210585
56286 -0.85256535
56299 -1.3618497
56323 -2.0022707
56340 -2.8137412
56359 -3.5881026
56377 -3.9276435
56397 -3.8934138
56421 -3.7115638
56437 -3.578739
56456 -3.4539137
56476 -3.140301
56496 -2.583867
56516 -1.7841748
56537 -0.99961245
56556 -0.39202872
56574 0.21218048
56594 0.823872
56614 1.308505
56634 1.8082942
56655 2.2792168
56673 2.5731857
56694 2.501851
56713 2.0616724
56733 1.3684667
56755 0.7256235
56772 0.22126363
56792 -0.31699708
56818 -0.87982446
56832 -1.3715597
56851 -1.9892894
56871 -2.6153185
56891 -2.978231
56910 -3.0055733
56929 -2.8178458
56949 -2.4992812
56968 -2.096048
56989 -1.6019988
57008 -1.066188
57027 -0.51867807
57047 0.056772493
57066 0.72861695
57090 1.4426881
57113 2.0842257
57128 2.5340636
57145 2.9566405
57165 3.1083724
57185 2.817504
57205 2.297199
57226 1.7650889
57244 1.2414931
57264 0.60708386
57283 -0.20180286
57314 -1.0647513
57323 -1.8684678
57343 -2.535987
57362 -3.2466567
57382 -3.795009
57402 -3.9215746
57422 -3.6996467
57441 -3.4313056
57460 -3.2262483
57480 -2.9549139
57500 -2.4998522
57523 -1.8460423
57540 -1.0684716
57560 -0.22979312
57581 0.53022915
57598 1.1510621
57617 1.6543607
57639 2.0009491
57657 2.3302047
57679 2.4992416
57697 2.317064
57716 1.955187
57737 1.6194257
57756 1.2141799
57777 0.6261835
57795 -0.026644534
57817 -0.5250465
57834 -1.0035316
57854 -1.5177696
57875 -2.0455818
57894 -2.2889206
57913 -2.0601096
57932 -1.50305
57952 -1.0015992
57972 -0.69263935
57992 -0.3922479
58012 0.1353733
58031 0.72078365
58051 1.3832967
58071 2.1039789
58091 2.8970869
58111 3.508071
58130 3.6949522
58151 3.368987
58169 2.7576218
58189 2.175531
58208 1.6754143
58228 1.0322992
58248 0.22596775
58270 -0.68894523
58288 -1.635007
58310 -2.6650026
58328 -3.5647593
58348 -4.081934
58369 -4.184585
58385 -3.983635
58411 -3.623196
58425 -3.2533202
58446 -2.8382242
58464 -2.2633424
58485 -1.4558696
58503 -0.50363123
58524 0.44099018
58543 1.3044809
58564 2.1055326
58582 2.8270044
58602 3.533159
58625 3.8748755
58641 3.824681
58662 3.485412
58681 3.0177522
58703 2.4859126
58720 2.0187163
58742 1.6130073
58766 1.1648271
58779 0.58423275
58802 -0.18925744
58818 -1.2246966
58837 -1.7883134
58859 -1.6948322
58878 -1.3407356
58897 -1.1186175
58916 -1.1018038
58936 -1.1796416
58961 -1.1543398
58976 -0.9625576
58997 -0.5988297
59015 -0.03020538
59035 0.7305243
59055 1.3442273
59074 1.7833196
59096 2.2746208
59114 2.6261337
59133 2.6848176
59153 2.397865
59175 1.8186597
59192 1.2574095
59212 0.7288628
59231 0.09045029
59251 -0.74490756
59276 -1.7170882
59292 -2.8244057
59311 -3.7646189
59331 -4.17302
59349 -4.090936
59369 -3.6920006
59389 -3.1122499
59409 -2.7269475
59429 -2.5413964
59453 -2.1162603
59468 -1.238214
59487 -0.09038604
59508 1.0488185
59527 1.9071114
59549 2.4168856
59567 2.7107742
59585 2.9029627
59605 2.9855905
59625 2.8773894
59646 2.571119
59666 2.0480673
59684 1.5089909
59706 0.92967683
59725 0.27445307
59748 -0.37652302
59763 -0.90572417
59782 -1.3660097
59802 -1.9261724
59822 -2.5069036
59844 -2.730761
59862 -2.505024
59882 -2.0762978
59903 -1.801917
59920 -1.6347861
59945 -1.3762648
59960 -1.0267663
59980 -0.5179178
60000 0.090345986
60020 0.84427583
60038 1.6233437
60059 2.1140459
60077 2.2500794
60096 2.088851
60116 1.7807065
60136 1.5139167
60156 1.3118222
60176 1.0384456
60196 0.51150244
60218 -0.13343664
60235 -0.8339579
60255 -1.51206
60276 -1.9699222
60294 -2.2131498
60315 -2.2465055
60334 -2.1173813
60354 -1.9037528
60373 -1.6669987
60393 -1.4620191
60412 -1.1547171
60432 -0.6625726
60451 -0.078850396
60471 0.5175241
60491 1.1212159
60511 1.7954282
60530 2.666729
60550 3.5689619
60570 4.1424537
60590 4.1288495
60611 3.7253172
60628 3.1343863
60649 2.559044
60669 2.0858078
60688 1.6513942
60714 1.1310097
60728 0.34266272
60748 -0.83955663
60766 -2.1608026
60787 -3.1883764
60806 -3.513469
60826 -3.2199094
60846 -2.6541147
60865 -2.1531827
60884 -1.7451332
60904 -1.2410189
60925 -0.6143642
60944 0.1169574
60963 0.91131324
60982 1.7766807
61002 2.6121747
61022 3.1535065
61042 3.300016
61061 3.1544044
61084 2.807518
61103 2.3410554
61122 1.7656326
61140 1.0805919
61161 0.37971532
61187 -0.3428427
61200 -1.1969465
61220 -2.061579
61239 -2.679307
61259 -2.9490893
61278 -2.971807
61300 -2.840886
61319 -2.6266584
61336 -2.4070177
61356 -2.1539953
61378 -1.6532544
61396 -0.86520934
61417 0.042548526
61437 0.86936265
61456 1.4930503
61474 2.0730188
61494 2.655192
61515 3.082746
61534 3.0621216
61554 2.7528067
61573 2.4936073
61596 2.2907264
61614 2.0583532
61633 1.6531601
61655 1.076892
61671 0.5187989
61691 -0.21382688
61712 -1.1108106
61733 -1.812611
61753 -1.9525074
61771 -1.680765
61790 -1.3137442
61810 -1.1061553
61832 -1.030874
61850 -0.90901464
61870 -0.6202683
61889 -0.13481687
61907 0.50837857
61927 1.2243806
61948 2.0324776
61968 2.8835356
61987 3.4112122
62007 3.371871
62025 2.9241295
62047 2.2817483
62065 1.7535005
62085 1.385636
62105 0.8450363
62127 0.115973994
62146 -0.6717445
62163 -1.5836362
62184 -2.5803301
62203 -3.330204
62222 -3.5334673
62242 -3.3198678
62263 -2.9583955
62281 -2.6173851
62302 -2.3734193
62321 -1.9727998
62341 -1.2812827
62360 -0.3675148
62380 0.58271104
62400 1.4792564
62421 2.31905
62439 3.0207703
62459 3.436571
62479 3.7042572
62497 3.7350554
62518 3.5237641
62538 3.2239192
62557 2.9609118
62576 2.5995781
62598 2.0125086
62617 1.2367333
62642 0.41560096
62656 -0.38626507
62674 -0.9425908
62695 -1.3296633
62715 -1.5174977
62735 -1.4606351
62753 -1.3200586
62773 -1.2446427
62792 -1.137204
62813 -0.80149835
62833 -0.325026
62853 0.21941176
62872 0.79815406
62892 1.3684943
62911 2.0110128
62932 2.741461
62953 3.3075025
62971 3.4942782
62990 3.3638213
63009 3.0948298
63030 2.7467713
63049 2.3386958
63070 1.7746978
63090 1.0645189
63116 0.28079674
63130 -0.5627787
63148 -1.4476553
63167 -2.1743507
63188 -2.5848205
63206 -2.6552315
63226 -2.574539
63246 -2.5357409
63266 -2.3579428
63288 -1.8256954
63306 -0.95719856
63325 0.07423964
63344 1.0876383
63365 1.8930442
63384 2.5413573
63406 3.0066226
63425 3.3053536
63442 3.5295663
63462 3.6021001
63485 3.5122077
63501 3.3328338
63521 2.9475298
63541 2.207122
63560 1.2337167
63583 0.42844746
63609 -0.1233908
63623 -0.4675306
63640 -0.9151361
63659 -1.4384058
63679 -1.6404141
63699 -1.5869793
63718 -1.5081604
63738 -1.348591
63758 -1.0225967
63777 -0.47862375
63801 0.20619904
63816 0.8373428
63837 1.3999801
63856 2.1614158
63876 3.1122134
63895 3.7950485
63917 4.083033
63934 4.012948
63954 3.6855116
63974 3.3313856
63993 2.9132712
64013 2.2444727
64036 1.395865
64065 0.45562232
64073 -0.5503774
64092 -1.5345292
64112 -2.247131
64133 -2.6931343
64152 -2.8810797
64172 -2.8223107
64190 -2.642418
64210 -2.363658
64229 -1.8065969
64251 -0.9452829
64270 0.04904461
64290 1.00474
64309 1.7890583
64328 2.346064
64347 2.9005117
64369 3.6411622
64388 4.1533303
64407 4.2193875
64426 4.0187926
64446 3.6497588
64466 3.040979
64485 2.3107488
64511 1.5210704
64526 0.73152757
64547 0.17688838
64565 -0.25305998
64585 -0.9575805
64605 -1.6834328
64623 -2.0551047
64643 -2.062343
64662 -1.9101212
64683 -1.5573033
64703 -1.0446457
64722 -0.3828665
64743 0.38129088
64763 0.9452904
64781 1.274385
64800 1.660994
64822 2.3258212
64841 2.9205353
64861 3.1125338
64879 2.9702156
64899 2.5986252
64922 2.1339605
64939 1.6382508
64960 0.9730437
64977 0.23911086
65000 -0.47210267
65018 -1.2078551
65036 -1.993153
65058 -2.5432737
65077 -2.7446578
65096 -2.661023
65115 -2.3596258
65136 -1.9825127
65156 -1.6413124
65176 -1.2090491
65194 -0.5257759
65213 0.2510585
65233 0.97067684
65256 1.5968156
65274 2.198495
65292 2.8359518
65312 3.1616423
65332 3.0691116
65357 2.7264144
65372 2.2752721
65393 1.8422192
65415 1.4056569
65430 1.0161109
65455 0.63279456
65469 0.2639508
65490 -0.17864843
65510 -0.7561395
65528 -1.184265
65548 -1.3695151
65568 -1.3955798
65587 -1.2473032
65607 -0.9397568
65627 -0.62633157
65647 -0.5067041
65666 -0.37162217
65686 -0.085053794
65706 0.2596284
65725 0.6851419
65745 1.3340247
65765 2.1621454
65785 2.737108
65806 2.787333
65825 2.427413
65843 1.9589362
65863 1.7042531
65883 1.5582324
65904 1.1968722
65927 0.6570326
65945 -0.04716067
65961 -0.9025684
65981 -1.8901229
66000 -2.5902069
66021 -2.7255883
66041 -2.548578
66067 -2.3307047
66079 -2.1443658
66099 -1.9811769
66121 -1.7204791
66138 -1.2168796
66159 -0.46586463
66177 0.36943758
66197 1.2274324
66217 2.095112
66237 2.786355
66258 3.232955
66277 3.4392898
66296 3.3057601
66316 3.1479874
66335 3.067887
66355 2.8528159
66377 2.38407
66402 1.6788697
66420 0.79987144
66433 -0.115013726
66453 -0.85909194
66473 -1.2921988
66493 -1.5042461
66514 -1.4512758
66532 -1.3071066
66553 -1.0755754
66575 -0.7644916
66592 -0.37551594
66611 0.057725474
66632 0.5392873
66650 1.0615499
66674 1.6722897
66690 2.4175942
66710 3.2563257
66730 3.7495592
66749 3.7648776
66769 3.4554281
66788 2.9582245
66809 2.5426672
66827 2.2209451
66847 1.8674184
66867 1.3914621
66888 0.7349317
66906 -0.226586
66926 -1.3377408
66946 -2.0084715
66965 -2.0153277
66984 -1.6146792
67004 -1.1235433
67028 -0.9105404
67044 -0.85373205
67062 -0.6300381
67083 -0.05270932
67103 0.7083769
67123 1.6046253
67142 2.6306221
67163 3.531224
67182 4.1394324
67201 4.3300424
67225 4.125691
67240 3.8807752
67260 3.8036714
67279 3.7801104
67300 3.4915016
67321 2.8677292
67346 1.9702849
67359 0.8809237
67379 -0.11751478
67399 -0.9921333
67417 -1.5705788
67438 -1.6504028
67457 -1.3762121
67478 -1.0264143
67497 -0.7327436
67516 -0.46513912
67535 -0.06933308
67557 0.57029873
67576 1.3759198
67595 2.1307192
67614 2.7003233
67634 3.1741586
67654 3.6318862
67674 3.834713
67695 3.7672944
67713 3.579051
67737 3.376933
67752 3.082691
67772 2.6677864
67794 2.1018572
67814 1.5036892
67831 0.94197536
67852 0.2740202
67870 -0.54068816
67892 -1.0622973
67910 -1.22717
67932 -1.2024397
67949 -1.0944018
67968 -0.9473779
67990 -0.80318236
68007 -0.49033
68027 0.11314401
68047 0.8490074
68073 1.6336532
68086 2.5114539
68106 3.253765
68129 3.8061445
68152 4.0810437
68165 3.9529257
68184 3.6198614
68206 3.3513594
68224 3.2879395
68244 3.1000235
68264 2.6983955
68287 2.0027971
68303 1.1347908
68323 0.28106698
68342 -0.5394342
68364 -1.1817889
68383 -1.3839083
68401 -1.1672057
68424 -0.80255395
68441 -0.5936334
68462 -0.45191392
68481 -0.24465102
68500 0.1770825
68519 0.76415056
68541 1.3740457
68559 1.9544193
68581 2.5304153
68600 2.9607742
68618 3.1216202
68638 3.0535479
68661 2.828983
68677 2.452876
68697 2.0158503
68716 1.5759964
68735 1.0256848
68766 0.46147165
68777 -0.07686953
68796 -0.7082033
68816 -1.286757
68835 -1.6613395
68854 -1.8439507
68876 -1.8240616
68897 -1.5831726
68913 -1.2041249
68933 -0.7001439
68952 -0.08989637
68973 0.49309203
68993 1.0750192
69014 1.7410694
69031 2.513607
69050 3.3594406
69070 3.9572008
69091 3.87789
69110 3.2264216
69130 2.5221732
69149 2.1713126
69169 2.0431693
69188 1.7303432
69216 1.0548792
69229 0.27657396
69250 -0.5302706
69268 -1.4327226
69287 -2.1671972
69308 -2.3447192
69326 -1.9158294
69347 -1.2138392
69366 -0.720961
69386 -0.51742685
69405 -0.24089432
69427 0.32663944
69449 1.0595357
69466 1.801411
69484 2.5516958
69504 3.4106436
69523 4.1658235
69548 4.3461213
69565 3.8844209
69583 3.0960214
69601 2.40962
69621 1.9742008
69642 1.6117241
69661 0.920971
69686 0.022384817
69701 -0.9078715
69719 -1.9106876
69740 -2.725859
69760 -3.0732348
69779 -3.0235827
69800 -2.7811136
69818 -2.4500601
69837 -2.0875556
69857 -1.6023761
69877 -0.8501082
69897 0.049702123
69919 1.007789
69937 1.9155177
69956 2.6538312
69976 3.2790987
70001 3.8137681
70017 4.0464673
70034 3.8106918
70054 3.2321908
70080 2.5826006
70094 2.2212684
70114 1.958451
70133 1.4304203
70161 0.63088995
70172 -0.17870392
70193 -0.897508
70213 -1.4895297
70231 -1.7568634
70251 -1.6151688
70270 -1.2305449
70290 -0.7576349
70312 -0.45417222
70334 -0.30135268
70351 0.024124233
70370 0.6644926
70389 1.3933356
70413 1.9852738
70429 2.3946302
70449 2.7729676
70470 3.1349547
70488 3.2804296
70507 3.0912871
70529 2.7079432
70547 2.3354013
70567 1.9424237
70585 1.396435
70605 0.67820054
70628 -0.043323778
70645 -0.71410984
70666 -1.4149045
70685 -2.0152228
70703 -2.237719
70723 -2.2206335
70744 -2.2327392
70762 -2.2543428
70784 -2.2142646
70802 -2.056217
70822 -1.6202788
70841 -0.85715544
70863 0.09739555
70881 0.99922186
70901 1.7336426
70922 2.2071228
70940 2.6154428
70962 3.1766098
70980 3.5561445
70999 3.5350847
71018 3.303118
71038 2.930519
71058 2.5151527
71079 2.1028893
71099 1.6301152
71123 1.0663635
71138 0.5350953
71156 -0.007408749
71175 -0.6540873
71195 -1.06733
71217 -0.9814369
71236 -0.5747486
71256 -0.08208804
71274 0.25407836
71295 0.46781513
71313 0.72660697
71333 1.0557806
71353 1.4806699
71374 2.057781
71392 2.8249056
71414 3.5675704
71432 3.9237897
71451 3.8106623
71471 3.4113746
71491 2.8971663
71511 2.417971
71531 2.061724
71552 1.6598781
71578 1.0453025
71591 0.22447222
71608 -0.76876825
71629 -1.7428547
71651 -2.3773162
71670 -2.5573423
71688 -2.4452498
71707 -2.1912727
71727 -1.9312019
71747 -1.6764908
71767 -1.2021117
71787 -0.43357268
71806 0.46422654
71826 1.2910684
71847 2.0493498
71866 2.7034554
71885 3.2428315
71904 3.775298
71924 4.1857405
71944 4.163267
71963 3.7914033
71983 3.410562
72004 3.1652105
72022 2.8552434
72042 2.3753974
72071 1.7949669
72081 1.2626649
72102 0.759283
72121 0.16187364
72140 -0.39143226
72160 -0.5378847
72180 -0.304994
72199 -0.09941924
72220 -0.053820435
72241 0.081749745
72259 0.4447716
72279 0.94192237
72297 1.4185042
72322 1.8939972
72338 2.4270883
72357 3.1217337
72376 3.8469033
72397 4.1465597
72416 4.032019
72437 3.6937292
72456 3.2288742
72474 2.7271235
72494 2.1415496
72518 1.4248941
72542 0.64691347
72555 -0.17448825
72573 -1.096828
72592 -1.9523746
72612 -2.3687477
72632 -2.3933158
72652 -2.2609015
72672 -2.0560892
72692 -1.7275398
72711 -1.2205402
72732 -0.5438786
72751 0.31610534
72770 1.248348
72789 2.128708
72809 2.8952348
72829 3.5482264
72854 4.009193
72870 4.1586695
72889 4.0901914
72908 3.76907
72928 3.3180895
72948 2.958931
72967 2.6741562
72987 2.3225882
73010 1.7653354
73025 0.97631013
73045 0.17204848
73066 -0.47827694
73085 -0.88997155
73105 -1.1513476
73124 -1.1253633
73144 -0.9071918
73164 -0.70403767
73184 -0.56506616
73204 -0.39488766
73223 -0.085435264
73242 0.41987756
73261 0.9726397
73282 1.5551925
73301 2.2653449
73321 3.100431
73341 3.652645
73360 3.6990347
73381 3.4209547
73401 3.0161722
73423 2.5468826
73441 2.0719597
73461 1.5730667
73478 1.0459336
73502 0.4916216
73518 -0.18259074
73538 -0.97368264
73557 -1.5505482
73578 -1.685387
73598 -1.5002452
73617 -1.327237
73640 -1.2175931
73656 -1.1050913
73675 -0.7380703
73695 -0.13026975
73714 0.5304483
73735 1.1070696
73754 1.6385818
73775 2.2482605
73793 2.9578695
73812 3.3713562
73833 3.3238251
73853 2.9746528
73873 2.688652
73891 2.475624
73911 2.2902644
73931 2.0065787
73958 1.641409
73971 1.1860477
73990 0.5154808
74009 -0.34292176
74030 -1.0228728
74051 -1.2355485
74068 -1.0299182
74094 -0.6772072
74108 -0.3857435
74127 -0.2632043
74147 -0.16841672
74167 0.07266244
74186 0.4683034
74206 0.9877071
74226 1.5816859
74246 2.293772
74266 3.0355685
74285 3.6252222
74307 3.8386054
74325 3.635862
74344 3.262395
74363 2.8964643
74383 2.4633865
74403 1.8777057
74423 1.1669831
74445 0.39025643
74462 -0.4655095
74481 -1.2691718
74501 -1.9616405
74522 -2.404542
74540 -2.4828155
74560 -2.3903139
74580 -2.2357795
74602 -1.8616589
74619 -1.1302027
74640 -0.23047282
74659 0.6841667
74679 1.6339847
74698 2.42535
74719 3.0768714
74739 3.627593
74759 3.887525
74777 3.8602095
74797 3.6290054
74816 3.2890022
74837 2.8881094
74858 2.4945617
74875 2.0067992
74898 1.3912716
74914 0.7663284
74936 0.23402691
74955 -0.16411652
74975 -0.3684123
74993 -0.32689172
75013 -0.04214469
75032 0.34451857
75052 0.7326508
75073 0.99688315
75095 1.2131224
75111 1.513812
75131 1.9484696
75153 2.4990003
75173 3.0157392
75191 3.4957778
75210 3.8493295
75229 3.9286103
75249 3.7069833
75270 3.23859
75291 2.7542274
75309 2.3675072
75328 1.9032211
75348 1.2871488
75377 0.57071227
75388 -0.18378787
75408 -0.9544233
75427 -1.6558172
75446 -2.1204817
75466 -2.3059785
75487 -2.213584
75508 -1.9337627
75525 -1.5668775
75544 -1.1320022
75564 -0.6035364
75584 0.060255658
75605 0.8684069
75624 1.8060913
75643 2.7482927
75663 3.522055
75682 4.083714
75702 4.432615
75724 4.4983473
75742 4.2825685
75761 4.028891
75782 3.9024887
75800 3.6878808
75820 3.146273
75841 2.3547175
75863 1.560603
75879 0.93843645
75898 0.45219567
75918 -0.00836173
75940 -0.36240447
75958 -0.4154024
75977 -0.29416856
75997 -0.2509654
76016 -0.17571181
76036 0.21487159
76056 0.85145575
76076 1.4259576
76097 1.8611312
76115 2.3687553
76135 2.9772108
76155 3.6293867
76175 4.088123
76193 4.197849
76214 4.010829
76236 3.6123846
76255 3.0836174
76272 2.4393332
76292 1.7829388
76311 1.1615065
76333 0.43200988
76351 -0.39820716
76372 -1.2086167
76391 -1.8311906
76410 -2.084894
76434 -1.9275842
76450 -1.5906826
76472 -1.2936913
76492 -0.99096256
76509 -0.52673054
76529 0.120928764
76548 0.85135037
76568 1.6730777
76589 2.5271537
76607 3.2685397
76627 3.7863412
76648 3.9970858
76667 3.9859858
76686 3.767787
76706 3.3502176
76726 2.8930879
76746 2.5154302
76767 2.2127264
76790 1.7906113
76805 1.1911622
76825 0.5655685
76844 -0.04212527
76863 -0.5680874
76883 -0.84839827
76902 -0.7382645
76922 -0.39962065
76942 -0.16381966
76964 -0.17010489
76981 -0.35521898
77000 -0.47511837
77023 -0.31813458
77040 0.095897414
77060 0.7156692
77079 1.5385118
77099 2.4952393
77119 3.209555
77140 3.5244741
77159 3.6581423
77179 3.6542792
77199 3.4600503
77216 3.0607903
77237 2.4785357
77257 1.7250152
77277 0.82332593
77301 -0.24603792
77315 -1.5345542
77335 -2.6238885
77356 -3.1452522
77376 -3.2020063
77395 -2.9871805
77414 -2.5513825
77434 -1.8977932
77453 -1.1289792
77473 -0.30145514
77493 0.533876
77512 1.3904017
77532 2.3257723
77552 3.1925025
77572 3.7426789
77595 3.9873216
77611 3.8909545
77630 3.4632075
77650 2.9607508
77670 2.7199671
77690 2.6321974
77709 2.4052658
77734 1.9589084
77748 1.3646865
77768 0.70152014
77787 0.17996502
77807 -0.27498686
77828 -0.54591084
77848 -0.4756899
77868 -0.20658727
77886 -0.13258353
77908 -0.26467332
77926 -0.29805678
77949 -0.08932486
77966 0.32231286
77985 0.8980353
78004 1.5360066
78024 2.358171
78044 3.4030752
78065 4.1590457
78084 4.2980723
78105 4.022739
78124 3.6012774
78142 3.1285033
78162 2.6095047
78181 1.9794749
78201 1.2455436
78223 0.4448204
78241 -0.52937585
78261 -1.6209689
78280 -2.3565323
78299 -2.5972314
78320 -2.4814117
78339 -2.2076561
78359 -1.897197
78379 -1.5405145
78399 -1.0207269
78418 -0.32268307
78437 0.41532907
78458 1.1129693
78477 1.7244166
78497 2.3319998
78519 3.0521119
78536 3.6173072
78555 3.9588072
78575 3.9960778
78595 3.7164452
78615 3.2096078
78634 2.797998
78654 2.554333
78673 2.2467866
78694 1.7784473
78721 1.1714354
78734 0.44786912
78752 -0.13963586
78772 -0.55995446
78792 -0.74718815
78811 -0.5458831
78831 -0.107579924
78851 0.14587966
78871 0.10917811
78889 0.12454926
78911 0.36796856
78934 0.6914299
78949 0.9700277
78968 1.2576864
78988 1.8669586
79009 2.7467446
79030 3.3644204
79047 3.4676156
79067 3.1742973
79087 2.7581415
79106 2.3712869
79126 1.9539357
79146 1.491747
79166 1.0459365
79187 0.5361082
79204 -0.2649993
79225 -1.1705252
79243 -1.8603
79264 -2.1456988
79283 -2.1023583
79303 -1.9030689
79323 -1.724455
79347 -1.5535431
79365 -1.2459702
79382 -0.74025095
79401 -0.12467115
79421 0.4535024
79440 0.9798737
79460 1.575814
79480 2.1003335
79500 2.3348572
79519 2.3996904
79540 2.411387
79559 2.335372
79578 2.0687456
79600 1.6967198
79620 1.4728357
79638 1.3721427
79657 1.1289951
79681 0.5454061
79697 -0.19687714
79716 -0.734103
79736 -1.1000615
79756 -1.3067515
79776 -1.2829728
79798 -1.0856961
79818 -0.9921583
79834 -1.1976262
79854 -1.5068873
79873 -1.7005196
79894 -1.7001117
79914 -1.5018296
79933 -1.180381
79952 -0.7661285
79972 -0.40637198
79991 -0.06751173
80012 0.22487997
80032 0.4367108
80051 0.6083319
80070 0.70526963
80090 0.6758881
80112 0.5448318
80131 0.33958444
80150 0.062427953
80168 -0.318713
80189 -0.7698017
80209 -1.3692224
80227 -2.0190027
80248 -2.5162058
80267 -2.8071008
80287 -2.8971803
80307 -2.7572546
80328 -2.4410822
80346 -2.1312776
80367 -1.8591274
80385 -1.3969651
80405 -0.650711
80425 0.20771937
80446 0.9661367
80464 1.6491089
80484 2.2266836
80503 2.6881106
80523 3.1561491
80543 3.80419
80563 4.407066
80583 4.719483
80602 4.6304064
80622 4.207613
80641 3.6552048
80662 3.1833017
80681 2.755258
80702 2.3185349
80726 1.9065961
80739 1.4209266
80759 0.6498303
80779 -0.16153222
80802 -0.62192875
80820 -0.8124292
80838 -0.8494581
80857 -0.7277332
80879 -0.45835868
80897 -0.18757066
80918 0.07410509
80940 0.30166358
80956 0.49387854
80976 0.82824993
81000 1.3565786
81015 1.9241416
81035 2.4525247
81053 2.9042404
81073 3.2632616
81093 3.453873
81114 3.6127088
81134 3.764441
81154 3.7368796
81172 3.5068727
81192 3.050886
81214 2.4702919
81232 1.7980922
81251 1.1390067
81275 0.4739092
81290 -0.26696074
81310 -1.0012178
81330 -1.7301456
81350 -2.3815596
81371 -2.73367
81389 -2.7736895
81411 -2.6348264
81431 -2.398889
81448 -2.0836701
81469 -1.7302253
81488 -1.2544328
81507 -0.629031
81526 0.103131466
81546 0.904591
81566 1.6302532
81587 2.2348702
81606 2.7407258
81625 3.2027009
81646 3.690795
81665 4.1175594
81687 4.2987304
81704 4.1722183
81723 3.8716924
81743 3.485871
81766 3.009697
81785 2.4761152
81805 1.8926911
81828 1.2450331
81843 0.597698
81861 -0.07787661
81882 -0.7246634
81901 -1.1596998
81920 -1.2974478
81940 -1.1763221
81959 -0.8533213
81982 -0.4926133
82000 -0.20539016
82019 0.07631068
82039 0.4139752
82058 0.7713915
82078 1.2108641
82098 1.8002999
82117 2.471737
82139 3.1769385
82157 3.6409235
82176 3.6426923
82197 3.3392823
82216 2.9244874
82235 2.580348
82255 2.3500152
82274 2.0363457
82294 1.5269519
82320 0.768397
82334 -0.13829865
82356 -1.094456
82373 -1.8898746
82392 -2.304207
82412 -2.2617655
82433 -1.8512417
82452 -1.4399828
82471 -1.1192695
82491 -0.7617142
82510 -0.21578278
82532 0.6622648
82551 1.6527572
82574 2.5573843
82589 3.3219233
82609 4.004244
82628 4.583259
82649 4.935043
82669 4.9531894
82687 4.6640077
82707 4.3558064
82727 4.0634136
82749 3.6022027
82766 2.9917083
82786 2.2717612
82809 1.5387539
82825 0.79951626
82844 -5.533912E-4
82868 -0.6785194
82885 -1.0201291
82905 -1.0065252
82924 -0.77167434
82943 -0.45667326
82966 -0.17344934
82984 0.020725684
83003 0.2618867
83022 0.67877764
83042 1.131553
83061 1.5526859
83082 1.976378
83101 2.5625503
83121 3.2266695
83140 3.5563886
83160 3.3332663
83179 2.8541262
83200 2.4944518
83218 2.207935
83238 1.7522202
83257 1.2339317
83280 0.8002837
83297 0.30215332
83317 -0.4738394
83337 -1.4265704
83357 -2.181098
83376 -2.489324
83396 -2.379218
83417 -2.0421526
83436 -1.7028527
83457 -1.349845
83474 -0.9837522
83494 -0.5229242
83514 0.15741114
83534 0.9002922
83555 1.5631353
83574 2.18631
83592 2.8545911
83612 3.3461916
83634 3.507337
83652 3.4519684
83673 3.316153
83693 3.2409813
83711 3.160913
83730 2.8194392
83751 2.3191328
83774 1.8451614
83790 1.3729597
83809 0.785972
83828 0.12655926
83848 -0.42832384
83869 -0.7243332
83889 -0.74661523
83909 -0.5689558
83928 -0.35328665
83952 -0.10075231
83967 0.2207254
83987 0.5388809
84006 0.91115093
84026 1.3762527
84046 1.9847065
84065 2.83854
84087 3.671315
84105 4.120391
84126 4.084806
84144 3.7033377
84163 3.2191083
84184 2.775691
84202 2.4280694
84223 2.039611
84246 1.4882098
84262 0.7286755
84281 -0.24383259
84302 -1.1755592
84321 -1.7939439
84341 -2.0709906
84360 -2.106331
84380 -1.9606639
84403 -1.6844063
84421 -1.3380624
84441 -0.91371846
84459 -0.33097413
84479 0.44431245
84498 1.262504
84519 2.093754
84538 2.8947244
84559 3.7681723
84577 4.3889775
84597 4.543783
84616 4.2809386
84636 3.850853
84656 3.5526934
84676 3.389588
84694 3.1667626
84715 2.7778952
84737 2.1688712
84754 1.4182881
84774 0.41008422
84793 -0.48572877
84813 -0.94772744
84832 -0.8930691
84855 -0.5786936
84873 -0.33900166
84893 -0.15350471
84910 0.0666269
84931 0.33951092
84953 0.72696346
84976 1.2168233
84991 1.756442
85009 2.4486115
85029 3.4681594
85049 4.3505588
85071 4.6805234
85092 4.5418224
85110 4.046873
85128 3.4108603
85147 2.8478677
85168 2.3201897
85187 1.7517555
85210 1.1674893
85228 0.42452344
85246 -0.65411925
85265 -1.6674111
85285 -2.211467
85305 -2.347502
85326 -2.1836321
85345 -1.8837873
85364 -1.555672
85383 -1.1833993
85408 -0.705755
85423 -0.029011033
85442 0.82746065
85462 1.7229447
85482 2.59011
85501 3.374594
85522 3.9199555
85542 4.0617566
85560 3.79026
85580 3.4149969
85600 3.2120063
85621 3.2596734
85640 3.194187
85664 2.7797456
85680 2.0758522
85698 1.1842265
85718 0.22717017
85739 -0.50082946
85759 -0.8298422
85779 -0.6956037
85800 -0.4303366
85817 -0.26217225
85838 -0.3127496
85856 -0.3956506
85883 -0.24617551
85899 0.16092205
85915 0.73387295
85934 1.4463918
85954 2.213215
85974 2.8752112
85994 3.4858139
86013 3.9569817
86033 4.1146464
86052 3.9632406
86072 3.6402414
86093 3.2324378
86112 2.8078218
86131 2.3836677
86151 1.8062321
86174 1.0060791
86193 0.122945696
86210 -0.80061746
86229 -1.5659734
86249 -2.0270758
86269 -2.154785
86290 -1.9505973
86309 -1.649988
86328 -1.3852953
86347 -1.1805655
86367 -0.81958556
86389 -0.18196653
86407 0.6100784
86428 1.3507857
86447 1.9919143
86465 2.510887
86485 3.108213
86506 3.6317544
86525 3.8527808
86546 3.7181056
86565 3.5141373
86583 3.35076
86603 3.1060631
86623 2.7312353
86645 2.2304113
86667 1.6827927
86682 1.1394169
86702 0.4119319
86723 -0.43020067
86741 -1.0324775
86762 -1.1678854
86780 -1.0038562
86800 -0.81438786
86820 -0.6973724
86841 -0.5406063
86864 -0.21015367
86881 0.25154677
86900 0.78281343
86918 1.3651208
86940 2.0992155
86957 3.0027816
86977 3.908281
86997 4.3460393
87017 4.267792
87036 3.8287554
87057 3.2268586
87077 2.604067
87096 1.9597535
87115 1.2303113
87138 0.39955184
87154 -0.511824
87174 -1.4855568
87193 -2.412983
87213 -2.9254508
87233 -2.9915903
87252 -2.7644937
87272 -2.4016633
87295 -1.9871666
87314 -1.4733936
87331 -0.6751181
87351 0.28563768
87371 1.1446382
87391 1.9409554
87413 2.6838923
87430 3.4352906
87451 4.086106
87472 4.371477
87492 4.297174
87509 3.9536333
87531 3.6351798
87551 3.358786
87568 3.0388052
87587 2.554469
87615 1.9110808
87627 1.2118102
87646 0.31901836
87666 -0.5975535
87685 -1.0867864
87707 -1.1056393
87726 -0.77485925
87745 -0.3859377
87766 -0.14319949
87785 0.003662196
87813 0.29844952
87826 0.7847998
87843 1.3464564
87863 1.9873672
87883 2.6462088
87902 3.364197
87923 4.191013
87943 4.8294783
87961 4.949078
87981 4.6558704
88000 4.140874
88020 3.570918
88042 3.0354052
88060 2.428068
88079 1.6505523
88104 0.80918103
88121 -0.15919061
88140 -1.2825067
88160 -2.2467177
88178 -2.811014
88199 -2.9811661
88217 -2.8683412
88237 -2.5931168
88256 -2.3644693
88279 -2.1678724
88298 -1.7050858
88318 -0.92191106
88335 0.056418765
88355 0.98463446
88376 1.8147694
88397 2.5654619
88415 3.1844735
88433 3.7143018
88453 3.9179456
88481 3.8231833
88494 3.7970643
88513 3.8820586
88534 3.7612603
88551 3.2287397
88572 2.4847128
88598 1.6400195
88616 0.84565884
88631 0.19021893
88651 -0.3127815
88670 -0.48905382
88689 -0.34812224
88709 -0.09621351
88729 -0.024823189
88748 -0.04748665
88768 0.08688918
88789 0.48304895
88812 1.0949597
88830 1.7308391
88846 2.2826471
88866 2.8449044
88886 3.4570565
88906 3.8946786
88926 3.8363733
88948 3.4522402
88966 3.0083609
88984 2.6387823
89005 2.364131
89024 1.9047443
89049 1.2081666
89064 0.39876375
89083 -0.50632674
89102 -1.4407182
89123 -2.1720648
89145 -2.5108721
89164 -2.4798288
89182 -2.2414422
89201 -1.9172997
89222 -1.658183
89240 -1.2465703
89260 -0.46502677
89280 0.59767157
89299 1.6296803
89320 2.5059316
89341 3.280403
89361 4.111273
89379 4.836336
89398 5.254915
89419 5.1220098
89439 4.553168
89458 4.0073442
89477 3.5981536
89497 3.1034248
89516 2.4631674
89541 1.7655022
89556 1.0332018
89575 0.20285043
89595 -0.4785183
89614 -0.84548527
89634 -0.78571105
89655 -0.3868019
89675 0.01085186
89695 0.24814962
89714 0.39555645
89732 0.667543
89753 1.1007844
89771 1.5761691
89791 2.0746515
89812 2.5987108
89832 3.372473
89850 4.224238
89870 4.6385975
89890 4.568786
89911 4.089754
89930 3.5371559
89950 3.0706682
89972 2.4803336
89988 1.7421036
90010 0.9041601
90028 -0.07776122
90047 -1.2637079
90068 -2.368523
90087 -2.8963897
90106 -2.9634826
90127 -2.7771697
90147 -2.50581
90168 -2.2450068
90185 -1.814157
90204 -0.98165566
90225 0.14658572
90245 1.2463408
90266 2.0682318
90283 2.8569298
90303 3.7062728
90323 4.420234
90345 4.7533545
90365 4.590277
90382 4.1792083
90401 3.8545206
90421 3.6125982
90442 3.2512894
90462 2.7840917
90484 2.3031845
90500 1.6405088
90519 0.757728
90539 -0.054530665
90559 -0.458607
90579 -0.33982146
90598 0.11154184
90618 0.50277716
90637 0.60526633
90658 0.56200767
90679 0.57098675
90697 0.70193213
90716 0.92973477
90736 1.2867974
90756 1.8532993
90776 2.680742
90796 3.532998
90817 3.8883462
90835 3.734435
90854 3.312646
90874 2.8176994
90893 2.380294
90914 2.0472002
90933 1.7542648
90956 1.314494
90972 0.57696986
90992 -0.50082946
91011 -1.6039581
91031 -2.2283003
91051 -2.355764
91070 -2.1565826
91090 -1.7485875
91111 -1.27995
91132 -0.8405859
91148 -0.31198665
91168 0.45184472
91188 1.3398217
91209 2.1608164
91228 3.0352163
91249 3.934375
91271 4.3550196
91286 4.19178
91306 3.772821
91327 3.4917486
91350 3.459508
91366 3.4053407
91386 3.0064886
91408 2.339022
91425 1.7189487
91443 0.94997346
91464 -0.05570143
91484 -0.7108403
91504 -0.7659897
91523 -0.52793044
91545 -0.3172135
91563 -0.27536973
91582 -0.3018146
91602 -0.22495608
91622 0.060906235
91641 0.44242868
91662 0.93313193
91681 1.7223483
91700 2.7632253
91720 3.6627922
91740 4.0956273
91760 4.00919
91780 3.6769953
91799 3.3363113
91820 3.0478106
91839 2.6594605
91857 2.1283827
91881 1.4568086
91898 0.54034746
91917 -0.5697728
91936 -1.5564007
91957 -2.0828257
91975 -2.1748667
91995 -2.06359
92019 -2.0022385
92034 -1.9539192
92054 -1.6703969
92074 -1.0551683
92095 -0.12806831
92118 0.9807449
92134 2.0245085
92157 2.8804367
92172 3.6497903
92192 4.3033257
92211 4.5655994
92231 4.499622
92251 4.272553
92275 3.987372
92291 3.6679902
92312 3.2610023
92335 2.6188667
92359 1.9202763
92370 1.2974008
92391 0.5263867
92409 -0.28168133
92429 -0.77309203
92449 -0.8319382
92469 -0.6145532
92488 -0.28431556
92508 -0.02560416
92527 0.07701952
92549 0.12354357
92566 0.20940894
92586 0.40943363
92606 0.8499937
92625 1.4858967
92645 2.2942672
92668 3.2314608
92685 3.9054
92704 4.0334325
92723 3.822442
92744 3.4613264
92763 3.1514137
92784 2.863375
92802 2.5041094
92822 2.0367508
92846 1.3524995
92862 0.32326186
92881 -0.88703495
92902 -1.6909416
92921 -2.0111914
92940 -2.0869067
92959 -1.977805
92981 -1.7807183
92999 -1.5497044
93019 -1.2642516
93039 -0.860529
93058 -0.17733756
93077 0.8964914
93100 2.0148828
93116 2.7916648
93136 3.4361687
93156 3.9651506
93176 4.105239
93196 3.8429902
93217 3.438996
93236 3.127288
93257 3.0526323
93280 2.859735
93295 2.2211075
93320 1.3773141
93341 0.639464
93353 -0.120505504
93375 -0.79950774
93396 -1.0915735
93413 -0.97586054
93431 -0.60816115
93451 -0.21543044
93473 -0.07692086
93491 -0.084020354
93510 0.0060619875
93530 0.27151915
93552 0.7015229
93571 1.2343404
93591 1.8141465
93610 2.4621308
93629 3.234152
93649 3.5981255
93669 3.3713548
93687 2.8153841
93707 2.3012006
93727 2.0566385
93746 1.8216809
93766 1.2812991
93790 0.59830016
93807 -0.12605554
93826 -0.9091227
93845 -1.7182826
93868 -2.1595762
93887 -2.1364214
93903 -1.8425053
93925 -1.46237
93943 -1.212068
93963 -0.99680805
93983 -0.5245249
94003 0.21476616
94022 1.1099535
94042 1.9863697
94062 2.747509
94081 3.4715912
94103 3.9967918
94121 4.117425
94140 3.790589
94159 3.282366
94179 2.9447556
94201 2.8603606
94219 2.7263663
94238 2.2831926
94261 1.6165414
94278 0.90861934
94298 0.12345756
94318 -0.5360911
94341 -0.81621194
94357 -0.66594756
94377 -0.23311399
94397 0.1502298
94416 0.1892715
94435 -0.0045206766
94455 -0.050281785
94476 0.23158135
94498 0.6554913
94514 1.1786764
94534 1.826226
94555 2.4673285
94574 3.0565467
94593 3.4479444
94612 3.5434961
94634 3.352395
94654 3.062803
94675 2.7204056
94691 2.2480948
94711 1.6543599
94731 0.98387474
94753 0.2368569
94770 -0.49100694
94792 -1.1538196
94811 -1.6901203
94831 -1.9889328
94850 -1.9165896
94871 -1.5928535
94887 -1.1707942
94910 -0.7744986
94928 -0.2772937
94947 0.48175195
94969 1.3111795
94987 2.0118906
95006 2.594498
95025 3.2126634
95045 3.880674
95068 4.360764
95085 4.5117345
95104 4.3474307
95124 4.1491733
95144 4.011044
95163 3.7273026
95184 3.2280571
95205 2.6023524
95228 1.9364104
95242 1.1399039
95262 0.22948118
95281 -0.55603296
95301 -1.0236372
95321 -1.152732
95341 -1.1236475
95360 -1.0926318
95380 -1.1302587
95400 -1.1173358
95422 -0.9008483
95442 -0.38332012
95458 0.4421346
95479 1.4149684
95499 2.3318384
95519 3.3421633
95539 4.493639
95556 5.164831
95576 5.1861897
95596 4.971664
95616 4.843982
95639 4.746336
95658 4.2859697
95675 3.4153519
95694 2.3540392
95719 1.3011342
95734 0.14881516
95755 -1.098211
95777 -1.8628329
95794 -1.9632815
95814 -1.7419541
95841 -1.5876905
95854 -1.5301201
95872 -1.2463
95892 -0.6435879
95912 0.33673105
95931 1.4982994
95951 2.5022612
95970 3.2794235
95993 3.9746401
96009 4.579775
96030 4.9828715
96049 5.108893
96069 5.0733595
96090 5.037747
96111 5.023627
96128 4.6330724
96149 3.8423607
96167 2.93776
96190 2.1642976
96206 1.4660888
96226 0.68870693
96246 -0.053767726
96265 -0.39167777
96286 -0.26007766
96307 0.012860471
96328 0.13151003
96345 0.15153235
96364 0.30854112
96384 0.78934
96407 1.4662461
96423 2.1183388
96442 2.7924433
96462 3.5684915
96481 4.196456
96503 4.396862
96523 4.1997495
96541 3.8059838
96560 3.5288024
96580 3.3580275
96599 3.0467272
96621 2.3665848
96644 1.4666644
96659 0.483926
96679 -0.49168527
96699 -1.229782
96720 -1.6166923
96737 -1.6542369
96757 -1.5396698
96777 -1.4629735
96797 -1.4022479
96816 -1.3198932
96838 -0.9930863
96856 -0.2262628
96878 0.8435919
96896 1.9542832
96915 2.9634135
96935 3.7610934
96954 4.22837
96974 4.462974
96994 4.447438
97013 4.256254
97033 4.150555
97053 4.2409368
97074 4.1666365
97092 3.7087173
97114 2.975821
97132 2.1139352
97150 1.2593385
97172 0.59383196
97191 0.1330595
97210 0.005078489
97230 0.21745725
97250 0.49445006
97271 0.5267168
97288 0.41231337
97310 0.5091429
97329 0.8680282
97349 1.3347071
97367 1.8444824
97388 2.340682
97407 3.076462
97428 4.016269
97446 4.7725625
97467 5.0875916
97486 5.006787
97505 4.71676
97527 4.306046
97546 3.7965982
97564 3.19451
97583 2.5121355
97607 1.7740957
97623 0.8198164
97643 -0.2741727
97663 -1.2707574
97682 -1.906799
97702 -2.072325
97723 -1.9089463
97743 -1.693549
97761 -1.4796208
97780 -1.0851468
97800 -0.38032663
97821 0.6119053
97842 1.735955
97859 2.6749184
97880 3.4232972
97899 4.014202
97919 4.417761
97939 4.647141
97959 4.8595448
97978 4.9265547
98000 4.6660204
98017 4.1665034
98036 3.6364324
98059 3.1301956
98076 2.6871595
98095 2.268962
98119 1.7968407
98135 1.2675866
98157 0.71447206
98177 0.17174886
98193 -0.16879958
98213 -0.17630967
98233 0.019362103
98253 0.15381978
98273 0.22202796
98292 0.39106482
98315 0.6986931
98332 1.173942
98351 1.7761661
98373 2.5370057
98393 3.4241128
98412 4.2423058
98433 4.736627
98450 4.832993
98470 4.5773835
98490 4.079198
98511 3.4977853
98530 2.9622185
98548 2.3989015
98569 1.7217484
98593 0.88883877
98607 -0.10045684
98631 -0.98644733
98646 -1.5254697
98667 -1.6727402
98685 -1.5142334
98705 -1.1828265
98725 -0.83066064
98745 -0.5951315
98764 -0.3134307
98784 0.24526292
98804 1.1150374
98824 2.081751
98844 2.886991
98863 3.4434512
98882 3.8341706
98902 4.169305
98922 4.461371
98942 4.584318
98961 4.5263414
98981 4.342587
99001 4.0554457
99020 3.727849
99040 3.451536
99060 3.0899858
99087 2.5617127
99100 1.9574463
99118 1.3828918
99139 0.8683001
99161 0.49004441
99178 0.37955692
99199 0.605645
99218 0.93588126
99237 1.1254579
99257 1.1686083
99281 1.3250734
99302 1.7342918
99316 2.274839
99335 2.7948709
99355 3.3039942
99376 3.8438337
99396 4.2244573
99415 4.2797413
99433 4.103522
99453 3.80147
99475 3.4432642
99495 3.0810595
99513 2.748375
99531 2.3791234
99554 1.8914691
99572 1.2161937
99591 0.43323457
99614 -0.09074116
99630 -0.3710798
99650 -0.49073365
99669 -0.44682166
99690 -0.28777096
99710 -0.106954314
99730 -0.0032167435
99748 0.09168044
99768 0.41536096
99787 1.1246172
99808 2.0420046
99829 2.8758674
99847 3.609227
99867 4.29911
99887 4.8713813
99906 5.221099
99929 5.3420596
99950 5.384994
99964 5.473825
99984 5.5771008
100004 5.4509687
100025 4.990356
100044 4.2837405
100063 3.422074
100083 2.4061701
100103 1.4706345
100128 0.8658808
100145 0.6056492
100163 0.4680912
100181 0.35896447
100201 0.20298776
100222 0.13020888
100241 0.2622182
100270 0.5503652
100284 1.0270553
100300 1.7156067
100320 2.431255
100341 3.1183088
100359 3.705948
100381 4.488662
100403 5.120731
100418 5.2843246
100437 5.085687
100457 4.7553678
100477 4.6276307
100496 4.330505
100516 4.1284947
100536 3.7236044
100560 3.402128
100575 2.8168828
100594 1.6146938
100615 0.6304863
100634 0.33529255
100654 0.5100154
100674 0.7723986
100693 0.57275397
100713 0.29828998
100733 -0.029798942
100752 -0.08094918
100773 -0.2226964
100792 0.075790495
100812 0.9352543
100832 1.5702626
100851 1.8961196
100870 2.078623
100891 2.2977197
100911 2.9474754
100933 3.9224622
100948 4.4455943
100970 4.665861
100988 4.773709
101008 4.4839554
101028 3.9140007
101047 3.6096642
101069 3.450694
101086 3.1396658
101107 2.6992152
101137 1.9819621
101146 1.0598395
101166 0.40132704
101185 -0.0051435125
101204 -0.24810089
101227 -0.1672418
101245 0.03887532
101268 0.05702218
101291 -0.2090592
101302 -0.32977563
101322 -0.12343936
101341 0.31105328
101362 0.8695832
101403 1.4915855
101403 2.0045443
101420 2.3469963
101441 2.6075819
101460 2.8291268
101481 3.0447404
101499 3.5369947
101520 3.990371
101539 3.9998648
