996 0.6578729
1016 0.6683203
1037 0.6683203
1057 0.6822502
1076 0.72403985
1096 0.8180666
1117 0.8563737
1137 0.88423353
1157 0.95040053
1177 0.98522526
1197 1.0096024
1217 0.9887076
1237 0.90861076
1257 0.81458396
1277 0.74841696
1297 0.70314485
1317 0.7344873
1337 0.7310049
1357 0.657873
1377 0.59170604
1397 0.59170604
1417 0.6160834
1437 0.62304837
1457 0.6439431
1477 0.69966274
1497 0.7658297
1517 0.8041369
1537 0.7693121
1557 0.6961801
1595 0.7275223
1597 0.7658295
1617 0.75189966
1637 0.71707493
1657 0.7135925
1677 0.6718029
1697 0.6369781
1717 0.584741
1737 0.5603637
1757 0.5325039
1777 0.57777613
1797 0.5638462
1817 0.5499162
1838 0.53946877
1857 0.5603636
1877 0.5882234
1897 0.64046055
1917 0.643943
1937 0.6752853
1957 0.7205574
1977 0.77627695
1997 0.8111017
2017 0.83896154
2037 0.8145842
2057 0.79717183
2077 0.776277
2097 0.7902069
2117 0.8215492
2137 0.82503164
2157 0.80065423
2177 0.76234704
2197 0.76234704
2217 0.7414522
2236 0.7414522
2257 0.79717195
2277 0.8145842
2297 0.81806666
2317 0.80065435
2337 0.783242
2357 0.83896166
2377 0.877269
2397 0.88075155
2417 0.83896184
2437 0.8354794
2456 0.8459268
2477 0.8250318
2497 0.8354793
2516 0.85637414
2537 0.8668215
2557 0.87726897
2577 0.85985655
2597 0.87030387
2617 0.88075125
2636 0.91905844
2657 0.9608482
2677 1.0235327
2697 1.0479102
2717 1.0653225
2737 1.0862174
2757 1.1071123
2778 1.0792524
2797 1.0444276
2816 1.0339801
2837 1.0653224
2857 1.0304977
2878 0.9887078
2897 0.91557574
2917 0.90164584
2937 0.95040053
2957 1.0026376
2977 1.065322
2997 1.1349716
3017 1.1732789
3037 1.180244
3057 1.173279
3077 1.2568583
3097 1.3717802
3117 1.4309822
3137 1.3752626
3157 1.2359636
3177 1.0548749
3197 0.9364708
3217 0.9225409
3237 0.98522544
3257 0.97129554
3277 0.92950577
3297 0.8598564
3317 0.7658295
3337 0.7240398
3357 0.776277
3377 0.83547914
3396 0.995673
3417 1.1697967
3437 1.3369554
3457 1.4936669
3476 1.7200278
3496 2.029968
3517 2.3851802
3537 2.7369103
3557 2.991131
3577 3.2349043
3597 3.489125
3617 3.6353889
3637 3.642354
3657 3.5587747
3677 3.384651
3697 3.1304305
3718 2.7508407
3737 2.2841887
3757 1.7339578
3778 1.2011389
3797 0.66135544
3817 0.17380887
3837 -0.24408808
3857 -0.6062656
3877 -0.96147805
3897 -1.2714185
3917 -1.4768844
3937 -1.5639462
3957 -1.560464
3977 -1.3480328
3997 -0.9545132
4017 -0.50875646
4037 -0.111754246
4057 0.2852479
4077 0.7414522
4097 1.326508
4117 2.0195208
4138 2.7055686
4157 3.207045
4177 3.485643
4197 3.6911087
4217 3.9209518
4237 4.032391
4257 3.8478196
4277 3.3567908
4297 2.7403927
4317 2.0787227
4337 1.3717802
4357 0.675285
4378 0.13898395
4397 -0.25105336
4417 -0.7316349
4437 -1.3166908
4457 -1.7380704
4477 -1.8495095
4497 -1.7171752
4517 -1.4768847
4537 -1.2365937
4557 -0.9788906
4577 -0.66895026
4597 -0.30677274
4617 0.14246655
4637 0.7066275
4658 1.3160607
4677 1.9463886
4697 2.4861722
4717 2.7995949
4737 3.064263
4757 3.3985808
4777 3.6980736
4797 3.7921004
4817 3.6736963
4837 3.4647481
4857 3.1617727
4877 2.6986032
4897 2.0647926
4917 1.4762546
4937 1.1071123
4957 0.70662767
4978 0.20515126
4997 -0.33811495
5017 -0.7734243
5037 -1.0624697
5057 -1.1982863
5078 -1.1425668
5097 -0.85003877
5117 -0.40428197
5137 0.031027274
5157 0.5255388
5177 1.1349719
5197 1.7618172
5217 2.3016012
5237 2.8657618
5257 3.5169847
5277 3.9453292
5297 3.9801545
5317 3.7189682
5337 3.3602731
5357 3.0050607
5377 2.5871642
5397 2.078723
5417 1.521527
5437 1.0374628
5457 0.50116163
5477 -0.16050868
5498 -0.70029235
5517 -1.0032678
5537 -1.1913214
5557 -1.2296287
5577 -1.0938121
5597 -0.8918286
5617 -0.60626566
5637 -0.23712331
5657 0.19470362
5677 0.73448735
5697 1.3369555
5717 1.7757473
5737 2.123995
5757 2.6846733
5777 3.1617723
5797 3.4299226
5817 3.530915
5837 3.5135026
5857 3.4090285
5877 3.2174926
5897 2.8587973
5918 2.3433912
5937 1.8210198
5957 1.3543681
5977 0.7135924
5997 0.065852076
6018 -0.52616876
6037 -1.0067505
6057 -1.341068
6077 -1.3863401
6097 -1.2714186
6116 -1.0067503
6137 -0.65153795
6157 -0.15006143
6177 0.42454702
6197 1.0374626
6217 1.5702813
6237 1.9533539
6256 2.4478652
6277 2.9876487
6297 3.2105272
6317 3.1791854
6337 3.0155091
6357 2.8030777
6377 2.555822
6397 2.1971269
6417 1.7409228
6439 1.3160609
6457 1.0096029
6477 0.6265306
6497 0.12853657
6517 -0.35900992
6536 -0.6410904
6557 -0.762977
6577 -0.79431933
6596 -0.72118735
6617 -0.491344
6637 -0.14309649
6657 0.2852479
6677 0.8319965
6697 1.4066049
6717 1.7722648
6737 2.0717576
6758 2.4826896
6777 2.8692446
6797 3.0816755
6817 2.9946134
6837 2.7160158
6859 2.461795
6877 2.211057
6897 1.831467
6917 1.3299906
6937 0.95040077
6960 0.5847409
6977 0.024062373
6996 -0.5888533
7017 -1.0137153
7037 -1.1808741
7057 -1.1390843
7077 -1.0729173
7097 -0.9928204
7117 -0.7525297
7137 -0.3833873
7157 0.05192219
7177 0.6334955
7197 1.3578504
7217 1.8036072
7237 2.2075744
7257 2.8309374
7278 3.346344
7297 3.5448453
7317 3.4647481
7337 3.2418694
7357 2.938894
7378 2.5801988
7397 2.1030998
7418 1.4762542
7437 1.0583572
7457 0.6300129
7478 -0.038622465
7497 -0.6898454
7517 -1.0485404
7537 -1.1390846
7557 -1.0798825
7577 -0.93710095
7597 -0.6968101
7617 -0.3833874
7637 0.006649798
7657 0.49767885
7677 1.0688049
7697 1.7060977
7717 2.1588197
7737 2.5001023
7757 2.9667542
7777 3.224457
7798 3.311519
7817 3.2732115
7837 3.2244575
7857 3.1165006
7877 2.8553147
7898 2.4130404
7917 1.8419144
7937 1.3787452
7957 0.9051285
7977 0.2364932
7997 -0.27194822
8017 -0.6132307
8037 -0.76994205
8057 -0.83959156
8077 -0.83959156
8097 -0.644573
8117 -0.26846555
8137 0.1738088
8157 0.6752853
8177 1.2638235
8197 1.8523618
8217 2.2528465
8237 2.7856653
8257 3.3358963
8277 3.5796692
8297 3.5343974
8317 3.2209747
8337 2.8762095
8357 2.527962
8377 2.1553373
8396 1.7687825
8418 1.3056132
8437 0.8772688
8457 0.24694075
8477 -0.46000174
8497 -0.9371008
8517 -1.0938121
8537 -1.0171977
8557 -0.9510307
8577 -0.8430739
8597 -0.6793975
8617 -0.5052738
8638 -0.23364067
8657 0.15639657
8677 0.6439431
8697 1.208104
8717 1.6503785
8737 2.0682755
8757 2.5662692
8777 3.012026
8797 3.2766943
8817 3.363756
8838 3.301072
8857 3.1408777
8877 2.9563065
8897 2.6359186
8917 2.0856879
8939 1.4936671
8958 0.7971716
8977 0.06933455
8997 -0.5993008
9017 -1.1077422
9037 -1.3724103
9057 -1.4107176
9077 -1.2957958
9097 -1.097295
9117 -0.78735465
9137 -0.3241852
9157 0.41061705
9177 1.2429286
9197 1.9011166
9217 2.374733
9237 3.018991
9257 3.7120035
9277 4.0567684
9297 4.074181
9317 3.8617501
9337 3.4995728
9358 3.0851579
9377 2.5105498
9397 1.8523618
9417 1.2638234
9437 0.83547914
9459 0.20166849
9477 -0.53661615
9497 -0.982373
9517 -1.128637
9537 -1.0659524
9557 -0.93013597
9577 -0.7664597
9597 -0.47741422
9617 -0.09782445
9637 0.3548974
9657 0.88423365
9677 1.486702
9697 1.9916607
9717 2.2737412
9737 2.688156
9757 3.1408775
9777 3.4194756
9797 3.5483274
9817 3.4403703
9837 3.321966
9857 3.1896322
9878 2.938894
9897 2.5244792
9917 2.0856874
9937 1.671273
9957 1.0026379
9978 0.2748006
9997 -0.18836866
10017 -0.43562433
10037 -0.43214187
10057 -0.42517692
10077 -0.39035225
10097 -0.22319335
10117 0.08326444
10137 0.49767902
10156 1.0722873
10177 1.7931596
10197 2.3851805
10217 2.8274546
10237 3.429923
10257 3.9766717
10277 4.178655
10297 4.032391
10317 3.628424
10337 3.1339126
10357 2.5871642
10377 2.0334508
10397 1.4623246
10417 1.0409452
10437 0.6857328
10457 0.013614914
10476 -0.7838719
10498 -1.3062432
10517 -1.4664372
10537 -1.4525073
10557 -1.4142001
10576 -1.2505237
10596 -1.0206803
10617 -0.76994205
10637 -0.46348426
10657 -0.049069665
10677 0.48723152
10697 1.0374626
10717 1.5006318
10737 1.9846961
10757 2.5801992
10777 3.1095352
10797 3.3672385
10817 3.3533087
10837 3.15829
10857 2.9110339
10877 2.6359186
10897 2.2528465
10918 1.7827125
10937 1.284718
10957 0.69966245
10977 0.04495716
10997 -0.4565193
11018 -0.76645964
11037 -0.8674513
11057 -0.82566166
11077 -0.8465565
11097 -0.8848638
11117 -0.783872
11137 -0.43214208
11157 0.11460647
11177 0.7240396
11197 1.3578502
11217 1.8105718
11237 2.1553369
11257 2.6150236
11277 3.012026
11297 3.2070444
11317 3.168737
11337 2.9876482
11357 2.677708
11377 2.2807062
11397 1.7618176
11417 1.1419368
11439 0.6091182
11457 0.12157163
11477 -0.5331336
11497 -1.180874
11517 -1.6022537
11538 -1.7554824
11557 -1.7728947
11577 -1.685833
11597 -1.4768845
11617 -1.1495318
11637 -0.76297706
11657 -0.31025532
11677 0.26783553
11697 0.95736575
11717 1.7200278
11737 2.2981186
11757 2.6777084
11777 3.151325
11797 3.4647477
11817 3.5065374
11837 3.3707213
11857 3.1269479
11877 2.8448675
11897 2.4548302
11917 1.9185288
11937 1.2673059
11958 0.74841726
11977 0.39668733
11997 -0.10478904
12017 -0.5888531
12037 -0.902276
12059 -0.99630284
12077 -0.87789863
12097 -0.6793976
12117 -0.4321418
12137 -0.087376855
12157 0.34096754
12177 0.8633388
12197 1.4240172
12217 1.9533534
12237 2.374733
12257 2.8657622
12277 3.4543006
12297 3.663249
12317 3.5413625
12337 3.2140098
12358 2.8379023
12377 2.479207
12397 2.0752401
12417 1.5633163
12437 1.0374624
12457 0.6857324
12478 0.18425594
12497 -0.5366164
12517 -0.97192574
12537 -1.1077423
12557 -1.0380927
12578 -0.8953113
12597 -0.75252974
12617 -0.5993008
12637 -0.36945742
12657 -0.059516992
12677 0.29917803
12697 0.84592664
12717 1.4553597
12737 1.9638009
12757 2.3050835
12777 2.726463
12797 3.1513252
12817 3.3742034
12837 3.4020636
12857 3.2279396
12877 3.0050611
12897 2.7647703
12917 2.3851805
12937 1.8384316
12957 1.2742708
12977 0.7518997
12997 0.13550161
13017 -0.5470636
13037 -0.9893379
13057 -1.1425668
13077 -1.0729175
13099 -0.923171
13117 -0.69332767
13137 -0.31025532
13157 0.22256331
13177 0.7902067
13197 1.4344646
13217 2.1065824
13237 2.8170073
13257 3.308036
13277 3.576187
13297 3.8861268
13317 4.1264176
13337 4.081146
13357 3.7886178
13377 3.4229584
13397 3.0224738
13417 2.555822
13437 2.0334504
13457 1.3961576
13477 0.8633389
13497 0.39320472
13518 -0.20578098
13537 -0.80824924
13557 -1.1599791
13577 -1.2957957
13597 -1.3689277
13617 -1.3166906
13637 -1.1564969
13657 -0.9649607
13677 -0.6236782
13697 -0.19185127
13717 0.31659013
13737 0.92254084
13757 1.552869
13777 1.9533535
13797 2.308566
13817 2.7473578
13837 3.0503328
13857 3.1478424
13877 3.0956054
13897 2.9354112
13917 2.719498
13938 2.4234877
13957 1.9359412
13977 1.3752624
13997 0.9573656
14017 0.51160866
14037 -0.042104896
14057 -0.43214208
14077 -0.5888534
14097 -0.5505462
14117 -0.36597502
14137 -0.15006152
14157 0.07629932
14177 0.4071345
14197 0.83199656
14217 1.3508854
14237 1.9220115
14257 2.5314445
14277 2.959789
14297 3.1931145
14317 3.4786775
14337 3.729416
14358 3.8129952
14377 3.7781708
14397 3.6075294
14417 3.252317
14437 2.7717354
14458 2.2215042
14477 1.605106
14497 1.0409449
14517 0.5847408
14536 -0.02120989
14557 -0.6689503
14577 -1.0903299
14597 -1.288831
14617 -1.2957958
14637 -1.1564969
14657 -0.9579958
14677 -0.7072575
14697 -0.33115014
14717 0.1424665
14737 0.60911816
14757 1.1384543
14778 1.552869
14797 1.8070897
14817 2.1692667
14837 2.5105493
14858 2.7020857
14879 2.7787
14897 2.740393
14917 2.520997
14937 2.235434
14957 1.904599
14978 1.4936665
14997 1.0896996
15017 0.6404603
15037 -0.0734471
15057 -0.8465566
15077 -1.2888309
15097 -1.407235
15117 -1.3201731
15137 -1.0589877
15157 -0.71074015
15177 -0.26498336
15197 0.1877386
15217 0.69618
15237 1.3717803
15257 2.1797144
15277 2.9040694
15297 3.2174919
15317 3.2279398
15337 3.2766945
15357 3.3428612
15377 3.2349045
15398 2.945859
15417 2.5801992
15437 2.190162
15457 1.7444053
15477 1.2394462
15499 0.8076193
15517 0.5325037
15536 0.29221293
15557 -0.15006138
15577 -0.69681
15599 -1.069435
15617 -1.2331113
15637 -1.1356019
15657 -0.91272336
15677 -0.63760793
15697 -0.24408817
15717 0.2573883
15737 0.79717195
15757 1.3230257
15777 1.8036072
15797 2.2040918
15817 2.5140326
15837 2.827455
15857 3.0120263
15877 3.0747108
15897 2.9284468
15918 2.555822
15937 2.141407
15957 1.8453969
15977 1.573764
15997 1.3230256
16019 1.0583576
16037 0.73448735
16057 0.29917794
16077 -0.12916651
16097 -0.46348408
16117 -0.6201954
16137 -0.64109033
16157 -0.5679584
16177 -0.48786154
16197 -0.2998079
16217 -0.024692362
16237 0.32355508
16257 0.7240398
16277 1.1593492
16297 1.5876937
16317 1.9846958
16337 2.3573205
16357 2.6324363
16377 2.6602962
16397 2.4792075
16417 2.2667766
16437 2.123995
16457 2.0961351
16476 2.0543456
16497 1.8105721
16517 1.2812359
16538 0.60215336
16557 0.010132616
16577 -0.33463252
16597 -0.4251769
16617 -0.42865935
16637 -0.5087563
16657 -0.75949454
16677 -1.1599791
16697 -1.4176823
16717 -1.3584803
16737 -0.9510307
16758 -0.4356244
16777 -0.13613154
16797 -0.062999554
16817 -0.111754246
16838 -0.15006143
16857 -0.1291666
16877 0.010132443
16897 0.21908092
16917 0.25390574
16937 0.20166865
16957 0.16336146
16977 0.22256356
16997 0.45240697
17017 0.6195659
17037 0.56384623
17057 0.4349946
17077 0.306143
17097 0.20515113
17117 0.1842563
17137 0.33052027
17157 0.4872317
17177 0.51857394
17197 0.3757924
17217 0.17729126
17237 0.10764165
17257 0.26435307
17277 0.53250366
17297 0.79020685
17316 0.89816356
17337 0.8807512
17357 0.7762768
17378 0.65090775
17397 0.57081085
17417 0.623048
17437 0.7101099
17457 0.8111017
17478 0.83199656
17498 0.76234704
17517 0.6474254
17537 0.6091182
17557 0.64046043
17577 0.67180276
17597 0.72055745
17617 0.7588646
17637 0.7275223
17657 0.6578728
17677 0.57777596
17697 0.6056357
17717 0.68921524
17737 0.7693121
17757 0.8459265
17776 0.9016462
17797 0.91905856
17817 0.915576
17837 0.93995345
17857 1.0061206
17877 1.1036298
17898 1.1489019
17917 1.1105947
17937 1.054875
17957 1.0757699
17977 1.141937
17997 1.1628318
18017 1.1837265
18037 1.1697966
18057 1.0931821
18077 1.027015
18096 1.0165677
18117 1.0653224
18137 1.1593492
18156 1.2394462
18177 1.2324812
18197 1.1663142
18217 1.1245246
18237 1.1036298
18257 1.1175598
18277 1.162832
18297 1.1872092
18317 1.1314895
18337 1.0931822
18357 1.0374627
18377 1.0130852
18397 1.0339803
18418 1.054875
18437 1.0548749
18457 1.03398
18477 0.99567276
18496 0.87378615
18517 0.81458414
18537 0.9016461
18557 0.96781313
18576 0.9817429
18597 0.9504006
18617 0.9225407
18637 1.0061202
18657 1.1071119
18676 1.1523842
18697 1.0722872
18722 1.0409449
18787 1.0966644
18787 1.1732789
18787 1.2046212
18804 1.1697965
18817 1.1036295
18856 0.96433043
18857 0.7658293
18881 0.675285
18929 0.74145204
18929 0.9399532
18947 1.0966645
18957 1.0688049
18977 0.9051284
18997 0.80761915
19017 0.87726873
