469 0.22984336 0.038307227 9.576807
470 0.34476504 -0.076614454 9.5385
471 0.38307226 -0.038307227 9.615114
472 0.30645782 -0.11492168 9.691729
472 0.15322891 -0.076614454 9.576807
473 0.15322891 0.0 9.653421
474 0.19153613 0.0 9.500193
475 0.2681506 -0.038307227 9.461885
475 0.34476504 -0.11492168 9.5385
476 0.34476504 -0.15322891 9.461885
477 0.30645782 0.076614454 9.576807
477 0.2681506 0.19153613 9.576807
478 0.2681506 -0.038307227 9.653421
479 0.34476504 -0.038307227 9.576807
480 0.15322891 0.038307227 9.653421
784 0.15322891 -0.11492168 9.576807
784 0.2681506 -0.11492168 9.576807
785 0.30645782 -0.038307227 9.615114
785 0.2681506 0.038307227 9.576807
786 0.2681506 0.076614454 9.5385
786 0.38307226 0.11492168 9.500193
787 0.34476504 0.0 9.576807
787 0.22984336 0.0 9.461885
788 0.15322891 -0.11492168 9.5385
788 0.22984336 -0.076614454 9.576807
788 0.22984336 0.0 9.461885
789 0.22984336 0.11492168 9.615114
789 0.34476504 0.0 9.615114
789 0.34476504 0.038307227 9.5385
790 0.22984336 -0.038307227 9.500193
790 0.19153613 0.0 9.615114
963 0.2681506 0.038307227 9.500193
964 0.2681506 0.11492168 9.423578
964 0.30645782 0.076614454 9.500193
965 0.2681506 0.11492168 9.576807
965 0.30645782 0.038307227 9.691729
965 0.34476504 0.0 9.5385
966 0.22984336 0.0 9.576807
966 0.2681506 0.11492168 9.5385
966 0.22984336 0.038307227 9.500193
995 0.38307226 -0.076614454 9.5385
1004 0.34476504 -0.22984336 8.42759
1041 0.38307226 0.0 9.078813
1091 0.30645782 -0.038307227 9.155427
1092 0.4213795 -0.076614454 9.270349
1092 0.2681506 -0.11492168 9.5385
1128 0.19153613 0.0 9.385271
1132 0.30645782 0.11492168 9.500193
1144 0.30645782 0.0 9.653421
1164 0.4213795 -0.038307227 9.500193
1185 0.2681506 -0.038307227 9.576807
1205 0.22984336 -0.038307227 9.461885
1224 0.22984336 -0.076614454 9.615114
1244 0.19153613 -0.11492168 9.385271
1264 0.30645782 -0.19153613 9.461885
1284 0.2681506 -0.11492168 9.423578
1306 0.2681506 0.19153613 9.308656
1324 0.19153613 0.30645782 9.576807
1344 0.15322891 0.19153613 9.500193
1364 0.22984336 -0.15322891 9.653421
1384 0.34476504 -0.2681506 9.576807
1406 0.19153613 -0.038307227 9.653421
1424 0.19153613 -0.038307227 9.5385
1444 0.30645782 0.0 9.576807
1464 0.34476504 -0.038307227 9.5385
1484 0.22984336 -0.038307227 9.615114
1504 0.34476504 0.038307227 9.500193
1525 0.19153613 0.11492168 9.5385
1544 0.38307226 -0.076614454 9.576807
1564 0.2681506 -0.11492168 9.461885
1584 0.2681506 -0.19153613 9.615114
1604 0.22984336 0.038307227 9.653421
1624 0.2681506 0.19153613 9.500193
1644 0.22984336 0.19153613 9.615114
1664 0.2681506 0.11492168 9.5385
1684 0.2681506 -0.038307227 9.615114
1704 0.2681506 -0.038307227 9.576807
1724 0.22984336 -0.15322891 9.615114
1744 0.15322891 -0.11492168 9.576807
1764 0.30645782 -0.15322891 9.5385
1784 0.30645782 -0.038307227 9.615114
1804 0.2681506 0.15322891 9.576807
1825 0.22984336 0.076614454 9.500193
1844 0.2681506 -0.038307227 9.691729
1864 0.2681506 -0.076614454 9.5385
1884 0.2681506 -0.076614454 9.500193
1904 0.30645782 -0.038307227 9.5385
1925 0.2681506 -0.038307227 9.615114
1944 0.2681506 0.076614454 9.5385
1964 0.2681506 0.22984336 9.576807
1984 0.19153613 0.038307227 9.5385
2004 0.22984336 0.0 9.576807
2024 0.2681506 -0.11492168 9.500193
2044 0.2681506 -0.15322891 9.615114
2064 0.2681506 -0.11492168 9.576807
2084 0.19153613 -0.076614454 9.576807
2104 0.19153613 0.038307227 9.576807
2124 0.19153613 0.0 9.576807
2144 0.19153613 0.038307227 9.576807
2164 0.2681506 0.11492168 9.500193
2184 0.30645782 0.038307227 9.653421
2204 0.30645782 0.038307227 9.5385
2224 0.30645782 -0.15322891 9.461885
2244 0.15322891 -0.076614454 9.461885
2264 0.22984336 0.076614454 9.5385
2284 0.22984336 0.19153613 9.193734
2304 0.2681506 0.0 9.883265
2324 0.30645782 -0.038307227 9.768343
2345 0.34476504 -0.11492168 9.615114
2364 0.22984336 -0.038307227 9.5385
2384 0.22984336 -0.11492168 9.576807
2404 0.22984336 -0.038307227 9.615114
2447 0.22984336 -0.076614454 9.653421
2448 0.19153613 0.038307227 9.5385
2464 0.19153613 0.0 9.576807
2484 0.2681506 -0.076614454 9.653421
2504 0.22984336 -0.11492168 9.615114
2524 0.22984336 -0.11492168 9.5385
2544 0.30645782 0.0 9.615114
2564 0.34476504 0.038307227 9.5385
2584 0.4213795 0.076614454 9.500193
2604 0.34476504 -0.038307227 9.5385
2624 0.2681506 -0.038307227 9.5385
2644 0.19153613 -0.038307227 9.576807
2665 0.19153613 -0.038307227 9.653421
2684 0.30645782 -0.038307227 9.691729
2704 0.2681506 0.038307227 9.461885
2724 0.19153613 0.0 9.500193
2744 0.19153613 -0.076614454 9.500193
2765 0.2681506 0.038307227 9.500193
2784 0.2681506 0.038307227 9.576807
2804 0.2681506 -0.076614454 9.461885
2824 0.34476504 -0.038307227 9.5385
2844 0.30645782 -0.038307227 9.500193
2867 0.30645782 -0.038307227 9.691729
2884 0.2681506 -0.038307227 9.615114
2904 0.19153613 -0.076614454 9.576807
2924 0.2681506 -0.11492168 9.576807
2944 0.30645782 0.0 9.576807
2964 0.22984336 -0.038307227 9.576807
2984 0.2681506 0.0 9.615114
3004 0.38307226 -0.11492168 9.691729
3024 0.30645782 0.038307227 9.844957
3044 0.2681506 -0.038307227 9.691729
3064 0.30645782 -0.076614454 9.576807
3084 0.2681506 -0.038307227 9.461885
3104 0.34476504 -0.076614454 9.576807
3124 0.22984336 -0.038307227 9.576807
3144 0.19153613 -0.038307227 9.576807
3164 0.2681506 -0.076614454 9.615114
3185 0.19153613 0.0 9.576807
3204 0.19153613 0.0 9.5385
3224 0.19153613 -0.038307227 9.615114
3244 0.2681506 -0.11492168 9.576807
3264 0.2681506 -0.076614454 9.615114
3286 0.22984336 0.038307227 9.653421
3304 0.15322891 0.076614454 9.730036
3324 0.076614454 0.11492168 9.691729
3344 0.22984336 0.0 9.576807
3364 0.30645782 -0.076614454 9.615114
3386 0.19153613 0.11492168 9.615114
3404 0.2681506 0.038307227 9.500193
3424 0.22984336 -0.038307227 9.576807
3444 0.22984336 -0.076614454 9.576807
3464 0.22984336 -0.11492168 9.500193
3484 0.2681506 0.038307227 9.5385
3504 0.30645782 0.038307227 9.5385
3524 0.34476504 0.0 9.5385
3544 0.30645782 0.076614454 9.576807
3564 0.30645782 0.0 9.500193
3584 0.22984336 0.076614454 9.653421
3605 0.30645782 0.038307227 9.576807
3624 0.2681506 0.076614454 9.576807
3644 0.30645782 0.0 9.5385
3664 0.2681506 0.038307227 9.500193
3684 0.30645782 -0.11492168 9.576807
3705 0.30645782 -0.038307227 9.615114
3724 0.2681506 -0.076614454 9.500193
3744 0.2681506 -0.11492168 9.576807
3764 0.19153613 0.038307227 9.500193
3785 0.22984336 -0.038307227 9.576807
3806 0.2681506 0.0 9.691729
3824 0.19153613 0.038307227 9.615114
3844 0.2681506 0.0 9.576807
3864 0.19153613 -0.038307227 9.5385
3884 0.30645782 0.076614454 9.576807
3906 0.22984336 0.11492168 9.615114
3924 0.22984336 0.076614454 9.423578
3944 0.22984336 -0.076614454 9.576807
3964 0.30645782 0.11492168 9.576807
3985 0.22984336 0.0 9.500193
4004 0.22984336 0.0 9.5385
4024 0.2681506 0.0 9.500193
4044 0.22984336 -0.076614454 9.615114
4064 0.22984336 0.11492168 9.500193
4084 0.19153613 0.0 9.576807
4104 0.19153613 -0.076614454 9.615114
4125 0.19153613 0.038307227 9.615114
4144 0.2681506 -0.038307227 9.615114
4164 0.2681506 -0.038307227 9.5385
4184 0.22984336 0.0 9.5385
4204 0.22984336 0.0 9.5385
4226 0.22984336 -0.15322891 9.576807
4244 0.15322891 -0.038307227 9.576807
4264 0.19153613 0.0 9.5385
4284 0.2681506 0.11492168 9.576807
4304 0.22984336 0.076614454 9.576807
4325 0.22984336 -0.038307227 9.5385
4344 0.19153613 0.038307227 9.615114
4364 0.2681506 -0.11492168 9.615114
4384 0.2681506 -0.038307227 9.5385
4404 0.22984336 0.076614454 9.500193
4425 0.30645782 0.038307227 9.5385
4444 0.34476504 0.0 9.461885
4464 0.2681506 0.076614454 9.500193
4484 0.2681506 0.11492168 9.500193
4504 0.22984336 0.038307227 9.576807
4526 0.22984336 -0.038307227 9.615114
4544 0.30645782 0.0 9.576807
4564 0.2681506 -0.038307227 9.576807
4584 0.2681506 0.0 9.576807
4604 0.19153613 0.038307227 9.576807
4624 0.2681506 0.0 9.500193
4644 0.2681506 0.0 9.5385
4664 0.2681506 -0.11492168 9.5385
4684 0.22984336 -0.038307227 9.576807
4704 0.30645782 -0.076614454 9.653421
4724 0.2681506 -0.038307227 9.5385
4744 0.2681506 -0.15322891 9.576807
4764 0.19153613 -0.076614454 9.500193
4784 0.22984336 0.076614454 9.576807
4804 0.2681506 0.11492168 9.615114
4824 0.19153613 0.15322891 9.500193
4845 0.19153613 0.15322891 9.576807
4864 0.2681506 0.076614454 9.615114
4884 0.22984336 -0.038307227 9.576807
4904 0.2681506 0.0 9.576807
4924 0.2681506 -0.038307227 9.615114
4945 0.19153613 -0.038307227 9.615114
4964 0.19153613 -0.038307227 9.576807
4984 0.38307226 -0.038307227 9.5385
5004 0.34476504 0.0 9.615114
5024 0.30645782 0.076614454 9.615114
5046 0.30645782 -0.038307227 9.615114
5064 0.22984336 0.0 9.5385
5084 0.30645782 0.038307227 9.576807
5104 0.22984336 0.0 9.576807
5124 0.30645782 0.076614454 9.615114
5144 0.19153613 0.038307227 9.5385
5164 0.19153613 0.11492168 9.5385
5184 0.22984336 0.038307227 9.500193
5204 0.22984336 -0.038307227 9.500193
5224 0.30645782 0.0 9.5385
5244 0.34476504 0.0 9.576807
5264 0.2681506 -0.038307227 9.500193
5284 0.2681506 -0.038307227 9.5385
5304 0.2681506 -0.038307227 9.615114
5324 0.2681506 -0.076614454 9.615114
5344 0.22984336 -0.11492168 9.576807
5365 0.19153613 0.038307227 9.461885
5384 0.19153613 0.038307227 9.500193
5404 0.30645782 -0.038307227 9.500193
5424 0.2681506 -0.076614454 9.500193
5444 0.19153613 -0.038307227 9.576807
5465 0.22984336 -0.038307227 9.653421
5484 0.30645782 0.076614454 9.500193
5504 0.34476504 0.11492168 9.5385
5524 0.2681506 0.076614454 9.576807
5544 0.30645782 0.038307227 9.576807
5566 0.30645782 0.038307227 9.5385
5584 0.2681506 0.076614454 9.653421
5604 0.2681506 0.0 9.500193
5624 0.2681506 0.038307227 9.5385
5644 0.22984336 0.038307227 9.5385
5664 0.30645782 -0.038307227 9.5385
5684 0.30645782 -0.038307227 9.500193
5704 0.34476504 0.0 9.576807
5724 0.34476504 0.038307227 9.653421
5744 0.2681506 0.038307227 9.500193
5764 0.34476504 -0.076614454 9.500193
5784 0.2681506 0.038307227 9.653421
5804 0.2681506 0.038307227 9.576807
5824 0.30645782 -0.076614454 9.576807
5844 0.22984336 0.0 9.5385
5864 0.19153613 0.0 9.5385
5885 0.22984336 -0.038307227 9.461885
5904 0.15322891 -0.076614454 9.653421
5924 0.19153613 -0.11492168 9.653421
5944 0.19153613 -0.11492168 9.615114
5964 0.19153613 -0.038307227 9.500193
5985 0.2681506 -0.038307227 9.576807
6004 0.2681506 -0.038307227 9.576807
6025 0.22984336 -0.076614454 9.576807
6044 0.30645782 -0.076614454 9.5385
6064 0.30645782 0.0 9.5385
6085 0.2681506 0.038307227 9.576807
6105 0.15322891 0.038307227 9.615114
6124 0.2681506 -0.076614454 9.615114
6144 0.34476504 -0.038307227 9.576807
6164 0.2681506 0.038307227 9.615114
6186 0.30645782 0.076614454 9.615114
6204 0.22984336 0.0 9.615114
6224 0.22984336 0.0 9.653421
6244 0.30645782 0.0 9.615114
6264 0.34476504 -0.038307227 9.461885
6284 0.2681506 -0.076614454 9.576807
6304 0.2681506 -0.076614454 9.500193
6324 0.30645782 -0.038307227 9.883265
6344 0.15322891 0.0 9.385271
6364 0.076614454 0.076614454 9.615114
6384 0.15322891 0.038307227 9.5385
6405 0.2681506 -0.038307227 9.615114
6424 0.22984336 -0.076614454 9.615114
6444 0.2681506 0.0 9.653421
6464 0.22984336 0.038307227 9.653421
6484 0.22984336 0.11492168 9.615114
6505 0.34476504 -0.038307227 9.653421
6524 0.34476504 -0.076614454 9.5385
6544 0.22984336 -0.038307227 9.576807
6564 0.2681506 0.0 9.5385
6584 0.19153613 -0.038307227 9.500193
6606 0.19153613 0.038307227 9.615114
6627 0.22984336 0.11492168 9.5385
6644 0.2681506 0.0 9.500193
6664 0.30645782 -0.076614454 9.5385
6684 0.2681506 -0.076614454 9.500193
6707 0.19153613 0.038307227 9.691729
6724 0.15322891 -0.11492168 9.653421
6744 0.22984336 0.0 9.576807
6764 0.30645782 -0.038307227 9.615114
6785 0.30645782 0.076614454 9.576807
6804 0.22984336 0.038307227 9.423578
6825 0.34476504 -0.038307227 9.500193
6844 0.22984336 -0.038307227 9.653421
6864 0.22984336 -0.11492168 9.653421
6884 0.19153613 -0.038307227 9.653421
6904 0.19153613 0.038307227 9.5385
6924 0.15322891 0.076614454 9.500193
6944 0.22984336 0.11492168 9.653421
6964 0.22984336 0.11492168 9.346964
6984 0.22984336 0.076614454 9.308656
7004 0.19153613 -0.038307227 9.270349
7024 0.30645782 0.0 9.5385
7044 0.30645782 0.038307227 9.5385
7064 0.2681506 0.076614454 9.615114
7084 0.19153613 0.0 9.653421
7104 0.22984336 0.076614454 9.653421
7125 0.2681506 0.0 9.615114
7144 0.34476504 0.0 9.576807
7164 0.22984336 -0.076614454 9.576807
7184 0.2681506 -0.19153613 9.615114
7204 0.19153613 -0.15322891 9.5385
7226 0.22984336 0.038307227 9.730036
7244 0.2681506 0.0 9.730036
7264 0.19153613 0.0 9.576807
7284 0.2681506 0.076614454 9.615114
7304 0.22984336 0.076614454 9.576807
7324 0.15322891 0.038307227 9.615114
7346 0.19153613 -0.076614454 9.5385
7364 0.22984336 -0.076614454 9.461885
7384 0.22984336 -0.076614454 9.500193
7404 0.22984336 0.0 9.615114
7424 0.19153613 -0.038307227 9.576807
7444 0.22984336 -0.076614454 9.5385
7465 0.2681506 0.0 9.500193
7484 0.2681506 0.076614454 9.5385
7504 0.22984336 0.076614454 9.461885
7524 0.22984336 0.076614454 9.5385
7544 0.19153613 0.038307227 9.576807
7564 0.19153613 -0.076614454 9.576807
7584 0.2681506 0.038307227 9.5385
7604 0.30645782 0.0 9.461885
7624 0.2681506 0.15322891 9.576807
7645 0.34476504 0.11492168 9.500193
7664 0.30645782 0.0 9.576807
7684 0.22984336 0.0 9.615114
7704 0.22984336 -0.11492168 9.615114
7724 0.22984336 -0.038307227 9.615114
7746 0.22984336 -0.038307227 9.461885
7765 0.19153613 -0.038307227 9.653421
7784 0.22984336 0.11492168 9.5385
7804 0.22984336 0.0 9.500193
7824 0.30645782 -0.076614454 9.576807
7844 0.30645782 -0.076614454 9.615114
7864 0.15322891 0.038307227 9.5385
7884 0.11492168 -0.076614454 9.461885
7904 0.15322891 0.0 9.691729
7924 0.34476504 -0.15322891 9.615114
7944 0.15322891 0.15322891 9.576807
7964 0.2681506 -0.076614454 9.5385
7984 0.34476504 -0.038307227 9.576807
8004 0.22984336 -0.038307227 9.5385
8024 0.22984336 0.038307227 9.576807
8044 0.22984336 0.0 9.653421
8064 0.2681506 -0.038307227 9.5385
8084 0.15322891 -0.038307227 9.385271
8104 0.15322891 -0.038307227 9.5385
8124 0.11492168 0.038307227 9.653421
8144 0.15322891 0.0 9.576807
8167 0.34476504 -0.11492168 9.500193
8184 0.34476504 0.038307227 9.576807
8204 0.30645782 0.19153613 9.500193
8224 0.19153613 0.15322891 9.615114
8244 0.19153613 -0.038307227 9.576807
8265 0.19153613 -0.22984336 9.461885
8284 0.22984336 -0.15322891 9.730036
8304 0.30645782 0.038307227 9.653421
8324 0.34476504 0.11492168 9.691729
8344 0.34476504 0.11492168 9.576807
8366 0.34476504 0.0 9.500193
8384 0.30645782 0.076614454 9.653421
8404 0.22984336 0.15322891 9.385271
8424 0.2681506 -0.5746084 9.500193
8444 0.19153613 -0.038307227 9.691729
8464 0.22984336 -0.076614454 9.653421
8484 0.2681506 -0.038307227 9.5385
8504 0.2681506 0.038307227 9.423578
8524 0.30645782 0.038307227 9.461885
8544 0.2681506 0.076614454 9.576807
8564 0.19153613 -0.11492168 9.5385
8584 0.11492168 -0.15322891 9.500193
8604 0.076614454 -0.076614454 9.576807
8624 0.038307227 0.076614454 9.615114
8644 0.19153613 0.15322891 9.576807
8664 0.34476504 0.076614454 9.500193
8684 0.38307226 0.076614454 9.5385
8704 0.30645782 0.038307227 9.576807
8724 0.30645782 -0.038307227 9.615114
8744 0.19153613 -0.15322891 9.500193
8764 0.22984336 -0.22984336 9.500193
8784 0.0 -0.19153613 9.5385
8804 0.11492168 0.038307227 9.576807
8824 0.30645782 0.038307227 9.576807
8844 0.30645782 0.076614454 9.615114
8864 0.30645782 0.15322891 9.500193
8886 0.2681506 0.076614454 9.5385
8904 0.2681506 0.038307227 9.500193
8924 0.22984336 -0.076614454 9.615114
8944 0.11492168 -0.038307227 9.5385
8964 0.22984336 0.0 9.461885
8984 0.19153613 0.076614454 9.500193
9004 0.34476504 0.038307227 9.5385
9024 0.30645782 -0.076614454 9.500193
9044 0.2681506 0.0 9.500193
9064 0.22984336 0.0 9.576807
9084 0.15322891 -0.076614454 9.615114
9104 0.19153613 -0.038307227 9.500193
9124 0.11492168 0.11492168 9.423578
9144 0.19153613 0.11492168 9.5385
9164 0.15322891 0.038307227 9.576807
9184 0.22984336 0.0 9.5385
9204 0.30645782 -0.038307227 9.461885
9224 0.30645782 0.0 9.500193
9244 0.2681506 -0.076614454 9.461885
9264 0.30645782 0.076614454 9.576807
9284 0.15322891 0.038307227 9.461885
9305 0.19153613 -0.038307227 9.500193
9324 0.22984336 0.038307227 9.461885
9344 0.22984336 -0.038307227 9.576807
9364 0.2681506 -0.15322891 9.615114
9384 0.30645782 0.0 9.576807
9405 0.22984336 -0.038307227 9.461885
9424 0.2681506 -0.038307227 9.615114
9444 0.22984336 0.038307227 9.615114
9464 0.22984336 0.0 9.576807
9484 0.22984336 -0.11492168 9.461885
9506 0.30645782 -0.076614454 9.653421
9524 0.30645782 -0.038307227 9.615114
9544 0.30645782 -0.076614454 9.500193
9564 0.30645782 -0.038307227 9.500193
9584 0.19153613 -0.038307227 9.5385
9604 0.19153613 0.038307227 9.5385
9625 0.2681506 -0.076614454 9.5385
9644 0.2681506 0.0 9.461885
9664 0.15322891 0.0 9.500193
9684 0.19153613 -0.038307227 9.461885
9704 0.22984336 0.076614454 9.500193
9724 0.2681506 0.076614454 9.5385
9744 0.30645782 0.11492168 9.500193
9764 0.22984336 0.076614454 9.500193
9784 0.30645782 -0.038307227 9.576807
9804 0.30645782 0.0 9.653421
9824 0.34476504 -0.11492168 9.576807
9844 0.19153613 -0.22984336 9.653421
9864 0.2681506 -0.15322891 9.653421
9884 0.2681506 0.0 9.5385
9904 0.2681506 -0.038307227 9.500193
9925 0.19153613 0.0 9.576807
9944 0.15322891 0.0 9.576807
9964 0.15322891 -0.038307227 9.576807
9984 0.15322891 -0.11492168 9.615114
10004 0.22984336 -0.076614454 9.500193
10025 0.30645782 -0.038307227 9.461885
10044 0.22984336 0.076614454 9.5385
10064 0.22984336 0.11492168 9.576807
10084 0.22984336 0.0 9.461885
10104 0.2681506 -0.038307227 9.500193
10124 0.2681506 -0.038307227 9.691729
10144 0.19153613 0.0 9.615114
10170 0.19153613 -0.11492168 9.576807
10184 0.19153613 -0.11492168 9.461885
10204 0.2681506 0.0 9.500193
10224 0.19153613 0.0 9.5385
10244 0.22984336 -0.038307227 9.500193
10264 0.30645782 -0.038307227 9.461885
10284 0.34476504 0.0 9.500193
10304 0.30645782 -0.038307227 9.5385
10324 0.22984336 -0.038307227 9.730036
10344 0.2681506 -0.15322891 9.576807
10364 0.19153613 -0.076614454 9.5385
10384 0.22984336 -0.11492168 9.691729
10404 0.30645782 -0.11492168 9.615114
10424 0.22984336 -0.038307227 9.653421
10445 0.11492168 -0.038307227 9.500193
10464 0.15322891 -0.076614454 9.461885
10484 0.15322891 0.0 9.5385
10504 0.22984336 -0.038307227 9.576807
10524 0.22984336 -0.15322891 9.576807
10545 0.19153613 -0.038307227 9.576807
10564 0.19153613 0.0 9.653421
10584 0.2681506 -0.038307227 9.500193
10604 0.19153613 0.0 9.576807
10624 0.22984336 0.038307227 9.615114
10647 0.22984336 -0.038307227 9.500193
10664 0.2681506 -0.11492168 9.5385
10684 0.34476504 0.0 9.423578
10704 0.30645782 0.076614454 9.5385
10724 0.30645782 0.0 9.576807
10744 0.2681506 0.038307227 9.576807
10764 0.11492168 0.0 9.615114
10784 0.2681506 0.0 9.653421
10804 0.22984336 0.038307227 9.653421
10824 0.30645782 0.0 9.653421
10844 0.22984336 0.0 9.5385
10865 0.22984336 -0.076614454 9.500193
10884 0.2681506 0.038307227 9.576807
10904 0.2681506 -0.038307227 9.576807
10924 0.22984336 0.038307227 9.653421
10944 0.30645782 0.0 9.500193
10964 0.11492168 0.0 9.5385
10984 0.11492168 0.0 9.576807
11004 0.22984336 0.076614454 9.576807
11024 0.22984336 -0.076614454 9.500193
11044 0.2681506 0.0 9.500193
11065 0.2681506 0.076614454 9.461885
11084 0.2681506 0.0 9.5385
11104 0.19153613 0.0 9.461885
11124 0.22984336 -0.11492168 9.576807
11144 0.22984336 0.0 9.461885
11166 0.22984336 -0.038307227 9.461885
11184 0.22984336 0.0 9.346964
11204 0.15322891 0.076614454 9.385271
11224 0.19153613 0.0 9.5385
11244 0.22984336 -0.076614454 9.500193
11264 0.22984336 -0.038307227 9.461885
11284 0.2681506 0.076614454 9.5385
11304 0.22984336 -0.038307227 9.615114
11324 0.15322891 -0.038307227 9.576807
11344 0.2681506 0.0 9.500193
11364 0.19153613 -0.038307227 9.5385
11385 0.22984336 0.0 9.423578
11404 0.15322891 0.076614454 9.500193
11424 0.2681506 -0.076614454 9.615114
11444 0.15322891 -0.038307227 9.576807
11464 0.19153613 0.038307227 9.615114
11485 0.2681506 0.038307227 9.500193
11504 0.22984336 -0.038307227 9.500193
11524 0.22984336 0.0 9.423578
11544 0.19153613 -0.038307227 9.500193
11564 0.2681506 0.038307227 9.5385
11585 0.2681506 0.0 9.615114
11604 0.2681506 0.076614454 9.576807
11624 0.22984336 0.0 9.5385
11644 0.34476504 -0.038307227 9.500193
11664 0.2681506 0.0 9.691729
11684 0.22984336 0.0 9.5385
11704 0.19153613 0.0 9.615114
11724 0.2681506 0.038307227 9.576807
11744 0.30645782 0.038307227 9.576807
11764 0.22984336 0.038307227 9.500193
11784 0.19153613 -0.076614454 9.576807
11804 0.2681506 0.038307227 9.500193
11824 0.22984336 -0.038307227 9.576807
11844 0.30645782 -0.11492168 9.615114
11864 0.2681506 -0.11492168 9.500193
11884 0.2681506 -0.038307227 9.653421
11904 0.22984336 0.038307227 9.576807
11924 0.2681506 0.038307227 9.653421
11944 0.34476504 -0.038307227 9.500193
11964 0.30645782 -0.038307227 9.5385
11984 0.19153613 -0.076614454 9.576807
12004 0.19153613 0.038307227 9.5385
12024 0.19153613 0.038307227 9.615114
12044 0.30645782 0.0 9.615114
12064 0.22984336 0.0 9.5385
12084 0.22984336 0.15322891 9.5385
12105 0.19153613 0.11492168 9.500193
12124 0.11492168 0.076614454 9.615114
12144 0.2681506 -0.11492168 9.5385
12168 0.2681506 -0.038307227 9.500193
12185 0.22984336 -0.038307227 9.653421
12204 0.15322891 0.0 9.615114
12230 0.15322891 0.0 9.615114
12244 0.15322891 0.0 9.5385
12264 0.22984336 0.076614454 9.385271
12284 0.19153613 0.0 9.576807
12304 0.22984336 0.0 9.500193
12324 0.2681506 -0.038307227 9.576807
12344 0.30645782 -0.076614454 9.500193
12364 0.30645782 -0.038307227 9.691729
12384 0.19153613 0.038307227 9.615114
12404 0.15322891 0.0 9.730036
12424 0.30645782 -0.11492168 9.691729
12444 0.2681506 -0.038307227 9.500193
12464 0.22984336 0.038307227 9.576807
12484 0.22984336 -0.038307227 9.5385
12504 0.2681506 -0.038307227 9.576807
12524 0.2681506 -0.038307227 9.461885
12544 0.2681506 -0.038307227 9.461885
12564 0.2681506 -0.11492168 9.5385
12584 0.19153613 -0.076614454 9.576807
12604 0.15322891 0.0 9.461885
12626 0.2681506 0.0 9.576807
12644 0.22984336 0.038307227 9.5385
12664 0.2681506 0.0 9.423578
12684 0.2681506 0.038307227 9.500193
12704 0.19153613 0.0 9.500193
12726 0.2681506 -0.038307227 9.576807
12744 0.11492168 0.038307227 9.5385
12764 0.19153613 -0.038307227 9.5385
12784 0.30645782 -0.038307227 9.576807
12804 0.30645782 0.0 9.500193
12824 0.22984336 -0.038307227 9.5385
12844 0.22984336 0.038307227 9.5385
12864 0.22984336 0.038307227 9.615114
12884 0.22984336 -0.076614454 9.615114
12904 0.22984336 -0.038307227 9.500193
12924 0.2681506 0.0 9.576807
12944 0.22984336 -0.11492168 9.653421
12964 0.30645782 0.0 9.615114
12984 0.22984336 0.0 9.576807
13004 0.11492168 -0.038307227 9.653421
13024 0.15322891 -0.076614454 9.576807
13044 0.22984336 0.0 9.576807
13064 0.2681506 -0.038307227 9.576807
13084 0.2681506 -0.076614454 9.653421
13104 0.2681506 -0.038307227 9.615114
13124 0.2681506 -0.038307227 9.615114
13146 0.22984336 -0.11492168 9.5385
13164 0.2681506 0.038307227 9.5385
13187 0.22984336 0.038307227 9.500193
13204 0.2681506 0.038307227 9.500193
13224 0.30645782 -0.038307227 9.500193
13244 0.34476504 -0.11492168 9.653421
13267 0.30645782 0.038307227 9.615114
13284 0.2681506 0.038307227 9.653421
13304 0.2681506 -0.038307227 9.576807
13324 0.2681506 0.0 9.5385
13348 0.30645782 0.0 9.500193
13369 0.30645782 0.038307227 9.5385
13384 0.30645782 -0.038307227 9.576807
13404 0.19153613 -0.038307227 9.500193
13424 0.22984336 0.0 9.500193
13444 0.22984336 -0.038307227 9.615114
13464 0.22984336 0.0 9.615114
13484 0.22984336 -0.076614454 9.730036
13504 0.22984336 0.0 9.576807
13524 0.2681506 0.0 9.653421
13544 0.19153613 -0.076614454 9.615114
13565 0.19153613 -0.076614454 9.5385
13584 0.19153613 -0.076614454 9.5385
13604 0.22984336 -0.038307227 9.653421
13624 0.22984336 0.0 9.500193
13644 0.22984336 -0.038307227 9.423578
13665 0.2681506 0.0 9.500193
13684 0.34476504 0.038307227 9.5385
13704 0.22984336 0.038307227 9.576807
13724 0.22984336 0.0 9.500193
13744 0.22984336 0.15322891 9.500193
13764 0.30645782 0.0 9.500193
13784 0.2681506 -0.038307227 9.576807
13804 0.34476504 -0.11492168 9.576807
13824 0.22984336 -0.19153613 9.576807
13844 0.19153613 -0.076614454 9.615114
13866 0.30645782 0.038307227 9.5385
13884 0.30645782 0.038307227 9.423578
13904 0.22984336 0.0 9.461885
13924 0.22984336 0.0 9.500193
13944 0.19153613 0.0 9.500193
13964 0.19153613 -0.076614454 9.5385
13984 0.22984336 0.0 9.576807
14004 0.19153613 -0.076614454 9.615114
14024 0.22984336 0.0 9.500193
14044 0.22984336 -0.038307227 9.576807
14064 0.2681506 -0.038307227 9.5385
14084 0.34476504 -0.076614454 9.653421
14104 0.34476504 0.0 9.5385
14124 0.19153613 -0.076614454 9.5385
14144 0.22984336 -0.15322891 9.500193
14164 0.30645782 0.038307227 9.576807
14184 0.2681506 0.0 9.5385
14204 0.30645782 -0.038307227 9.653421
14224 0.30645782 0.038307227 9.653421
14244 0.2681506 0.038307227 9.653421
14264 0.22984336 0.0 9.615114
14284 0.38307226 -0.11492168 9.5385
14304 0.22984336 -0.11492168 9.461885
14324 0.19153613 -0.15322891 9.461885
14344 0.22984336 0.0 9.500193
14364 0.34476504 -0.11492168 9.653421
14387 0.30645782 0.0 9.576807
14404 0.30645782 0.038307227 9.576807
14424 0.34476504 -0.076614454 9.576807
14444 0.30645782 -0.038307227 9.5385
14464 0.34476504 -0.076614454 9.500193
14485 0.30645782 0.0 9.5385
14504 0.19153613 -0.038307227 9.461885
14524 0.22984336 -0.038307227 9.5385
14544 0.19153613 -0.11492168 9.615114
14564 0.2681506 -0.038307227 9.500193
14584 0.22984336 0.0 9.500193
14604 0.2681506 0.076614454 9.5385
14624 0.34476504 0.076614454 9.576807
14644 0.30645782 -0.038307227 9.576807
14664 0.15322891 0.038307227 9.576807
14684 0.19153613 0.076614454 9.5385
14704 0.15322891 0.0 9.576807
14724 0.30645782 0.0 9.576807
14744 0.30645782 0.0 9.576807
14764 0.2681506 -0.038307227 9.653421
14784 0.19153613 -0.076614454 9.615114
14804 0.34476504 -0.038307227 9.500193
14824 0.34476504 0.0 9.500193
14844 0.4213795 0.038307227 9.461885
14864 0.2681506 0.076614454 9.500193
14884 0.34476504 0.038307227 9.576807
14905 0.2681506 -0.076614454 9.615114
14924 0.30645782 -0.076614454 9.615114
14944 0.2681506 -0.11492168 9.5385
14964 0.22984336 -0.076614454 9.5385
14984 0.2681506 -0.038307227 9.576807
15005 0.19153613 0.038307227 9.5385
15024 0.19153613 0.038307227 9.615114
15044 0.19153613 0.0 9.5385
15064 0.15322891 -0.11492168 9.615114
15084 0.2681506 0.0 9.615114
15104 0.30645782 -0.038307227 9.576807
15124 0.30645782 -0.15322891 9.615114
15144 0.34476504 -0.038307227 9.576807
15164 0.2681506 0.076614454 9.500193
15184 0.19153613 0.0 9.500193
15204 0.22984336 0.0 9.5385
15224 0.19153613 -0.11492168 9.576807
15244 0.22984336 -0.19153613 9.461885
15264 0.30645782 -0.076614454 9.461885
15284 0.30645782 -0.30645782 9.500193
15304 0.19153613 0.0 9.5385
15324 0.2681506 -0.076614454 9.576807
15344 0.30645782 0.0 9.5385
15364 0.30645782 -0.11492168 9.500193
15384 0.19153613 0.0 9.691729
15404 0.19153613 0.0 9.461885
15424 0.2681506 -0.11492168 9.730036
15444 0.2681506 -0.038307227 9.5385
15464 0.19153613 -0.038307227 9.5385
15484 0.22984336 0.0 9.461885
15504 0.19153613 -0.038307227 9.576807
15525 0.19153613 -0.038307227 9.653421
15544 0.19153613 -0.038307227 9.576807
15564 0.15322891 -0.076614454 9.653421
15584 0.22984336 0.0 9.385271
15604 0.22984336 0.038307227 9.576807
15627 0.19153613 0.038307227 9.576807
15644 0.2681506 0.038307227 9.653421
15664 0.15322891 -0.076614454 9.615114
15684 0.22984336 0.038307227 9.576807
15704 0.19153613 0.038307227 9.653421
15724 0.22984336 0.0 9.5385
15744 0.19153613 -0.038307227 9.500193
15764 0.19153613 0.076614454 9.461885
15784 0.2681506 0.0 9.423578
15804 0.2681506 0.0 9.500193
15824 0.30645782 0.0 9.5385
15844 0.34476504 -0.038307227 9.576807
15864 0.2681506 0.076614454 9.423578
15884 0.30645782 0.0 9.576807
15904 0.30645782 0.0 9.5385
15924 0.30645782 0.0 9.576807
15944 0.2681506 0.0 9.653421
15964 0.2681506 0.038307227 9.653421
15984 0.30645782 0.038307227 9.576807
16004 0.2681506 -0.11492168 9.576807
16024 0.30645782 -0.15322891 9.500193
16045 0.30645782 -0.11492168 9.576807
16064 0.34476504 -0.038307227 9.576807
16084 0.22984336 -0.076614454 9.576807
16104 0.19153613 -0.15322891 9.653421
16124 0.15322891 0.0 9.615114
16146 0.34476504 0.076614454 9.653421
16164 0.34476504 -0.038307227 9.576807
16187 0.34476504 0.076614454 9.5385
16204 0.2681506 0.076614454 9.5385
16224 0.19153613 0.076614454 9.461885
16246 0.2681506 -0.076614454 9.615114
16264 0.2681506 -0.11492168 9.500193
16284 0.22984336 -0.076614454 9.615114
16304 0.38307226 -0.076614454 9.653421
16324 0.2681506 0.0 9.576807
16344 0.2681506 -0.076614454 9.5385
16364 0.30645782 0.038307227 9.615114
16384 0.2681506 -0.076614454 9.653421
16404 0.2681506 0.038307227 9.576807
16424 0.2681506 -0.076614454 9.576807
16444 0.19153613 -0.11492168 9.576807
16465 0.38307226 0.038307227 9.5385
16484 0.22984336 0.076614454 9.576807
16504 0.2681506 0.11492168 9.576807
16524 0.2681506 0.038307227 9.5385
16544 0.30645782 -0.076614454 9.653421
16564 0.2681506 -0.038307227 9.461885
16584 0.22984336 -0.19153613 9.500193
16604 0.22984336 -0.11492168 9.576807
16624 0.22984336 -0.076614454 9.615114
16644 0.15322891 0.038307227 9.5385
16665 0.22984336 0.038307227 9.5385
16684 0.2681506 0.076614454 9.5385
16704 0.30645782 -0.038307227 9.576807
16724 0.2681506 -0.11492168 9.615114
16744 0.30645782 -0.076614454 9.5385
16765 0.22984336 -0.076614454 9.653421
16784 0.2681506 0.038307227 9.576807
16804 0.2681506 0.11492168 9.576807
16824 0.30645782 0.0 9.5385
16844 0.22984336 -0.11492168 9.576807
16864 0.11492168 0.0 9.615114
16884 0.15322891 0.0 9.5385
16904 0.22984336 -0.076614454 9.5385
16924 0.22984336 0.076614454 9.730036
16944 0.30645782 -0.076614454 9.5385
16964 0.34476504 -0.34476504 9.500193
16984 0.2681506 -0.11492168 9.5385
17004 0.15322891 0.22984336 9.5385
17024 0.15322891 0.30645782 9.5385
17044 0.19153613 0.038307227 9.615114
17064 0.34476504 -0.22984336 9.576807
17084 0.22984336 -0.076614454 9.461885
17104 0.19153613 0.0 9.615114
17124 0.22984336 0.076614454 9.5385
17145 0.30645782 -0.076614454 9.5385
17164 0.30645782 -0.22984336 9.615114
17185 0.30645782 -0.11492168 9.615114
17204 0.2681506 0.076614454 9.691729
17224 0.15322891 0.15322891 9.615114
17244 0.19153613 0.11492168 9.576807
17264 0.2681506 0.0 9.500193
17285 0.30645782 -0.11492168 9.576807
17304 0.34476504 -0.19153613 9.653421
17324 0.30645782 -0.15322891 9.615114
17344 0.34476504 -0.11492168 9.691729
17364 0.34476504 0.0 9.691729
17387 0.2681506 0.15322891 9.576807
17404 0.2681506 0.11492168 9.615114
17424 0.22984336 0.076614454 9.5385
17444 0.15322891 -0.038307227 9.730036
17464 0.19153613 0.0 9.576807
17484 0.22984336 0.0 9.5385
17504 0.2681506 0.038307227 9.461885
17524 0.15322891 -0.076614454 9.385271
17544 0.22984336 0.0 9.5385
17564 0.11492168 0.0 9.5385
17584 0.22984336 0.038307227 9.500193
17604 0.19153613 0.038307227 9.653421
17624 0.19153613 0.0 9.5385
17644 0.22984336 -0.11492168 9.500193
17664 0.30645782 0.0 9.5385
17684 0.19153613 -0.038307227 9.615114
17704 0.22984336 -0.038307227 9.500193
17724 0.15322891 0.076614454 9.500193
17744 0.22984336 0.0 9.461885
17764 0.22984336 0.11492168 9.5385
17784 0.30645782 0.038307227 9.500193
17804 0.4213795 0.0 9.576807
17824 0.2681506 0.0 9.615114
17844 0.2681506 -0.038307227 9.500193
17864 0.22984336 -0.076614454 9.615114
17884 0.2681506 0.0 9.615114
17905 0.30645782 -0.076614454 9.5385
17924 0.076614454 0.038307227 9.500193
17944 0.076614454 -0.038307227 9.576807
17964 0.15322891 -0.038307227 9.500193
17984 0.4213795 -0.076614454 9.500193
18006 0.30645782 -0.038307227 9.5385
18024 0.2681506 -0.038307227 9.576807
18045 0.15322891 -0.038307227 9.461885
18064 0.30645782 -0.15322891 9.500193
18084 0.22984336 0.0 9.5385
18104 0.19153613 0.11492168 9.576807
18124 0.2681506 -0.038307227 9.576807
18144 0.30645782 -0.11492168 9.615114
18164 0.11492168 -0.038307227 9.500193
18184 0.2681506 -0.11492168 9.5385
18204 0.30645782 -0.19153613 9.461885
18224 0.30645782 0.038307227 9.615114
18244 0.2681506 0.076614454 9.500193
18264 0.30645782 0.038307227 9.423578
18284 0.4213795 0.076614454 9.423578
18304 0.38307226 0.038307227 9.768343
18324 0.2681506 -0.076614454 9.500193
18344 0.34476504 -0.038307227 9.615114
18364 0.30645782 0.0 9.500193
18384 0.15322891 0.038307227 9.576807
18404 0.11492168 0.076614454 9.5385
18425 0.2681506 0.0 9.461885
18444 0.2681506 -0.076614454 9.5385
18464 0.2681506 -0.076614454 9.576807
18484 0.22984336 -0.11492168 9.615114
18504 0.076614454 -0.076614454 9.500193
18525 0.038307227 0.076614454 9.576807
18544 0.22984336 0.0 9.500193
18564 0.22984336 0.038307227 9.461885
18584 0.2681506 0.076614454 9.500193
18604 0.22984336 0.076614454 9.615114
18624 0.22984336 0.11492168 9.691729
18644 0.34476504 -0.076614454 9.768343
18664 0.30645782 -0.19153613 9.653421
18684 0.22984336 -0.038307227 9.576807
18704 0.22984336 -0.038307227 9.576807
18724 0.19153613 0.0 9.500193
18744 0.2681506 0.038307227 9.615114
18764 0.22984336 0.0 9.461885
18784 0.11492168 0.038307227 9.576807
18804 0.22984336 0.0 9.615114
18824 0.30645782 0.15322891 9.576807
18844 0.2681506 0.038307227 9.5385
18864 0.2681506 0.11492168 9.576807
18884 0.2681506 0.0 9.500193
18904 0.19153613 0.038307227 9.5385
18924 0.22984336 -0.11492168 9.5385
18944 0.22984336 -0.11492168 9.423578
18964 0.2681506 -0.11492168 9.576807
18984 0.30645782 0.0 9.5385
19004 0.30645782 0.076614454 9.615114
19024 0.2681506 0.038307227 9.615114
19045 0.19153613 0.0 9.461885
19064 0.15322891 -0.076614454 9.5385
19084 0.2681506 -0.11492168 9.615114
19105 0.34476504 -0.038307227 9.615114
19124 0.30645782 0.038307227 9.576807
19146 0.22984336 0.0 9.5385
19164 0.2681506 -0.038307227 9.500193
19184 0.34476504 0.0 9.5385
19204 0.34476504 -0.038307227 9.5385
19224 0.22984336 -0.15322891 9.576807
19244 0.22984336 0.61291564 9.5385
19265 0.22984336 0.0 9.461885
19284 0.19153613 0.0 9.5385
19304 0.2681506 0.0 9.615114
19324 0.30645782 0.0 9.576807
19344 0.30645782 0.038307227 9.423578
19364 0.2681506 -0.038307227 9.5385
19384 0.19153613 0.038307227 9.615114
19404 0.22984336 -0.038307227 9.615114
19424 0.2681506 -0.15322891 9.80665
19444 0.22984336 -0.15322891 9.461885
19464 0.2681506 -0.11492168 9.691729
19485 0.22984336 -0.076614454 9.691729
19504 0.22984336 0.076614454 9.576807
19524 0.22984336 0.076614454 9.500193
19544 0.2681506 -0.11492168 9.576807
19565 0.30645782 -0.076614454 9.653421
19584 0.2681506 -0.038307227 9.5385
19604 0.22984336 -0.038307227 9.576807
19624 0.22984336 0.0 9.615114
19644 0.2681506 -0.076614454 9.615114
19665 0.34476504 -0.038307227 9.5385
19684 0.22984336 0.038307227 9.500193
19704 0.19153613 -0.038307227 9.500193
19724 0.15322891 -0.038307227 9.5385
19744 0.22984336 -0.076614454 9.5385
19766 0.2681506 -0.076614454 9.691729
19784 0.2681506 -0.11492168 9.500193
19804 0.19153613 -0.038307227 9.653421
19824 0.22984336 0.038307227 9.5385
19844 0.2681506 0.0 9.653421
19864 0.2681506 0.0 9.5385
19884 0.2681506 -0.038307227 9.461885
19904 0.30645782 -0.038307227 9.500193
19924 0.2681506 0.0 9.500193
19944 0.2681506 0.0 9.576807
19964 0.22984336 0.0 9.653421
19984 0.19153613 0.0 9.615114
20004 0.22984336 -0.038307227 9.691729
20024 0.34476504 0.11492168 9.500193
20044 0.22984336 0.19153613 9.5385
20064 0.22984336 0.076614454 9.615114
20085 0.19153613 0.038307227 9.615114
20104 0.30645782 -0.038307227 9.576807
20124 0.2681506 -0.076614454 9.500193
20145 0.34476504 0.076614454 9.423578
20165 0.30645782 -0.038307227 9.461885
20186 0.2681506 -0.076614454 9.5385
20204 0.19153613 -0.076614454 9.691729
20224 0.19153613 -0.038307227 9.615114
20244 0.30645782 -0.038307227 9.5385
20264 0.2681506 0.0 9.500193
20285 0.19153613 0.11492168 9.576807
20304 0.2681506 -0.076614454 9.615114
20324 0.22984336 -0.038307227 9.5385
20344 0.30645782 0.0 9.500193
20364 0.30645782 0.0 9.5385
20384 0.22984336 0.038307227 9.576807
20404 0.2681506 0.076614454 9.500193
20424 0.19153613 -0.038307227 9.576807
20444 0.22984336 0.0 9.5385
20464 0.2681506 0.0 9.576807
20484 0.19153613 0.0 9.576807
20504 0.2681506 0.0 9.5385
20524 0.2681506 0.0 9.500193
20544 0.22984336 0.0 9.576807
20564 0.2681506 0.0 9.5385
20584 0.22984336 0.038307227 9.500193
20604 0.19153613 -0.076614454 9.500193
20624 0.19153613 -0.038307227 9.5385
20644 0.22984336 -0.038307227 9.500193
20664 0.22984336 -0.038307227 9.500193
20684 0.15322891 0.038307227 9.5385
20705 0.22984336 -0.11492168 9.576807
20724 0.2681506 -0.076614454 9.5385
20744 0.2681506 -0.038307227 9.653421
20764 0.22984336 -0.038307227 9.576807
20784 0.19153613 0.038307227 9.500193
20805 0.2681506 -0.11492168 9.615114
20824 0.34476504 -0.038307227 9.615114
20845 0.34476504 -0.038307227 9.5385
20865 0.30645782 0.0 9.5385
20884 0.2681506 0.11492168 9.500193
20904 0.2681506 0.038307227 9.576807
20924 0.22984336 -0.038307227 9.5385
20944 0.2681506 -0.038307227 9.576807
20964 0.22984336 -0.11492168 9.5385
20984 0.22984336 -0.11492168 9.615114
21004 0.22984336 0.0 9.5385
21024 0.22984336 0.11492168 9.5385
21044 0.22984336 -0.038307227 9.5385
21064 0.2681506 -0.076614454 9.576807
21084 0.22984336 0.038307227 9.576807
21104 0.30645782 -0.076614454 9.500193
21124 0.30645782 0.0 9.500193
21144 0.2681506 0.0 9.5385
21164 0.22984336 -0.038307227 9.5385
21184 0.22984336 0.11492168 9.500193
21204 0.30645782 0.038307227 9.615114
21225 0.30645782 0.11492168 9.5385
21244 0.2681506 0.076614454 9.5385
21264 0.19153613 0.038307227 9.615114
21284 0.2681506 0.038307227 9.615114
21304 0.30645782 0.076614454 9.576807
21325 0.34476504 0.038307227 9.576807
21344 0.2681506 0.038307227 9.423578
21364 0.22984336 0.038307227 9.461885
21384 0.2681506 0.038307227 9.500193
21404 0.22984336 0.0 9.615114
21426 0.2681506 0.0 9.5385
21444 0.19153613 0.076614454 9.500193
21464 0.2681506 0.0 9.5385
21484 0.2681506 0.0 9.576807
21504 0.19153613 0.038307227 9.500193
21524 0.15322891 0.0 9.576807
21544 0.2681506 -0.038307227 9.691729
21564 0.30645782 -0.038307227 9.653421
21584 0.22984336 -0.038307227 9.576807
21604 0.30645782 -0.038307227 9.461885
21624 0.2681506 0.0 9.461885
21644 0.22984336 0.038307227 9.576807
21664 0.34476504 0.0 9.615114
21684 0.34476504 0.0 9.5385
21704 0.2681506 -0.076614454 9.576807
21724 0.22984336 -0.038307227 9.653421
21744 0.22984336 0.0 9.615114
21764 0.22984336 -0.038307227 9.5385
21784 0.19153613 0.076614454 9.5385
21804 0.22984336 0.076614454 9.385271
21824 0.22984336 0.15322891 9.423578
21844 0.2681506 0.0 9.500193
21864 0.2681506 0.038307227 9.5385
21884 0.30645782 -0.11492168 9.615114
21905 0.2681506 -0.076614454 9.5385
21924 0.2681506 0.0 9.615114
21945 0.19153613 0.038307227 9.500193
21964 0.22984336 0.0 9.615114
21984 0.22984336 0.0 9.500193
22004 0.2681506 0.0 9.576807
22024 0.22984336 -0.076614454 9.615114
22046 0.22984336 -0.038307227 9.5385
22064 0.2681506 -0.038307227 9.500193
22084 0.2681506 0.0 9.5385
22104 0.11492168 0.0 9.653421
22124 0.30645782 0.0 9.691729
22144 0.19153613 -0.038307227 9.615114
22164 0.22984336 0.0 9.615114
22184 0.19153613 -0.038307227 9.500193
22204 0.2681506 -0.076614454 9.5385
22224 0.19153613 0.076614454 9.5385
22244 0.19153613 -0.076614454 9.500193
22264 0.22984336 0.0 9.5385
22284 0.19153613 -0.038307227 9.461885
22304 0.34476504 0.0 9.500193
22324 0.34476504 0.076614454 9.500193
22344 0.2681506 0.038307227 9.500193
22365 0.2681506 0.0 9.500193
22384 0.34476504 0.038307227 9.615114
22404 0.2681506 0.0 9.5385
22424 0.30645782 0.15322891 9.576807
22444 0.2681506 0.076614454 9.461885
22465 0.2681506 0.0 9.5385
22484 0.22984336 -0.076614454 9.653421
22504 0.30645782 0.038307227 9.576807
22524 0.22984336 -0.038307227 9.423578
22544 0.2681506 -0.076614454 9.461885
22567 0.22984336 0.038307227 9.423578
22585 0.22984336 0.0 9.500193
22604 0.22984336 0.038307227 9.500193
22624 0.19153613 0.076614454 9.5385
22644 0.2681506 0.038307227 9.500193
22664 0.19153613 -0.076614454 9.5385
22684 0.22984336 -0.038307227 9.653421
22704 0.22984336 0.038307227 9.576807
22724 0.2681506 0.11492168 9.423578
22744 0.19153613 0.0 9.461885
22764 0.19153613 -0.076614454 9.500193
22784 0.19153613 -0.038307227 9.5385
22804 0.19153613 -0.076614454 9.615114
22824 0.2681506 -0.038307227 9.615114
22844 0.2681506 -0.038307227 9.576807
22864 0.2681506 0.19153613 9.576807
22884 0.22984336 0.15322891 9.500193
22904 0.2681506 0.0 9.5385
22924 0.30645782 0.038307227 9.5385
22944 0.22984336 -0.11492168 9.500193
22965 0.15322891 -0.038307227 9.576807
22985 0.11492168 0.0 9.461885
23004 0.11492168 0.11492168 9.615114
23024 0.19153613 0.0 9.576807
23044 0.22984336 0.038307227 9.500193
23064 0.19153613 -0.038307227 9.615114
23085 0.2681506 0.038307227 9.576807
23104 0.22984336 -0.076614454 9.576807
23124 0.15322891 -0.038307227 9.576807
23144 0.15322891 0.038307227 9.5385
23164 0.19153613 -0.038307227 9.576807
23186 0.2681506 -0.11492168 9.653421
23204 0.22984336 -0.076614454 9.576807
23224 0.30645782 0.0 9.576807
23244 0.22984336 -0.038307227 9.576807
23264 0.2681506 -0.11492168 9.500193
23284 0.22984336 -0.15322891 9.5385
23304 0.22984336 -0.038307227 9.5385
23324 0.22984336 -0.038307227 9.5385
23344 0.2681506 0.038307227 9.615114
23364 0.22984336 0.0 9.461885
23384 0.22984336 0.038307227 9.5385
23404 0.2681506 0.038307227 9.500193
23424 0.30645782 0.0 9.576807
23444 0.2681506 0.0 9.5385
23464 0.22984336 -0.038307227 9.5385
23484 0.22984336 0.0 9.500193
23504 0.19153613 -0.038307227 9.5385
23524 0.2681506 -0.15322891 9.576807
23544 0.34476504 -0.076614454 9.615114
23564 0.2681506 -0.11492168 9.5385
23584 0.2681506 -0.11492168 9.615114
23605 0.30645782 0.038307227 9.5385
23624 0.22984336 0.038307227 9.576807
23644 0.2681506 0.038307227 9.653421
23664 0.22984336 -0.038307227 9.5385
23684 0.2681506 0.0 9.5385
23705 0.22984336 0.038307227 9.615114
23724 0.30645782 0.0 9.615114
23744 0.30645782 0.038307227 9.576807
23764 0.22984336 -0.11492168 9.5385
23784 0.30645782 -0.15322891 9.653421
23804 0.2681506 -0.076614454 9.500193
23824 0.30645782 -0.19153613 9.576807
23844 0.2681506 -0.038307227 9.461885
23864 0.2681506 0.038307227 9.5385
23884 0.30645782 0.076614454 9.5385
23904 0.30645782 0.076614454 9.576807
23924 0.30645782 -0.038307227 9.5385
23944 0.19153613 -0.076614454 9.5385
23964 0.2681506 -0.11492168 9.576807
23984 0.2681506 -0.038307227 9.461885
24004 0.22984336 0.0 9.615114
24024 0.2681506 0.0 9.576807
24044 0.38307226 0.11492168 9.576807
24065 0.22984336 0.0 9.5385
24084 0.30645782 -0.19153613 9.576807
24104 0.19153613 -0.11492168 9.576807
24125 0.19153613 0.0 9.5385
24144 0.22984336 -0.076614454 9.500193
24164 0.22984336 -0.076614454 9.500193
24184 0.19153613 0.0 9.5385
24204 0.2681506 0.11492168 9.5385
24224 0.2681506 0.076614454 9.500193
24244 0.15322891 0.076614454 9.615114
24264 0.2681506 0.076614454 9.423578
24284 0.22984336 -0.15322891 9.5385
24304 0.30645782 -0.076614454 9.461885
24326 0.15322891 -0.038307227 9.5385
24344 0.22984336 0.0 9.461885
24364 0.22984336 0.038307227 9.5385
24384 0.22984336 0.0 9.461885
24404 0.2681506 0.0 9.500193
24425 0.30645782 -0.11492168 9.615114
24444 0.2681506 0.0 9.576807
24464 0.2681506 0.076614454 9.576807
24484 0.22984336 0.076614454 9.653421
24504 0.2681506 0.0 9.576807
24524 0.15322891 0.0 9.653421
24544 0.19153613 -0.038307227 9.576807
24564 0.2681506 0.0 9.576807
24584 0.38307226 0.0 9.691729
24604 0.19153613 0.038307227 9.576807
24624 0.22984336 0.038307227 9.576807
24645 0.2681506 0.0 9.5385
24664 0.22984336 0.076614454 9.500193
24684 0.2681506 0.076614454 9.5385
24705 0.15322891 0.076614454 9.5385
24724 0.30645782 -0.076614454 9.653421
24744 0.30645782 0.038307227 9.576807
24764 0.19153613 -0.038307227 9.576807
24784 0.22984336 0.0 9.576807
24804 0.2681506 -0.038307227 9.5385
24824 0.2681506 0.038307227 9.461885
24845 0.34476504 -0.038307227 9.5385
24864 0.38307226 0.076614454 9.500193
24884 0.38307226 0.0 9.615114
24904 0.22984336 0.038307227 9.461885
24925 0.2681506 0.11492168 9.461885
24946 0.22984336 -0.038307227 9.653421
24964 0.30645782 -0.038307227 9.576807
24984 0.2681506 -0.076614454 9.5385
25004 0.2681506 -0.15322891 9.615114
25024 0.22984336 0.038307227 9.576807
25044 0.15322891 0.11492168 9.615114
25064 0.30645782 0.038307227 9.576807
25085 0.22984336 0.0 9.576807
25104 0.22984336 0.038307227 9.500193
25124 0.22984336 0.038307227 9.500193
25144 0.19153613 -0.076614454 9.576807
25164 0.2681506 -0.076614454 9.576807
25184 0.2681506 -0.038307227 9.691729
25204 0.22984336 -0.038307227 9.576807
25224 0.34476504 -0.11492168 9.615114
25244 0.30645782 -0.11492168 9.5385
25264 0.2681506 0.076614454 9.5385
25284 0.19153613 0.11492168 9.500193
25304 0.22984336 -0.11492168 9.576807
25324 0.2681506 -0.038307227 9.691729
25344 0.2681506 0.0 9.5385
25365 0.2681506 0.11492168 9.5385
25384 0.30645782 -0.038307227 9.500193
25404 0.30645782 -0.22984336 9.5385
25424 0.15322891 -0.076614454 9.500193
25444 0.22984336 0.076614454 9.500193
25465 0.22984336 0.0 9.576807
25484 0.22984336 -0.038307227 9.5385
25504 0.19153613 -0.038307227 9.615114
25524 0.2681506 0.0 9.691729
25544 0.2681506 0.038307227 9.653421
25565 0.22984336 0.076614454 9.615114
25584 0.22984336 0.038307227 9.615114
25604 0.19153613 0.11492168 9.461885
25625 0.19153613 -0.038307227 9.730036
25644 0.2681506 0.038307227 9.615114
25666 0.19153613 -0.038307227 9.691729
25684 0.22984336 -0.038307227 9.615114
25704 0.15322891 -0.076614454 9.5385
25724 0.2681506 0.076614454 9.5385
25744 0.30645782 0.038307227 9.5385
25764 0.30645782 -0.038307227 9.461885
25785 0.2681506 -0.11492168 9.5385
25804 0.30645782 -0.038307227 9.461885
25824 0.22984336 -0.076614454 9.576807
25844 0.19153613 -0.038307227 9.615114
25864 0.19153613 0.11492168 9.423578
25884 0.19153613 0.038307227 9.5385
25904 0.19153613 -0.038307227 9.461885
25924 0.22984336 0.038307227 9.500193
25944 0.2681506 -0.11492168 9.653421
25964 0.2681506 0.0 9.576807
25985 0.2681506 0.038307227 9.500193
26004 0.2681506 -0.038307227 9.576807
26024 0.19153613 0.0 9.5385
26044 0.15322891 0.0 9.423578
26064 0.19153613 0.0 9.500193
26085 0.2681506 0.0 9.576807
26104 0.19153613 0.15322891 9.5385
26124 0.22984336 0.11492168 9.576807
26145 0.30645782 0.0 9.5385
26164 0.30645782 0.038307227 9.461885
26184 0.2681506 0.0 9.576807
26204 0.22984336 -0.038307227 9.5385
26225 0.2681506 0.0 9.576807
26244 0.2681506 0.038307227 9.5385
26264 0.2681506 0.0 9.576807
26284 0.30645782 -0.076614454 9.5385
26304 0.22984336 -0.038307227 9.5385
26324 0.30645782 0.038307227 9.461885
26344 0.22984336 -0.038307227 9.5385
26364 0.19153613 0.0 9.5385
26384 0.22984336 0.0 9.653421
26404 0.19153613 -0.11492168 9.576807
26424 0.19153613 -0.076614454 9.5385
26444 0.19153613 0.038307227 9.576807
26464 0.30645782 -0.076614454 9.500193
26484 0.2681506 -0.076614454 9.461885
26505 0.2681506 0.076614454 9.500193
26524 0.2681506 -0.076614454 9.691729
26544 0.2681506 -0.11492168 9.691729
26564 0.30645782 0.0 9.461885
26584 0.30645782 -0.076614454 9.461885
26605 0.2681506 0.0 9.500193
26624 0.30645782 0.0 9.576807
26644 0.19153613 0.0 9.653421
26664 0.30645782 0.11492168 9.576807
26684 0.2681506 -0.038307227 9.5385
26706 0.30645782 0.0 9.461885
26724 0.2681506 0.038307227 9.5385
26744 0.2681506 0.076614454 9.615114
26764 0.34476504 0.0 9.691729
26784 0.34476504 0.076614454 9.653421
26804 0.2681506 -0.11492168 9.653421
26824 0.22984336 0.038307227 9.576807
26844 0.30645782 0.15322891 9.576807
26864 0.2681506 0.076614454 9.500193
26884 0.30645782 0.0 9.5385
26904 0.22984336 0.0 9.5385
26924 0.2681506 -0.038307227 9.500193
26944 0.2681506 -0.038307227 9.500193
26964 0.30645782 -0.038307227 9.576807
26984 0.30645782 0.038307227 9.576807
27004 0.2681506 -0.038307227 9.5385
27024 0.19153613 0.0 9.576807
27044 0.2681506 -0.038307227 9.615114
27064 0.15322891 -0.038307227 9.461885
27084 0.22984336 0.0 9.5385
27104 0.15322891 0.0 9.5385
27126 0.19153613 0.11492168 9.500193
27144 0.2681506 -0.038307227 9.5385
27164 0.22984336 0.076614454 9.615114
27184 0.19153613 0.0 9.500193
27204 0.22984336 0.076614454 9.500193
27226 0.2681506 0.038307227 9.461885
27244 0.4213795 0.076614454 9.5385
27264 0.2681506 0.038307227 9.576807
27284 0.2681506 -0.076614454 9.461885
27304 0.34476504 0.0 9.461885
27324 0.19153613 -0.038307227 9.576807
27344 0.19153613 -0.038307227 9.615114
27364 0.19153613 0.0 9.461885
27384 0.11492168 -0.038307227 9.5385
27404 0.22984336 -0.038307227 9.615114
27424 0.2681506 0.0 9.5385
27444 0.2681506 0.0 9.576807
27464 0.22984336 0.0 9.5385
27484 0.2681506 0.038307227 9.576807
27504 0.30645782 0.0 9.500193
27524 0.22984336 0.0 9.500193
27544 0.30645782 0.0 9.615114
27564 0.15322891 0.038307227 9.576807
27584 0.11492168 -0.038307227 9.576807
27604 0.19153613 0.0 9.576807
27624 0.22984336 0.038307227 9.653421
27645 0.22984336 -0.038307227 9.615114
27664 0.30645782 0.0 9.5385
27684 0.2681506 0.038307227 9.5385
27704 0.19153613 -0.038307227 9.461885
27724 0.15322891 -0.076614454 9.615114
27745 0.2681506 -0.038307227 9.5385
27764 0.34476504 0.0 9.5385
27784 0.38307226 -0.038307227 9.5385
27804 0.34476504 0.0 9.5385
27824 0.34476504 0.0 9.576807
27844 0.2681506 0.038307227 9.461885
27864 0.4213795 -0.038307227 9.423578
27884 0.30645782 0.0 9.500193
27904 0.30645782 -0.038307227 9.500193
27924 0.22984336 0.0 9.615114
27944 0.2681506 -0.15322891 9.461885
27964 0.22984336 -0.11492168 9.576807
27984 0.22984336 0.0 9.615114
28004 0.2681506 0.0 9.500193
28024 0.38307226 0.076614454 9.576807
28044 0.2681506 0.0 9.615114
28064 0.2681506 -0.038307227 9.461885
28084 0.22984336 0.038307227 9.615114
28104 0.30645782 0.038307227 9.5385
28124 0.30645782 -0.038307227 9.615114
28144 0.30645782 0.076614454 9.615114
28164 0.2681506 -0.076614454 9.653421
28184 0.19153613 0.0 9.691729
28204 0.2681506 0.076614454 9.615114
28224 0.22984336 -0.038307227 9.576807
28244 0.34476504 -0.11492168 9.576807
28265 0.2681506 -0.038307227 9.576807
28284 0.2681506 -0.076614454 9.576807
28304 0.19153613 0.0 9.576807
28324 0.22984336 0.038307227 9.500193
28344 0.15322891 0.0 9.423578
28364 0.22984336 0.0 9.500193
28384 0.22984336 0.038307227 9.5385
28404 0.19153613 0.11492168 9.461885
28424 0.15322891 0.0 9.423578
28444 0.2681506 0.11492168 9.576807
28464 0.2681506 -0.038307227 9.5385
28484 0.2681506 0.038307227 9.500193
28504 0.30645782 -0.076614454 9.653421
28524 0.30645782 0.038307227 9.5385
28544 0.2681506 -0.038307227 9.500193
28564 0.30645782 0.0 9.500193
28584 0.30645782 -0.11492168 9.576807
28604 0.22984336 0.038307227 9.615114
28624 0.22984336 0.038307227 9.576807
28644 0.2681506 -0.076614454 9.653421
28664 0.34476504 0.076614454 9.653421
28684 0.2681506 0.038307227 9.461885
28705 0.19153613 -0.038307227 9.576807
28724 0.11492168 -0.076614454 9.5385
28744 0.2681506 0.0 9.5385
28764 0.22984336 0.15322891 9.615114
28784 0.19153613 0.0 9.423578
28804 0.30645782 0.0 9.5385
28825 0.2681506 0.0 9.615114
28844 0.2681506 -0.038307227 9.5385
28864 0.22984336 0.0 9.461885
28887 0.2681506 0.0 9.461885
28904 0.22984336 0.038307227 9.461885
28924 0.30645782 -0.076614454 9.500193
28944 0.22984336 0.076614454 9.576807
28964 0.38307226 0.076614454 9.500193
28985 0.30645782 -0.038307227 9.461885
29004 0.2681506 -0.076614454 9.5385
29024 0.2681506 0.0 9.5385
29044 0.30645782 0.11492168 9.5385
29064 0.30645782 0.076614454 9.500193
29087 0.2681506 0.0 9.5385
29104 0.22984336 0.0 9.500193
29124 0.2681506 -0.038307227 9.5385
29144 0.30645782 0.038307227 9.385271
29164 0.2681506 0.076614454 9.653421
29184 0.30645782 0.076614454 9.5385
29204 0.38307226 0.038307227 9.500193
29224 0.2681506 -0.15322891 9.5385
29244 0.22984336 -0.076614454 9.615114
29264 0.2681506 -0.076614454 9.576807
29284 0.38307226 -0.038307227 9.5385
29305 0.30645782 -0.038307227 9.576807
29324 0.19153613 -0.038307227 9.615114
29344 0.19153613 0.076614454 9.691729
29364 0.22984336 0.0 9.653421
29384 0.22984336 -0.038307227 9.576807
29405 0.15322891 0.0 9.653421
29424 0.38307226 0.038307227 9.615114
29444 0.19153613 0.0 9.576807
29464 0.15322891 -0.11492168 9.423578
29484 0.15322891 0.0 9.500193
29505 0.11492168 -0.076614454 9.500193
29524 0.19153613 0.0 9.5385
29544 0.30645782 0.038307227 9.615114
29564 0.19153613 -0.076614454 9.576807
29584 0.19153613 -0.076614454 9.576807
29606 0.15322891 0.076614454 9.5385
29627 0.2681506 0.0 9.576807
29644 0.2681506 -0.038307227 9.461885
29664 0.2681506 -0.076614454 9.5385
29684 0.22984336 -0.038307227 9.5385
29704 0.2681506 -0.038307227 9.5385
29724 0.2681506 0.15322891 9.500193
29744 0.22984336 -0.076614454 9.576807
29764 0.2681506 0.0 9.5385
29784 0.2681506 0.038307227 9.500193
29804 0.22984336 0.076614454 9.500193
29824 0.30645782 -0.038307227 9.576807
29844 0.2681506 -0.038307227 9.500193
29864 0.30645782 0.0 9.576807
29884 0.30645782 0.0 9.576807
29904 0.2681506 -0.038307227 9.653421
29924 0.2681506 -0.038307227 9.615114
29944 0.2681506 -0.076614454 9.500193
29964 0.2681506 -0.038307227 9.5385
29984 0.2681506 0.0 9.615114
30004 0.22984336 0.038307227 9.5385
30024 0.30645782 -0.076614454 9.615114
30044 0.19153613 0.076614454 9.5385
30064 0.15322891 0.038307227 9.576807
30084 0.22984336 0.0 9.5385
30104 0.19153613 -0.038307227 9.576807
30126 0.30645782 -0.038307227 9.576807
30145 0.22984336 0.038307227 9.576807
30164 0.30645782 0.076614454 9.615114
30184 0.38307226 0.0 9.653421
30204 0.30645782 -0.038307227 9.615114
30224 0.2681506 -0.038307227 9.576807
30244 0.2681506 0.038307227 9.500193
30264 0.2681506 0.076614454 9.500193
30284 0.30645782 0.0 9.576807
30304 0.2681506 0.0 9.5385
30324 0.34476504 0.0 9.5385
30344 0.30645782 0.076614454 9.500193
30364 0.30645782 0.0 9.653421
30384 0.22984336 0.038307227 9.576807
30404 0.22984336 -0.038307227 9.500193
30424 0.19153613 -0.076614454 9.5385
30444 0.2681506 -0.11492168 9.576807
30464 0.2681506 -0.11492168 9.5385
30484 0.22984336 0.0 9.576807
30504 0.19153613 0.038307227 9.5385
30524 0.2681506 0.038307227 9.615114
30544 0.34476504 0.076614454 9.576807
30564 0.4213795 0.038307227 9.5385
30584 0.19153613 -0.076614454 9.576807
30604 0.22984336 0.038307227 9.576807
30624 0.30645782 0.038307227 9.5385
30645 0.34476504 0.0 9.461885
30664 0.22984336 0.038307227 9.461885
30684 0.2681506 0.0 9.5385
30704 0.2681506 -0.038307227 9.5385
30724 0.22984336 -0.076614454 9.5385
30745 0.22984336 0.038307227 9.5385
30764 0.22984336 0.0 9.461885
30784 0.15322891 -0.076614454 9.691729
30804 0.19153613 -0.11492168 9.576807
30824 0.30645782 0.076614454 9.5385
30844 0.22984336 0.0 9.615114
30864 0.15322891 0.11492168 9.576807
30884 0.30645782 0.076614454 9.461885
30904 0.22984336 0.15322891 9.576807
30924 0.2681506 -0.038307227 9.615114
30944 0.2681506 0.038307227 9.576807
30964 0.30645782 0.0 9.576807
30984 0.30645782 0.038307227 9.615114
31004 0.2681506 0.038307227 9.5385
31024 0.22984336 0.038307227 9.576807
31044 0.34476504 -0.038307227 9.5385
31064 0.22984336 0.0 9.5385
31084 0.2681506 -0.11492168 9.5385
31104 0.22984336 -0.038307227 9.500193
31124 0.30645782 -0.11492168 9.653421
31144 0.19153613 -0.11492168 9.500193
31164 0.22984336 -0.11492168 9.576807
31184 0.30645782 0.15322891 9.653421
31205 0.22984336 0.038307227 9.576807
31224 0.19153613 0.038307227 9.576807
31244 0.22984336 -0.038307227 9.576807
31265 0.22984336 -0.038307227 9.5385
31284 0.30645782 -0.038307227 9.500193
31304 0.22984336 0.0 9.615114
31324 0.30645782 0.0 9.615114
31344 0.19153613 -0.076614454 9.5385
31367 0.2681506 0.038307227 9.615114
31384 0.2681506 0.11492168 9.500193
31404 0.2681506 0.076614454 9.5385
31424 0.38307226 0.11492168 9.423578
31444 0.2681506 -0.076614454 9.5385
31464 0.2681506 -0.076614454 9.615114
31484 0.22984336 -0.038307227 9.576807
31504 0.19153613 0.0 9.576807
31524 0.22984336 -0.076614454 9.576807
31544 0.11492168 0.038307227 9.576807
31564 0.22984336 0.0 9.500193
31584 0.22984336 0.0 9.461885
31604 0.15322891 0.076614454 9.691729
31624 0.076614454 0.0 9.576807
31644 0.2681506 -0.076614454 9.500193
31664 0.30645782 -0.11492168 9.500193
31684 0.2681506 0.038307227 9.653421
31704 0.22984336 0.038307227 9.576807
31724 0.15322891 0.0 9.5385
31744 0.19153613 -0.038307227 9.5385
31764 0.22984336 0.038307227 9.615114
31784 0.2681506 0.076614454 9.500193
31804 0.2681506 0.076614454 9.576807
31824 0.22984336 0.0 9.5385
31844 0.2681506 0.038307227 9.500193
31864 0.2681506 0.0 9.461885
31886 0.30645782 -0.038307227 9.5385
31904 0.34476504 -0.076614454 9.5385
31924 0.30645782 -0.038307227 9.615114
31944 0.34476504 -0.076614454 9.576807
31964 0.2681506 -0.076614454 9.5385
31986 0.2681506 0.0 9.5385
32004 0.34476504 0.038307227 9.461885
32024 0.2681506 -0.15322891 9.461885
32044 0.2681506 -0.076614454 9.576807
32064 0.2681506 -0.038307227 9.691729
32084 0.2681506 0.076614454 9.615114
32104 0.22984336 -0.038307227 9.615114
32124 0.2681506 0.0 9.615114
32144 0.2681506 0.038307227 9.576807
32164 0.30645782 -0.038307227 9.653421
32184 0.22984336 -0.038307227 9.576807
32204 0.30645782 0.038307227 9.5385
32224 0.22984336 0.038307227 9.653421
32244 0.19153613 0.0 9.5385
32264 0.34476504 -0.076614454 9.461885
32284 0.30645782 -0.076614454 9.500193
32304 0.22984336 0.038307227 9.576807
32324 0.19153613 0.0 9.5385
32344 0.19153613 0.0 9.576807
32364 0.15322891 0.076614454 9.615114
32384 0.19153613 -0.22984336 11.415554
32414 0.30645782 -0.22984336 9.883265
32424 0.30645782 0.038307227 9.346964
32444 0.2681506 0.0 9.193734
32471 0.22984336 0.038307227 9.461885
32563 0.22984336 -0.038307227 9.615114
32563 0.22984336 -0.038307227 9.5385
32563 0.19153613 0.0 9.500193
32563 0.2681506 0.0 9.461885
32565 0.30645782 0.038307227 9.5385
32584 0.30645782 0.076614454 9.653421
32614 0.2681506 -0.038307227 9.615114
32630 0.2681506 0.038307227 9.5385
32652 0.2681506 0.0 9.5385
32675 0.19153613 0.076614454 9.615114
32684 0.22984336 0.038307227 9.5385
32719 0.19153613 -0.038307227 9.500193
32763 0.19153613 -0.038307227 9.576807
32763 0.30645782 -0.11492168 9.576807
32765 0.19153613 0.0 9.500193
32840 0.19153613 0.0 9.653421
32840 0.2681506 0.19153613 9.615114
32840 0.19153613 0.038307227 9.615114
32844 0.22984336 0.11492168 9.576807
32864 0.2681506 0.076614454 9.653421
32884 0.2681506 -0.038307227 9.576807
32904 0.19153613 0.11492168 9.615114
32924 0.30645782 0.076614454 9.615114
32945 0.22984336 0.076614454 9.576807
32964 0.2681506 0.076614454 9.500193
