352 -0.16244125
353 -0.13849068
353 -0.119330406
353 -0.14807129
353 -0.119330406
353 -0.1528616
353 -0.17202187
354 -0.19118118
367 -0.14328098
583 -0.13849163
583 -0.100170135
583 -0.14807129
583 -0.13849068
583 -0.18639183
584 -0.0666399
584 -0.03311062
584 -0.018740654
584 -0.0666399
584 -0.061849594
633 -0.09059048
634 -0.14807129
634 -0.13849163
911 -0.10496044
912 -0.15765095
912 -0.10975075
912 -0.13849068
912 -0.14807129
912 -0.028320312
912 -0.023530006
912 -0.19118118
912 -0.028320312
913 -0.12891102
913 -0.24387264
913 -0.14807034
913 -0.23429203
913 -0.12891102
951 -0.21992207
951 -0.12412071
972 -0.15765095
991 -0.08580017
1011 -0.04747963
1031 -0.07143116
1051 -0.07143021
1072 -0.15765095
1092 -0.08101082
1112 -0.14807129
1132 -0.085801125
1152 -0.085801125
1172 -0.19597149
1193 -0.17202187
1213 -0.12412071
1233 -0.18160152
1255 -0.12891102
1275 -0.16723156
1294 -0.13849163
1314 -0.16244125
1334 -0.07143116
1354 -0.17681122
1377 -0.10017109
1407 -0.13370132
1481 -0.09538078
1482 -0.15765095
1482 -0.19118118
1484 -0.10975075
1495 -0.14328098
1515 -0.16244125
1544 -0.08101082
1566 -0.061849594
1581 -0.12412071
1596 -0.09538078
1616 -0.119330406
1636 -0.081009865
1657 -0.07622051
1676 -0.081009865
1697 -0.085801125
1717 -0.033109665
1737 -0.10975075
1759 -0.03789997
1777 -0.061850548
1797 -0.10975075
1817 -0.17681122
1838 -0.09538078
1859 -0.081009865
1878 -0.12412071
1898 -0.114541054
1918 -0.13849068
1938 -0.061850548
1960 -0.081009865
1978 -0.07622051
1999 -0.15286064
2019 -0.17681122
2039 -0.10975075
2060 -0.09059048
2079 -0.07622051
2099 -0.23429108
2119 -0.114541054
2140 -0.009160042
2160 -0.19118118
2181 -0.13849068
2200 -0.07622051
2220 -0.07622051
2241 -0.085801125
2264 -0.09059048
2287 -0.0666399
2308 -0.14328098
2321 -0.05706024
2341 -0.19118214
2364 -0.13849068
2382 -0.028320312
2402 -0.15765095
2422 4.2057037E-4
2442 -0.18160152
2464 -0.1672306
2489 -0.0043697357
2505 -0.09538078
2523 -0.081009865
2543 -0.12891102
2563 -0.1528616
2583 -0.05706024
2603 -0.07143021
2623 -0.085801125
2644 -0.22471237
2665 -0.11933136
2684 -0.07143116
2704 -0.09059048
2724 -0.10496044
2771 -0.0666399
2771 -0.09538078
2785 -0.1528616
2805 -0.023530006
2825 -0.114541054
2845 -0.1528616
2865 -0.09538078
2885 -0.042690277
2913 -0.09538078
2926 -0.119330406
2946 -0.0043697357
2966 -0.18160057
2986 -0.10496044
3006 -0.14328098
3026 -0.17202187
3046 -0.21513176
3068 -0.13370132
3091 -0.16244125
3107 -0.15765095
3127 -0.10017109
3152 -0.10975075
3167 -0.109749794
3188 0.019579887
3213 -0.08101082
3228 -0.03789997
3248 -0.1145401
3274 -0.10496044
3288 -0.10975075
3309 -0.11933136
3335 -0.13849163
3351 -0.047480583
3369 -0.085801125
3389 -0.085801125
3409 -0.05706024
3429 -0.19597149
3454 -0.19597149
3470 -0.13370037
3490 4.196167E-4
3511 -0.09538078
3530 -0.061850548
3559 -0.09538078
3572 -0.07143021
3591 -0.13370132
3611 -0.10975075
3632 -0.13370037
3654 -0.15765095
3673 -0.066640854
3692 -0.0666399
3712 -0.18160057
3733 -0.085801125
3754 -0.10017109
3774 -0.11933136
3793 -0.08101082
3812 -0.13849068
3833 -0.248662
3856 0.15370178
3876 -0.6222849
3895 0.09143162
3914 -0.023530006
3934 0.10580063
3959 0.091430664
3977 -0.042690277
3994 -0.5121145
4014 -0.09059048
4034 2.5918312
4054 0.5081644
4075 -0.7468252
4095 2.7882233
4115 1.6481934
4135 0.4027834
4155 0.6279154
4178 -1.1108694
4195 -2.1598873
4215 -3.3286572
4235 -0.7516155
4259 2.3235893
4276 7.36271
4296 4.948531
4316 5.4035845
4336 0.7237158
4356 -0.5743847
4377 -1.1779299
4397 0.68539524
4417 1.6769333
4437 1.1452398
4458 -0.4785843
4485 -0.8809471
4518 1.4134817
4518 2.6732616
4538 2.1655188
4560 -1.0198584
4578 -2.3562794
4598 0.17286205
4618 1.0302782
4641 0.4650545
4660 2.1655178
4691 0.6135454
4702 -1.1443996
4726 0.6662359
4747 2.9367142
4767 3.2815971
4780 0.54648495
4800 -2.193418
4821 0.34051323
4847 2.46729
4869 2.2373686
4885 -0.68934536
4902 -3.2759666
4921 -1.5898733
4944 0.7764063
4962 -0.2917719
4982 -1.5132322
5002 -3.069995
5023 -4.1477537
5047 -0.5169039
5067 0.81951714
5082 0.43631363
5103 -1.8341651
5123 1.3607912
5153 6.629836
5180 5.5712357
5188 1.9020662
5203 -1.7479448
5223 -2.2413177
5248 0.6327057
5264 3.3773975
5285 1.327261
5305 0.74766636
5342 1.791894
5351 -0.6797657
5368 0.23513222
5385 2.812173
5406 5.815528
5426 3.324708
5451 0.6087551
5468 0.11538029
5486 -0.33967304
5507 1.1212893
5530 2.965454
5551 3.2384863
5569 2.2229986
5601 1.6338234
5607 1.5044918
5627 1.3560019
5648 1.9595461
5667 2.2852688
5687 2.2804785
5712 1.6194544
5732 1.0302782
5748 0.53690434
5771 -0.14807129
5787 0.47942448
5808 1.6050825
5829 1.9834957
5855 0.75245667
5868 0.53690434
5888 1.3368406
5909 1.9691267
5928 2.0122366
5979 2.108037
5980 2.4816608
5993 2.227789
6025 2.0457668
6042 1.8445854
6050 1.7823153
6069 2.2661085
6089 2.769063
6109 2.3140097
6131 2.4337597
6150 2.0266066
6170 0.5512743
6190 -5.000381
6210 0.89615726
6231 3.5929499
6251 2.1942587
6271 1.5619736
6291 1.9355955
6311 3.430088
6333 3.5210981
6352 1.6050825
6372 -0.90489674
6392 -2.0688767
6412 -0.68455505
6432 -0.19597149
6453 -1.6521435
6473 -5.4985447
6493 -5.9392285
6513 -1.1108685
6534 4.81441
6554 3.8372421
6574 5.920909
6593 3.54984
6614 0.546484
6634 -1.1012888
6655 -1.9155955
6675 -1.5323925
6694 -1.1827192
6714 -1.7239943
6739 -1.8437448
6755 -3.2999172
6775 -2.3850193
6801 0.10101032
6815 2.2469492
6835 -1.719204
6861 -0.47379398
6876 2.5918312
6896 1.6673536
6922 -3.3047066
6936 -5.1680326
6957 -6.2889013
6982 -4.1860743
6997 12.286872
7016 17.675667
7037 13.307149
7058 6.625045
7077 -1.6473541
7097 -5.579976
7117 -6.269741
7137 -6.624204
7157 -6.6481547
7178 -4.6411276
7198 -2.5239305
7218 -3.6352196
7238 -5.967969
7258 -7.7881837
7279 -7.3379197
7299 -7.0074077
7319 -4.799199
7339 -3.462778
7359 -2.2940083
7379 -1.4078512
7399 -1.9634962
7420 -2.5574613
7440 -2.4041796
7460 -1.4174318
7480 -2.0449266
7500 -2.959824
7522 -2.1598873
7541 -1.4988623
7561 -2.1359367
7581 -2.643682
7601 -2.4281301
7622 -2.126358
7642 -2.3227487
7662 -2.3323288
7682 -2.1598878
7702 -3.189746
7723 -3.8459816
7743 -3.5106783
7762 -3.6208496
7782 -4.119014
7803 -4.3872557
7823 -3.0220952
7843 -2.52872
7863 -3.400508
7883 -4.9237404
7903 -4.243555
7923 -2.8496528
7947 -2.907134
7964 -3.5442085
7984 -3.6495895
8004 -3.6208496
8025 -3.2041159
8044 -2.4568696
8064 -2.2269478
8085 -2.7634325
8105 -2.667632
8125 -1.0198584
8145 -0.74203587
8165 -1.3455801
8185 -1.8964353
8205 -1.0629683
8226 0.89136696
8246 1.3416309
8266 1.0111189
8286 0.4985838
8306 0.94405746
8326 0.29740334
8346 0.038740158
8367 1.6721439
8387 2.3571196
8407 3.6743803
8427 11.065412
8447 5.6766157
8467 2.5487213
8488 2.9702444
8508 2.3379593
8528 0.30219364
8548 -0.100170135
8569 1.1021299
8589 3.8420315
8609 3.6935406
8629 2.184678
8650 1.777524
8670 2.9319239
8690 2.5343513
8710 5.5664454
8730 5.561655
8750 3.7414408
8770 3.6935406
8790 3.248067
8810 4.378516
8830 1.8254251
8851 2.6157818
8871 2.1415672
8891 2.4720812
8913 3.8276625
8931 3.7462301
8952 2.7882223
8972 2.2182083
8993 1.2027197
9013 0.2782421
9034 2.8792343
9052 2.8504944
9072 3.6264791
9092 2.9606647
9113 0.16328144
9133 0.07227039
9153 1.4086924
9173 1.8206358
9193 0.4027834
9213 -0.7228756
9233 -1.0102787
9253 -1.7479448
9273 -1.7527342
9294 -0.9288473
9315 -0.2534523
9336 -1.7000437
9355 -1.0677586
9376 0.6566553
9396 0.982378
9417 1.0350685
9438 1.4230614
9457 0.94405746
9476 1.2889404
9496 1.0446491
9516 0.8578367
9538 0.0291605
9557 -1.0581789
9577 -1.0773382
9599 -0.29656315
9617 1.1069193
9638 1.7200441
9657 1.8014755
9678 2.333169
9698 2.3954391
9719 2.9127636
9738 1.8924856
9760 1.1308689
9779 0.6662359
9799 1.9691257
9819 2.7211618
9840 1.9691257
9866 1.8493757
9881 1.2602005
9902 -0.5121145
9919 -1.2018795
9939 -2.0353465
9961 -0.80909634
9980 -0.8474169
10000 -3.3478174
10020 -2.6149406
10040 -0.2007618
10061 0.7668266
10081 -0.3923626
10104 -0.91447735
10120 -0.59833527
10141 -0.14807034
10160 0.89615726
10181 1.1644001
10202 1.4661722
10223 1.5332327
10243 1.1356592
10262 1.8876963
10284 3.1666365
10304 3.2720175
10323 3.353447
10343 1.6338234
10364 1.1069193
10388 0.8817873
10405 0.92489815
10424 1.4565926
10448 1.0829687
10464 -0.8809471
10486 -2.3850193
10509 -2.686792
10525 -2.830493
10545 -1.676094
10569 0.1249609
10585 1.1260786
10607 1.9834967
10631 1.4661722
10645 0.5608549
10667 0.24471283
10686 0.13454151
10708 0.43631458
10726 0.55127525
10746 0.9344778
10768 1.1548204
10786 -0.14807129
10807 0.47942448
10835 1.08776
10853 3.0037746
10871 4.148594
10893 3.3438673
10907 2.812173
10928 3.7845507
10949 4.627598
10969 4.196494
10987 4.1294346
11007 1.9834967
11030 1.552393
11049 2.7259521
11068 0.9919586
11088 -1.704834
11108 -2.1503072
11128 0.27824306
11148 2.6541023
11168 2.692422
11188 1.2793608
11209 0.53690434
11228 1.4997025
11248 3.2672272
11269 3.7845516
11289 2.5056105
11309 2.0505571
11329 1.5236521
11350 0.17286205
11370 2.4193907
11390 3.9330425
11410 1.7296247
11430 0.87220764
11450 0.5608549
11470 0.49858475
11491 1.1979303
11511 1.9978666
11531 1.4518023
11551 0.6758156
11571 0.46505356
11593 1.3943214
11611 1.3655806
11632 0.7811966
11651 1.2602005
11672 1.6242437
11692 1.20751
11712 0.5225344
11732 0.92010784
11752 1.3560019
11772 0.996748
11793 0.4506836
11814 0.9584284
11833 1.22188
11853 1.6673536
11874 1.3895321
11894 0.8051462
11915 0.5273237
11935 0.6279154
11954 1.8924856
11975 4.0240536
11995 4.071954
12015 2.2708988
12035 0.7045555
12055 -0.5600147
12075 -0.96237755
12095 -1.704834
12116 -1.388691
12135 -0.4546337
12155 0.3500929
12176 1.1212893
12196 1.9643364
12216 2.45292
12236 2.2038383
12256 1.6050835
12277 1.2123003
12297 0.9536381
12318 1.0111189
12337 1.9260159
12357 1.2314596
12377 0.37404346
12398 0.34051323
12419 0.8051462
12438 1.552393
12458 1.1883497
12478 1.2170906
12499 1.9116459
12518 1.8014746
12538 1.8254251
12558 0.80035686
12579 0.44110394
12599 1.4757519
12619 2.7067928
12639 1.8972759
12659 0.043530464
12679 -0.23429108
12700 0.44110394
12720 2.3571196
12740 2.0697174
12760 0.637496
12780 0.9057369
12800 1.2602005
12820 2.0745068
12840 2.4960308
12861 1.2362499
12881 0.18723202
12901 0.4027834
12921 1.3081007
12941 2.0888777
12961 1.7966843
12982 1.0494394
13002 0.9392681
13022 1.7152548
13042 2.1750984
13062 1.5476027
13082 1.8254251
13102 1.6338234
13123 1.4901228
13143 1.5955029
13163 1.432642
13183 0.8913679
13204 0.8722067
13224 1.7823153
13244 1.6050835
13264 1.1548195
13284 1.3033104
13305 1.0015383
13325 0.982378
13345 1.1069193
13365 0.7764063
13386 1.1979303
13405 1.3368406
13425 0.982378
13445 0.8578377
13465 1.2314596
13487 1.3751621
13506 1.6098728
13526 1.102129
13550 1.1691895
13568 1.4709616
13588 1.8206358
13607 1.7487841
13627 1.3368406
13648 0.9584274
13668 1.5715532
13689 1.5428123
13708 1.7535753
13729 1.5619726
13750 1.4853315
13769 1.2362509
13790 1.0254879
13813 1.3368406
13830 1.6002932
13850 1.1452389
13870 1.0206985
13890 1.2697811
13909 1.3799505
13929 1.2602005
13949 1.3751612
13970 1.4374313
13990 1.2314596
14012 0.9009476
14034 0.4027834
14050 0.28782272
14070 1.3943214
14094 3.1666355
14110 4.2156544
14131 4.2204447
14158 3.7653904
14171 3.6504297
14192 3.535469
14217 4.1006937
14231 4.450366
14251 2.725953
14272 1.3607912
14293 1.4086914
14312 1.6146631
14332 1.4997015
14352 0.16807175
14372 -0.3061428
14393 0.11538124
14413 0.86741734
14433 2.45292
14453 2.529561
14473 1.6386137
14494 -1.2737303
14513 -2.4904003
14533 -0.66060543
14554 2.3906498
14574 3.5306787
14594 3.655219
14615 3.760601
14635 4.4886875
14656 4.689869
14675 5.422744
14695 4.7138186
14716 4.0959034
14736 4.752139
14756 5.892169
14776 5.2119827
14796 3.9138823
14817 3.7797613
14837 3.5737886
14858 3.8085012
14880 3.7414408
14897 2.8840237
14918 2.7020016
14937 2.529561
14958 1.657773
14979 1.20751
14998 0.28782177
15018 -0.41152287
15038 -1.1922998
15058 -1.3024702
15079 0.1728611
15098 -0.3492527
15119 -0.6222849
15140 -0.28219223
15159 0.18244171
15180 1.3655815
15199 1.6386137
15221 0.9105282
15240 -0.119330406
15260 0.07227039
15283 1.6338243
15302 3.444458
15320 4.373727
15341 4.282716
15361 4.5749073
15382 4.87189
15403 2.0601368
15421 3.0804157
15441 5.6718264
15461 4.1725445
15482 2.8840237
15503 1.8876963
15522 1.0542288
15547 0.12496185
15563 -0.76598644
15584 -1.2066698
15604 -0.96237755
15623 -0.5073242
15643 -1.1204491
15664 -2.2221575
15685 -1.8868556
15703 -0.7037163
15724 -0.27740192
15743 -0.69413567
15765 -0.22950172
15785 0.48421478
15804 0.58480453
15825 0.44110394
15847 0.79556656
15869 1.1548195
15899 1.7296238
15905 2.917554
15924 3.2001667
15946 2.9606647
15965 2.1271973
15985 2.7738523
16005 4.498267
16026 2.4337606
16047 1.6960936
16066 1.8350048
16090 0.25908184
16107 -0.9527979
16127 0.28782272
16147 0.25908184
16167 -0.47379398
16195 -0.48337364
16209 -1.0581789
16228 -0.938427
16248 0.024371147
16271 0.6183348
16288 -0.0187397
16309 -0.052269936
16328 2.4337597
16347 3.68396
16368 3.5258894
16388 3.2672262
16408 2.452921
16428 3.324708
16448 4.3114557
16468 3.7510214
16488 2.9750338
16510 3.1953764
16529 4.3258257
16551 3.9522028
16572 2.8648634
16592 1.3703709
16610 -0.3492527
16630 -1.0917091
16650 -0.74203587
16672 -1.7479439
16691 -2.6580515
16712 -2.45687
16731 -1.5659227
16752 -1.8437452
16773 -1.7335739
16792 -0.8905268
16812 -0.9288473
16833 -0.7228756
16852 -0.354043
16874 0.88657665
16893 2.7738523
16913 4.048003
16933 3.4971485
16954 3.3582373
16974 3.7558107
16993 5.4945955
17015 4.5940676
17037 2.9606647
17054 2.3092194
17075 2.0457668
17095 2.0840874
17114 0.2638731
17133 -0.6797657
17154 -1.0917091
17174 0.062690735
17195 0.07227135
17215 -0.94321823
17235 -0.97674847
17255 -0.8522072
17276 -1.8389549
17295 -2.0592966
17316 -1.795845
17337 -0.9192667
17357 1.7056742
17378 3.865982
17397 3.8468218
17416 3.5163088
17437 3.8564014
17457 5.063492
17477 5.9017487
17497 5.964019
17517 4.1006937
17538 3.2911768
17561 4.5653276
17584 4.402466
17599 3.3438673
17618 1.5859232
17638 -0.05706024
17661 -0.8953171
17684 -1.8868551
17699 -2.5862012
17722 -2.4568696
17748 -1.6665134
17763 -1.7383642
17780 -2.231738
17806 -2.567041
17819 -2.351489
17840 -1.4749117
17881 -0.7995167
17881 0.532115
17902 1.5763426
17926 3.0420942
17940 4.0863237
17959 4.239604
17980 4.1725445
18000 5.2071924
18020 3.113945
18040 2.9462938
18061 5.302994
18081 5.743677
18102 3.6791706
18122 1.2841511
18142 0.49858475
18165 -0.009160042
18183 -1.1252394
18202 -1.3551607
18222 -1.3839016
18242 -2.169468
18263 -2.126357
18283 -1.5228128
18303 -1.1539793
18324 -0.20555115
18343 0.7764063
18365 2.093667
18384 3.415718
18405 3.909093
18425 3.5258894
18444 4.301876
18465 5.2119827
18484 5.168872
18504 4.915
18525 3.535469
18548 4.148595
18565 4.838359
18585 3.9426231
18605 2.5391407
18625 1.2410402
18645 -0.16244125
18667 -0.6510248
18686 -1.7383642
18706 -2.3035889
18727 -1.8676953
18747 -1.5132322
18768 -1.359951
18788 -1.5132322
18807 -1.0677586
18827 -0.76598644
18847 -0.6653948
18868 -0.5504341
18888 1.0206985
18908 2.5535107
18930 2.663682
18947 2.290059
18968 2.7115822
18988 3.909093
19009 5.398794
19051 3.9474115
19053 2.5630903
19070 3.0660448
19089 5.2263527
19109 6.6633635
19131 3.1762161
19155 0.6087551
19170 0.21597195
19190 0.306983
19211 -0.24387169
19230 -1.2114601
19253 -1.2258301
19270 -0.7516165
19295 -0.5312748
19311 -0.58875465
19330 0.306983
19351 0.8578377
19372 0.79077625
19392 0.771616
19411 2.2229986
19432 3.6073198
19453 4.1006937
19472 3.9569921
19493 4.4407873
19513 4.5605373
19538 3.7414408
19556 2.6062012
19578 3.5737886
19593 4.258765
19612 3.473199
19633 3.4396677
19654 3.3678179
19673 2.1032476
19694 -0.56480503
19713 -1.7239943
19735 -1.5419731
19759 -0.8090973
19777 -0.9480076
19794 -1.4509611
19815 -1.585083
19834 -1.1922998
19856 -0.70850563
19875 -0.05227089
19895 0.54169464
19915 0.9344778
19936 1.1117096
19957 1.538022
19975 2.6205711
19997 3.0133543
20016 3.8611917
20036 5.1784525
20058 4.3258257
20081 5.935279
20097 6.5579844
20117 6.146041
20136 5.274253
20157 3.2528572
20178 1.087759
20198 0.5800152
20218 0.82430744
20239 -0.07143021
20258 -0.17681122
20278 -0.12412071
20298 -0.07622051
20318 0.31177235
20338 -0.3396721
20358 0.4219427
20379 1.8972759
20398 2.754693
20419 3.535469
20440 4.392886
20459 4.1390142
20479 2.9894056
20499 4.105484
20519 5.892168
20539 4.618018
20559 2.6972122
20582 3.56421
20600 2.7355328
20621 1.3368406
20640 0.54169464
20660 0.9440584
20682 0.062690735
20702 -1.479702
20721 -2.552671
20741 -2.1359377
20762 -1.5755024
20782 -1.1204491
20802 -0.909688
20822 -1.4605417
20843 -1.4461718
20862 -0.33488178
20883 0.26387215
20903 1.0111179
20922 1.9643364
20944 2.7594824
20963 3.2145367
20985 3.353448
21003 3.6456404
21026 4.076743
21043 4.225235
21063 2.199048
21085 2.9271345
21105 3.4492483
21125 4.661129
21150 4.196494
21165 1.538022
21185 -0.41152287
21205 -0.57917404
21226 -0.80909634
21245 -1.6713037
21266 -1.5467625
21286 -0.36841297
21307 0.6710253
21330 0.89615726
21346 0.65186596
21366 0.97279835
21391 1.6386137
21408 2.9223433
21428 3.3726082
21454 3.353448
21468 3.851612
21492 4.091114
21508 3.4684086
21530 4.392886
21547 3.578579
21568 2.2325783
21588 1.5859232
21608 1.0302782
21629 1.2266703
21650 0.6183357
21670 -0.5073242
21689 -0.6079149
21710 -0.23429203
21730 -0.5073242
21749 -1.2593603
21773 -1.5946627
21790 -1.5323925
21810 -1.9395456
21834 -1.929966
21850 -1.1539793
21870 -0.7516165
21890 -0.73724556
21913 -0.68934536
21930 0.51295376
21950 1.9547567
21970 2.5822515
21991 2.1559381
22011 2.740323
22033 3.8468218
22052 2.5104008
22072 2.6301517
22092 2.9558744
22113 4.2443953
22155 3.8564014
22155 0.69497585
22179 -1.2258301
22192 -0.7947264
22213 -0.7037153
22238 -0.6558151
22252 -1.6329832
22273 -3.1801658
22293 -2.911924
22313 -2.6245213
22335 -1.9778662
22353 -1.2402
22374 0.19681168
22393 2.1798887
22414 3.3869772
22434 3.4971485
22453 2.874444
22473 3.1043653
22494 4.1390142
22514 3.9282522
22552 2.5151901
22556 2.558301
22575 3.7989206
22600 3.2911768
22616 2.6588917
22641 1.1404495
22656 0.14412117
22677 -0.5743847
22695 -1.4270115
22716 -1.9634962
22738 -1.5946636
22756 -0.81867695
22776 -1.2449903
22796 -1.8772755
22817 -1.4318018
22837 -0.49295425
22858 -0.18639183
22878 -0.09538078
22898 0.24471188
22918 1.19314
22938 1.8781157
22959 2.5870419
22978 2.917554
22998 3.2145357
23018 4.4838963
23038 3.0181446
23059 3.5833693
23078 3.6360598
23098 4.570117
23118 4.0815334
23139 1.8350058
23160 0.5800152
23179 -0.26303196
23200 -0.6127043
23219 -1.5563421
23239 -3.1562157
23260 -3.5394192
23280 -3.3573976
23300 -2.792173
23320 -1.7287846
23340 -0.6222849
23364 0.24950218
23381 0.8290968
23402 1.2937307
23421 2.6876316
23441 3.894722
23462 3.803711
23482 4.028843
23503 4.119854
23524 3.0037746
23542 5.6622467
23563 4.8910503
23582 2.5535116
23604 0.53690434
23624 -0.009160042
23643 0.053111076
23664 -0.3061428
23684 -0.96237755
23708 -1.465332
23729 -1.9060154
23746 -1.9730763
23764 -2.0545068
23784 -1.7239943
23804 -1.7814741
23827 -2.2987986
23845 -2.0401368
23865 -1.3647413
23886 -0.2965622
23906 0.996748
23927 1.2266703
23946 1.4518023
23966 2.4193897
23986 3.3726072
24007 3.2863874
24027 1.6865139
24046 2.7115831
24066 4.4455757
24093 5.849058
24115 4.823989
24128 2.6109915
24149 1.1069193
24167 0.26866245
24189 0.44589424
24207 -0.07622051
24227 -1.8676949
24249 -2.7155323
24269 -3.2089062
24289 -3.0460448
24310 -1.6665134
24328 -0.6127043
24350 -0.64144516
24368 1.3464212
24392 3.430088
24416 2.9894047
24430 2.4864511
24450 3.128316
24469 4.344986
24490 5.0395412
24530 5.1209717
24530 3.176217
24550 4.273135
24570 4.97727
24591 4.316246
24611 3.0037756
24631 2.0553465
24652 1.4230623
24674 -0.052269936
24692 -1.0773392
24713 -1.8389549
24731 -2.0928268
24752 -1.8006344
24771 -1.5323925
24793 -1.3168402
24816 -0.80430603
24832 -0.70850563
24853 -0.14328098
24872 0.47463322
24892 0.9536381
24915 0.862627
24933 1.0398588
24953 2.3523293
24978 3.204957
24994 3.190586
25016 1.2314606
25040 1.9595461
25054 3.3151274
25074 3.6073198
25099 3.401348
25117 1.418272
25134 -0.4929533
25160 -0.9911175
25175 -1.5036516
25195 -1.1635599
25221 -0.818676
25235 -1.2881002
25256 -2.2173681
25275 -1.4222212
25295 -0.43547344
25316 -0.27740192
25337 -0.20555115
25356 1.1308699
25376 2.4433403
25397 3.3438673
25417 3.5067291
25440 3.430088
25458 3.8132906
25477 4.162964
25498 3.9043026
25518 1.8158445
25539 2.9989843
25558 3.7606
25578 2.1655178
25598 1.1596098
25619 -0.09538078
25638 -1.1060791
25658 -1.5563421
25679 -2.5526705
25699 -1.8533249
25723 -0.7228756
25739 0.005209923
25759 -0.2917719
25779 -0.91447735
25799 -1.0054884
25819 -0.8474169
25840 -0.71329594
25861 -0.6653948
25881 -0.5264845
25900 -0.2965622
25920 0.69018555
25942 1.552393
25961 2.1415682
25982 3.0468855
26003 3.65522
26021 2.7738533
26042 3.4109278
26062 4.5222178
26081 4.268345
26115 3.7558117
26147 2.093667
26147 -0.0043697357
26162 -0.36841297
26182 -0.87136745
26204 -2.1215672
26222 -2.2940083
26242 -2.2940087
26263 -2.1215672
26283 -1.7958441
26305 -0.8857374
26323 -0.37799263
26344 -0.35883236
26364 -0.03789997
26384 1.2170906
26405 2.692422
26425 2.4050198
26445 1.2027197
26465 0.77640724
26485 1.868535
26506 2.2756891
26527 0.37883282
26545 -0.3061428
26565 2.769063
26587 3.0756254
26608 1.4757519
26626 0.2255516
26648 -1.1779299
26666 -1.1875095
26687 -1.2354097
26706 -1.5611324
26727 -1.5515528
26746 -1.8054242
26769 -1.3120508
26801 -1.6808834
26807 -1.6521435
26828 -0.92405796
26847 -0.5552244
26867 -0.31572247
26888 -0.44505405
26908 -0.7516165
26929 -1.1204491
26948 -0.83783627
26968 0.5033741
26992 1.3847418
27010 1.5715532
27032 1.763155
27050 2.2852688
27071 1.6338243
27089 1.6338224
27109 2.9079733
27130 2.5918312
27151 3.2241163
27170 1.538023
27190 0.4027834
27211 0.38362408
27232 1.0302782
27250 1.5619726
27270 0.5848055
27291 -0.7564068
27310 -1.6329832
27332 -1.6808834
27351 -1.25457
27371 -1.7766838
27391 -2.2652683
27411 -1.6521435
27432 -0.5600138
27452 -0.69413567
27471 -0.5743847
27491 -0.16723156
27512 -0.26782227
27532 -0.28219128
27554 0.60396576
27582 0.64228535
27596 0.6327057
27613 0.6710253
27633 0.9440584
27653 1.5715532
27674 1.3991117
27695 0.80035686
27713 0.3117733
27734 0.08664036
27754 -0.013950348
27774 -0.28219223
27795 -0.09059048
27814 -0.12891102
27834 -0.30135155
27854 -0.579175
27874 -0.4450531
27897 0.010000229
27915 0.28303242
27935 0.24471188
27955 0.59917545
27975 0.862628
27996 0.7237158
28016 0.45068455
28037 0.74287605
28056 1.2458305
28077 1.087759
28098 0.32614326
28119 0.0770607
28138 0.54648495
28159 0.4985838
28177 0.75245667
28197 0.771616
28219 0.87699795
28238 0.9296875
28258 0.5608549
28283 0.51295376
28299 0.7237158
28322 0.64228535
28339 -0.12891102
28360 0.19681168
28379 1.3799515
28399 1.4374323
28422 0.9919586
28440 0.38841343
28460 0.05790043
28479 0.10580063
28500 0.5752249
28520 0.89615726
28541 0.5848055
28561 0.651865
28582 0.6470747
28600 0.38841343
28626 1.1979294
28641 0.982378
28663 0.4554739
28686 0.651865
28705 0.68539524
28721 0.8195162
28748 1.2362499
28762 0.93926716
28782 0.546484
28808 0.3500929
28825 0.55127525
28843 0.46984386
28870 0.61354446
28902 0.77161694
28906 0.74766636
28924 0.062690735
28946 -0.23908138
28963 0.014790535
28983 0.74287605
29003 1.2266703
29024 0.70455647
29044 0.21597195
29065 0.19202232
29086 0.7668257
29104 1.1212893
29125 1.0015383
29144 0.8195162
29166 0.58959484
29187 0.37404346
29205 0.7859869
29227 0.92010784
29245 0.59438515
29266 0.101011276
29288 0.26866245
29306 0.6758156
29326 0.8530474
29346 0.7764063
29366 0.6135454
29388 0.97758865
29408 0.6327057
29431 0.033949852
29465 0.005209923
29466 0.3261423
29487 1.0829697
29507 0.8817873
29526 -0.03789997
29546 0.20160198
29567 0.4075737
29587 0.69976616
29607 0.46505356
29627 0.532115
29648 1.3799515
29668 1.6913042
29690 0.65186596
29712 0.14412212
29729 -0.5073242
29749 -0.4785843
29772 0.58959484
29790 1.1787701
29810 1.3991117
29830 1.7056742
29850 2.3666992
29871 1.8637457
29891 1.3655815
29914 0.44110394
29931 0.38841343
29951 0.66144466
29977 1.2697802
29993 1.4853315
30012 0.81951714
30031 0.58480453
30051 1.2410402
30072 1.6960945
30092 0.5273247
30113 0.53690434
30133 1.102129
30152 0.9871683
30172 0.9919586
30193 1.5619736
30213 1.4805422
30233 0.7093458
30253 0.38362312
30273 0.5848055
30293 0.9536381
30315 1.2841511
30334 0.7764063
30354 0.24950218
30377 0.41715336
30394 1.0063286
30415 1.5667629
30436 1.4278517
30455 0.6806059
30477 0.024370193
30494 0.4027834
30515 1.6865149
30535 1.8541651
30555 2.4193897
30577 2.4145994
30596 1.418272
30617 0.982378
30636 0.010000229
30655 -1.0390177
30677 -0.15765095
30697 0.5800152
30716 0.92489815
30736 0.306983
30758 -0.87615776
30779 -1.1443987
30797 0.8578367
30820 1.8302155
30842 1.7056742
30863 0.99195766
30878 0.16328144
30897 -0.17202091
30919 0.4075737
30941 0.8147268
30959 1.8733253
30979 1.2218809
30998 -0.14328098
31019 0.43631363
31039 2.0122366
31070 1.447012
31082 0.6135454
31101 0.29740238
31120 0.5225344
31142 1.2027206
31160 1.4039011
31180 0.58959484
31200 -0.43068314
31220 0.1297512
31241 1.2649908
31260 2.0409765
31287 0.19681168
31300 -0.7803564
31320 -0.047480583
31340 0.9488478
31360 -0.033109665
31381 -0.9480076
31402 1.1260796
31440 2.8552837
31442 1.3560019
31461 -1.2737303
31484 -0.97195816
31529 2.39544
31530 2.1655178
31548 0.7764063
31562 0.4602642
31582 0.4219427
31602 1.2410402
31622 1.2745705
31642 1.5619726
31662 1.1739798
31682 0.74287605
31703 1.8302155
31723 2.3379593
31748 1.8637447
