20219
20220
20220
20220
20221
20221
20221
20221
20221
20221
20222
21219
21220
22231
22233
22234
23233
23235
24235
24236
25238
25239
26251
26251
26251
26251
27233
27233
27233
27233
28236
28236
28236
28237
29240
29241
29243
29244
30243
30244
30244
30244
30244
30245
31247
31247
31247
31248
32248
32248
32249
32249
33248
33249
33249
33249
34252
34253
34253
34253
35258
35258
35259
35263
35264
35264
36260
36260
36261
36262
37264
37265
37266
37267
38265
38266
38267
38267
39267
39267
39267
39268
40269
40270
40272
40272
41273
41273
41274
41274
42276
42277
42277
42277
42277
42278
43280
43280
43281
43281
44282
44282
44283
44283
45282
45283
45284
45284
46285
46285
46287
46287
47289
47290
47290
47290
48294
48295
48298
48298
49298
49298
49302
49303
50300
50300
50300
50301
51299
51299
51308
51308
52303
52304
52304
52304
53311
53312
53312
53312
54310
54311
54315
54315
55314
55314
55314
55314
56315
56316
56316
56316
57316
57316
57317
57317
58318
58319
58319
58319
58319
58319
59325
59328
60328
60329
60329
60329
61330
61330
61330
61331
62332
62332
62333
62333
63332
63333
63334
63334
64335
64337
65339
65339
65340
65340
66344
66344
66344
66345
67347
67347
67352
67352
68348
68349
68349
68350
69350
69350
69354
69354
70354
70357
71356
71356
71356
71356
72360
72360
72361
72361
73363
73363
73363
73363
74366
74366
74366
74366
75366
75367
76369
76369
76369
76369
77373
77373
77373
77373
78376
78376
78376
78376
79379
79380
79380
79380
80384
80384
81385
81386
81386
81386
82386
82387
82387
82387
83389
83390
83390
83390
84394
84394
84394
84395
85397
85397
85397
85398
86399
86399
87404
87404
87404
87404
88406
88406
88406
88407
89410
89410
89410
89410
90416
90416
90416
90417
91416
91416
92416
92417
92417
92417
93419
93419
93420
93420
94423
94423
94423
94424
95428
95429
95429
95429
96430
96430
96430
96431
97433
97434
98438
98438
98438
98438
99441
99441
99441
99441
100445
100445
100447
100447
101449
101449
101449
101449
102450
102450
103455
103455
103456
103456
104460
104460
104464
104464
105464
105464
105466
105466
106467
106467
106468
106468
107470
107471
107471
107471
108469
108474
109472
109472
109473
109474
110476
110476
110477
110477
111479
111480
111481
111481
112483
112483
112485
112485
113484
113484
113484
113484
113484
113484
114486
114486
115493
115494
115501
115501
