176 -0.1082716
176 0.46633625
176 1.1175594
176 1.4623241
176 1.1175594
260 0.9643307
260 1.0792522
260 2.3433905
260 2.1901617
277 0.84940815
349 0.8494091
349 1.4240179
349 2.9946136
369 3.1095352
372 1.9220114
392 1.8070898
412 2.228469
432 2.7647696
452 1.3090963
472 0.15987873
492 0.7727947
512 1.9220114
532 2.3816977
552 1.6155539
572 1.3857107
592 1.6921682
612 1.9986258
632 1.9986258
652 1.1941738
672 0.4663372
692 1.4623251
712 2.1135473
732 1.8837042
752 1.1941738
772 0.9260235
792 1.1941738
812 1.7687817
832 1.9220114
852 1.6155529
872 1.2707882
892 1.424017
912 1.8837042
932 2.1518545
952 1.7687817
972 1.6921673
992 1.6155529
1012 1.8837042
1032 2.1901617
1052 1.9986258
1072 1.9986258
1092 1.7687826
1112 1.5389385
1132 1.8070889
1152 1.7304754
1172 1.845397
1192 1.6155539
1212 1.7304754
1232 1.7304754
1252 1.845397
1272 1.9220114
1292 1.6538601
1312 1.424017
1332 1.4623241
1352 1.8070889
1372 1.7304754
1392 1.7304754
1412 1.845397
1432 1.5772457
1452 1.9603186
1472 1.9220114
1492 1.6155539
1512 1.7304754
1532 1.8070898
1552 1.7687826
1572 1.9603186
1592 1.9986258
1627 1.7687826
1632 1.4623241
1652 1.6155529
1672 1.8070898
1693 1.6921682
1712 1.7304754
1732 1.5389385
1752 1.424017
1772 1.6538601
1792 1.845396
1812 1.9220114
1832 1.8837042
1852 1.6921673
1872 1.5389395
1893 1.7304754
1912 1.4623241
1932 1.5006313
1952 1.7687826
1972 1.5772457
1992 1.424017
2012 1.5389395
2032 1.653861
2052 1.6155529
2072 1.6538601
2092 1.6921673
2113 1.6538601
2132 1.8070898
2152 1.9603186
2172 1.9986258
2192 1.9603186
2212 1.8837042
2232 1.5389385
2252 1.5772467
2272 1.9986258
2292 1.845397
2312 1.8070889
2332 1.424017
2352 1.6155539
2372 1.653861
2392 1.845397
2412 1.7687826
2433 1.7304754
2452 1.7687826
2472 1.6921673
2492 1.8837042
2512 1.7304745
2533 1.7687826
2552 1.9986258
2574 1.9603186
2592 1.845397
2612 2.228469
2634 2.2284698
2652 2.458312
2672 2.841385
2692 2.3816986
2712 1.6155529
2732 1.7304754
2752 2.1901617
2772 1.845397
2792 2.9563074
2812 3.1861506
2832 2.9179993
2852 2.7264633
2872 2.458312
2892 2.4200048
2912 2.266776
2932 2.1901617
2952 2.1135473
2972 1.9603186
2992 2.4966192
3012 2.4200048
3032 2.4200048
3053 2.1518545
3072 2.228469
3092 1.6921682
3112 2.1901617
3132 3.1861496
3152 2.6115417
3172 1.8070889
3192 2.228469
3212 2.9179983
3232 2.9179993
3252 2.649849
3272 3.071228
3292 3.5309153
3312 3.9522943
3334 4.4119806
3352 4.450288
3373 4.526903
3392 4.680131
3412 3.9522943
3432 3.1478415
3452 2.9946136
3473 3.3393784
3492 3.3393793
3512 2.4966192
3532 2.3816986
3552 3.2244568
3574 3.3010712
3592 2.7647696
3612 1.232482
3632 0.23649311
3652 -0.41472912
3672 -0.6445732
3692 -0.6445732
3712 -0.37642288
3732 0.12157154
3752 0.38972187
3772 0.8494091
3792 1.3474026
3812 1.232481
3832 1.5006323
3852 2.3816977
3872 3.6075296
3892 3.8373728
3912 3.3776865
3932 3.3010721
3952 4.641824
3972 5.6378126
3992 6.365649
4012 6.6337996
4032 5.7910414
4052 3.87568
4072 4.9865904
4093 5.3696613
4113 3.684144
4132 1.9986258
4152 1.7304754
4172 1.9603186
4192 0.38972187
4212 -1.3724108
4232 -1.4873323
4252 -0.797801
4272 -0.6445732
4292 -0.14657879
4312 0.35141468
4332 0.15987873
4352 0.5046444
4372 0.5812588
4392 0.7344866
4412 1.1175594
4432 1.1558666
4452 1.845397
4472 2.3050833
4492 2.8030777
4512 3.2244577
4532 3.87568
4552 4.871668
4572 4.8333597
4592 3.3393784
4613 3.6458368
4632 5.293048
4652 4.7950525
4672 3.4543009
4692 2.6881552
4712 2.7264633
4732 2.1901617
4752 0.61956596
4772 -0.7211876
4792 -1.9853258
4812 -2.6748562
4832 -2.5216274
4853 -1.9087114
4872 -1.9087114
4892 -1.7171755
4912 -0.797802
4932 0.04495716
4952 1.5006323
4972 2.9946136
4992 3.684144
5012 3.5309153
5034 3.9906015
5052 4.7567463
5072 5.5995054
5092 5.522891
5112 3.3776865
5133 3.9906015
5152 6.0591917
5172 4.5652094
5192 2.649849
5212 1.232481
5232 1.0792513
5252 0.27480125
5272 -1.0659523
5292 -1.5639467
5312 -1.7171755
5332 -1.2574892
5352 -1.3341036
5373 -1.410718
5392 -0.797802
5412 -0.14657879
5432 0.35141468
5453 0.88771534
5472 0.54295063
5492 1.1941738
5512 2.036933
5532 3.071228
5553 3.9139872
5572 5.101511
5592 4.909976
5612 3.2244568
5632 4.258753
5652 6.518878
5672 5.484583
5692 3.684144
5712 1.845397
5732 1.3474026
5752 0.38972187
5772 -2.0236335
5792 -2.5982413
5812 -1.5256395
5832 -0.4913435
5852 -0.7211876
5872 -1.5256395
5892 -1.3724108
5912 -0.22319317
5932 1.2707882
5952 2.3816977
5972 2.9563065
5992 2.9946136
6012 3.4543009
6032 4.450289
6052 5.5995054
6074 6.2507277
6092 6.0591917
6112 3.6458368
6132 3.1095352
6152 5.3696623
6172 5.101511
6192 3.3393784
6212 1.7304754
6232 1.1558666
6252 0.9260235
6272 -0.22319317
6292 -1.3341026
6312 -2.1385546
6332 -3.5176153
6352 -3.0579286
6372 -2.4450126
6393 -1.9087114
6412 -1.6405611
6432 -0.797802
6452 0.6578722
6472 2.0752401
6493 3.2244577
6512 3.7607584
6533 3.5692225
6552 3.7224512
6572 4.258752
6592 5.2547407
6612 4.0289087
6632 5.0248966
6652 6.135806
6672 4.258752
6692 2.7647696
6712 1.040945
6732 -0.26150036
6752 0.50464344
6772 0.19818592
6792 -0.8361082
6813 -1.3724098
6832 -1.6405611
6853 -1.6405611
6872 -0.7594938
6892 0.08326435
6913 0.65787315
6932 0.46633625
6952 1.3090954
6972 2.458312
6992 3.1478424
7012 3.3776855
7032 3.7990656
7052 4.526903
7072 4.909975
7092 4.0289087
7112 3.5309153
7132 5.67612
7152 4.7950535
7172 3.0329208
7192 1.9986258
7212 1.7304745
7232 1.3090963
7252 0.19818592
7272 -1.2957954
7292 -2.0236335
7312 -1.3341026
7333 -1.0276451
7352 -0.7594948
7372 -0.5296507
7392 -0.37642193
7412 -0.33811474
7433 0.8111019
7452 0.9643307
7472 1.5389395
7492 1.8837042
7512 2.5732336
7532 2.9946136
7552 3.5692225
7572 4.1438303
7593 4.1438303
7612 2.7647696
7632 4.526903
7652 4.1438313
7672 1.845397
7692 0.8877163
7712 0.12157154
7732 0.8494091
7753 0.31310844
7772 -1.2574883
7792 -1.7171755
7812 -1.219182
7832 -0.5296507
7853 -0.03165722
7872 -0.33811474
7892 -1.0276451
7912 -1.4873323
7932 -0.5296507
7953 0.9643307
7972 2.0752401
7992 2.266776
8012 2.5732336
8032 2.9946136
8052 3.9906015
8072 4.718438
8092 3.7224512
8112 2.3816986
8132 4.680132
8152 5.063204
8172 2.9563065
8192 1.7687826
8212 1.4240179
8232 0.5812578
8252 -0.606266
8272 -0.91272354
8292 -1.0659523
8312 -0.60626507
8333 -0.60626507
8352 -1.0276451
8373 -0.91272354
8392 -0.8361082
8412 -0.33811474
8432 -0.14657879
8452 -0.45303726
8474 -0.18488598
8492 0.69618034
8512 1.3474026
8532 1.653861
8552 1.9986258
8572 2.4966192
8592 3.0329218
8612 2.9179993
8632 2.6881561
8652 4.3736734
8672 4.1821375
8692 2.6115417
8712 1.3857098
8732 0.8877163
8752 0.7344866
8772 -0.49134445
8794 -1.4873314
8812 -1.2574883
8832 -0.26150036
8852 0.42802906
8872 0.23649311
8893 0.2748003
8912 0.619565
8932 0.8877163
8952 1.3090963
8972 1.9986258
8992 2.5349264
9012 2.6115408
9032 2.7264624
9052 3.2244568
9072 3.6458368
9092 4.450289
9112 4.9865904
9132 3.5692225
9152 2.7647705
9172 5.101511
9192 4.105523
9212 2.0752401
9232 0.6961794
9252 -0.06996441
9272 -1.3341036
9292 -1.8320975
9313 -1.832097
9332 -1.410718
9352 -1.1808739
9372 -0.91272354
9392 -0.7211876
9413 -0.87441635
9432 -0.91272354
9452 -0.5296507
9472 -0.606266
9492 0.19818592
9512 1.040945
9532 1.6921682
9552 2.458313
9572 2.649849
9592 2.9563065
9612 3.5692225
9632 3.87568
9652 2.0752401
9672 2.5732346
9692 4.4119806
9712 4.718439
9733 2.649849
9752 1.4623241
9772 1.8837042
9792 1.7304754
9812 0.4663372
9833 -0.5679579
9852 -1.1042595
9872 -0.797802
9892 -0.83610916
9912 -0.7594948
9932 -0.49134445
9952 0.08326435
9972 0.8111019
9992 1.5772467
10012 1.7304754
10032 1.9603186
10052 3.1478424
10072 3.6458368
10092 3.8373728
10112 3.9522943
10132 4.258752
10152 4.488595
10172 2.5732336
10192 0.5812588
10212 2.6881552
10232 4.6035175
10253 3.2244568
10272 1.040946
10292 0.50464344
10312 -0.1082716
10332 -1.410717
10352 -1.9087114
10372 -2.138555
10392 -2.1768622
10412 -1.8704042
10432 -1.4490242
10452 -0.9893379
10472 -0.5679579
10492 -0.1082716
10512 0.5429516
10532 0.8494091
10552 0.8877163
10573 1.2707882
10592 1.6155539
10612 2.3050833
10632 3.071229
10652 3.492608
10673 2.1518545
10692 1.3857098
10712 3.1095352
10732 3.9906015
10752 4.6035175
10773 3.2244568
10792 2.649848
10812 2.3050833
10832 1.0792532
10852 0.006649971
10872 -1.3341026
10892 -2.2534766
10912 -2.4067054
10932 -1.8704042
10952 -1.0276451
10972 -0.1082716
10992 0.2748003
11012 0.69618034
11032 0.8111019
11052 0.77279377
11072 0.9260235
11093 1.232481
11112 1.845397
11132 2.1518545
11152 2.036933
11172 1.2707882
11194 1.0792522
11212 2.7264633
11232 3.7990656
11252 3.3010712
11272 1.5389385
11292 0.8877163
11312 1.1941738
11332 1.040945
11352 0.35141468
11372 0.15987968
11392 0.23649311
11412 0.42802906
11432 0.38972187
11452 -0.29980755
11472 -0.37642288
11492 -0.45303726
11512 -0.41472912
11532 -0.29980755
11552 -0.18488598
11572 -0.64457226
11592 -0.7211876
11613 0.42802906
11632 1.653861
11652 1.845397
11672 1.5006313
11692 2.228469
11713 2.266777
11732 1.8070889
11752 1.653861
11772 1.424017
11792 1.232482
11812 1.653861
11832 1.5772467
11852 1.1941738
11872 1.040945
11892 1.2707891
11912 1.1558666
11932 1.1558666
11952 1.1558676
11972 1.2707882
11992 1.4623241
12012 2.3050833
12032 1.5389395
12052 1.4623241
12072 1.5389395
12092 1.5772467
12112 1.6155529
12132 1.6921673
12152 1.7304754
12172 1.6155539
12192 1.232482
12212 0.9643307
12233 1.0792522
12252 1.4623241
12272 1.7687826
12292 1.7687826
12312 1.6921682
12332 1.5772467
12352 1.7687817
12372 1.7304745
12392 1.3857098
12412 1.232482
12432 1.653861
12452 1.5389385
12472 1.5772457
12492 1.7687817
12512 1.7304754
12532 1.2707882
12552 1.1175594
12572 1.1558666
12592 1.5006313
12612 1.5389395
12632 1.2707891
12653 1.5772467
12672 1.7304754
12692 1.9220114
12712 2.1518545
12732 1.653861
12753 1.3857107
12772 1.5006313
12792 1.424017
12812 1.3090963
12832 1.6921682
12852 2.1901617
12872 2.1518545
12892 1.9220114
12912 1.3857107
12932 0.9643316
12952 0.7344866
12973 0.8494091
12992 0.9260225
13012 0.77279377
13032 0.77279377
13052 0.84940815
13073 1.1175604
13092 0.77279377
13112 0.6961794
13132 0.9260235
13152 1.1175604
13174 1.4240179
13192 1.3090963
13212 1.5389395
13232 1.5389395
13252 1.8070898
13272 1.6155529
13292 1.5772467
13312 1.5772467
13332 1.4623251
13352 1.1941748
13372 1.0026388
13392 1.1558676
13412 1.1558666
13432 1.3090954
13452 1.2707882
13472 1.653861
13496 1.232482
13557 0.81110096
13557 0.7344866
13557 1.1558666
13587 1.3857107
13594 1.6155539
13619 1.3474035
13632 1.5006313
13652 1.3090954
13688 1.9220114
13692 1.9986258
13712 1.5006313
13732 1.424017
13752 1.3857098
13772 1.5772467
13792 1.5772457
13812 1.4623241
13832 1.6921673
13852 1.6155539
13872 1.3857107
13892 1.3090963
13913 1.1558676
