992 1.8523618
1012 1.8628091
1032 1.855844
1052 1.8175368
1072 1.8245021
1092 1.8175372
1112 1.8279846
1132 1.8140546
1152 1.7827125
1172 1.7757474
1192 1.744405
1212 1.7130628
1232 1.7060978
1252 1.7060978
1272 1.7060977
1292 1.6956502
1312 1.7165451
1332 1.7026153
1352 1.72351
1372 1.730475
1392 1.7026153
1412 1.7095802
1432 1.7444053
1452 1.772265
1472 1.7861949
1492 1.8105721
1512 1.8140546
1532 1.7792298
1552 1.7827125
1572 1.7687825
1592 1.7478877
1627 1.7583351
1632 1.7409226
1652 1.7060978
1672 1.6956502
1693 1.6852027
1712 1.6782379
1732 1.6886853
1752 1.70958
1772 1.7026153
1792 1.6956502
1812 1.6747552
1832 1.6538604
1852 1.6747555
1872 1.6886852
1893 1.6677903
1912 1.6399307
1932 1.6155534
1952 1.5911762
1972 1.5876937
1992 1.6016234
2013 1.5946583
2032 1.6260009
2052 1.6677905
2072 1.6886853
2092 1.72351
2113 1.7652997
2132 1.7652997
2152 1.7583348
2172 1.7931598
2192 1.8105721
2212 1.8210194
2232 1.8001246
2252 1.7827121
2272 1.7548527
2292 1.7409228
2312 1.7235104
2332 1.7095805
2352 1.7304753
2372 1.7409226
2392 1.7304753
2412 1.7200278
2433 1.7165455
2452 1.7687825
2472 1.8001248
2492 1.8175372
2512 1.8523618
2533 1.8941516
2552 1.9603184
2574 2.0578277
2592 2.1205125
2612 2.0961351
2634 2.0961351
2652 2.1344423
2672 2.1205125
2692 2.2110567
2712 2.3329432
2732 2.3956282
2752 2.4409003
2772 2.4409003
2792 2.4025931
2812 2.3921456
2832 2.4443831
2852 2.4792078
2872 2.458313
2892 2.517515
2912 2.46876
2932 2.3991106
2952 2.3294609
2972 2.2841887
2992 2.2145393
3012 2.1936445
3032 2.2772238
3053 2.315531
3072 2.287671
3092 2.3120482
3112 2.3503556
3132 2.3956277
3152 2.4165227
3172 2.500102
3192 2.6185064
3212 2.8239722
3232 3.0259554
3252 3.140877
3272 3.315001
3292 3.5761864
3312 3.7328978
3334 3.7537932
3352 3.7607582
3373 3.8234427
3392 3.84782
3412 3.7537928
3432 3.6110115
3452 3.5030549
3473 3.3985808
3492 3.2383866
3512 2.9249642
3532 2.5871642
3552 2.263294
3574 1.9324588
3592 1.5702813
3612 1.2324811
3632 1.0165677
3652 0.83547884
3672 0.6195654
3692 0.4419592
3712 0.30266026
3732 0.32703754
3752 0.52205616
3772 0.88771605
3792 1.2951657
3812 1.6608256
3832 1.9951432
3852 2.4060752
3872 2.8831747
3892 3.384651
3912 3.8652327
3932 4.2796474
3952 4.4955606
3972 4.732369
3992 4.892563
4012 4.878633
4032 4.753264
4052 4.6104827
4072 4.3667088
4093 3.88961
4113 3.1861503
4132 2.4478652
4152 1.8488797
4172 1.4379474
4192 0.97129554
4212 0.5150913
4232 0.19470353
4252 0.05888705
4272 -0.045587193
4292 -0.15702647
4312 -0.09085941
4332 0.13898398
4352 0.44195938
4372 0.7240398
4392 1.0374626
4412 1.3439205
4432 1.6643082
4452 2.0926526
4472 2.4861724
4492 2.7369103
4512 3.0015786
4532 3.3811684
4552 3.7120035
4572 3.8582673
4592 3.8930922
4613 3.8861272
4632 3.7921004
4652 3.4960902
4672 2.9876482
4692 2.367768
4712 1.8210194
4732 1.2603409
4752 0.6056356
4772 -0.0037975311
4792 -0.47393176
4812 -0.79083693
4832 -1.0346103
4853 -1.0972947
4872 -0.8813813
4892 -0.4808966
4912 0.020579858
4932 0.6265306
4952 1.2882009
4972 1.9707662
4992 2.6463664
5012 3.1095355
5034 3.5448449
5052 4.0915937
5072 4.3701916
5092 4.338849
5112 4.115971
5133 3.8930917
5152 3.5552917
5172 3.0259554
5192 2.374733
5212 1.7165451
5232 1.2951655
5252 0.8111015
5272 0.13201879
5292 -0.3555277
5312 -0.6097484
5332 -0.6898453
5352 -0.7072577
5373 -0.68288046
5392 -0.4774145
5412 -0.15006179
5432 0.28524762
5453 0.7553818
5472 1.3404378
5492 1.9150463
5512 2.2807062
5532 2.681191
5553 3.2418692
5572 3.6597664
5592 3.9453292
5612 4.0045314
5632 3.9418473
5652 3.698074
5672 3.1582906
5692 2.4583127
5712 1.8732567
5732 1.5354565
5752 1.0827346
5772 0.35141486
5792 -0.27194822
5812 -0.62716067
5832 -0.6793978
5852 -0.585371
5872 -0.35204515
5892 0.104159094
5912 0.6543903
5932 1.1976565
5952 1.75137
5972 2.3851805
5992 3.0747108
6012 3.530915
6032 3.8338904
6052 4.2065153
6074 4.4537706
6092 4.4885955
6112 4.373674
6132 4.164726
6152 3.8443382
6172 3.3150022
6192 2.6254714
6212 1.8802216
6232 1.2289988
6252 0.6683202
6272 -0.04210472
6292 -0.67939764
6312 -1.1321194
6332 -1.3619629
6352 -1.4072351
6372 -1.3027608
6393 -0.9893379
6412 -0.5261688
6432 -0.007280003
6452 0.6509079
6472 1.3160605
6493 2.0160384
6512 2.555822
6533 3.1617723
6552 3.7921007
6572 4.119453
6592 4.1821375
6612 3.9836364
6632 3.6179764
6652 3.3393784
6672 3.0189905
6692 2.5558214
6712 1.9533535
6732 1.4379469
6752 0.8319965
6772 0.20515104
6792 -0.17443873
6813 -0.36597478
6832 -0.41821194
6853 -0.2754305
6872 -0.09782427
6892 0.17032632
6913 0.5533985
6932 1.0235326
6952 1.5842112
6972 2.1797144
6992 2.6150239
7012 2.9284468
7032 3.384651
7052 3.7781706
7072 3.9348817
7092 3.8930922
7112 3.7642405
7132 3.5761878
7152 3.2488344
7172 2.719498
7192 2.0891702
7212 1.6016234
7232 1.1872089
7252 0.60215324
7272 0.1180892
7292 -0.19185105
7312 -0.404282
7333 -0.48786134
7352 -0.51920366
7372 -0.39731696
7392 -0.108271554
7412 0.30962545
7433 0.7031451
7452 1.1210421
7472 1.566799
7492 1.9916607
7512 2.2772238
7532 2.7194982
7552 3.0224733
7572 3.1025705
7593 3.0433683
7612 2.8831747
7632 2.726463
7652 2.4826899
7672 2.043898
7692 1.5110797
7712 1.0235327
7732 0.72404003
7753 0.30962545
7772 -0.097824186
7792 -0.35900983
7812 -0.57492334
7832 -0.63412535
7853 -0.62367797
7872 -0.46348417
7892 -0.14309649
7912 0.2469407
7932 0.63001305
7953 1.040945
7972 1.4727719
7992 1.841914
8012 2.1518545
8032 2.7125332
8052 3.2209742
8072 3.4020631
8092 3.3742034
8112 3.2975893
8132 3.1165006
8152 2.7891474
8172 2.3433907
8192 1.8175372
8212 1.4240175
8232 1.1523845
8252 0.63349557
8272 0.09022947
8292 -0.2545355
8312 -0.44607162
8333 -0.5888531
8352 -0.68288
8373 -0.6445727
8392 -0.4983087
8412 -0.2789128
8432 -0.073446795
8452 0.16336146
8474 0.48374912
8492 0.8424442
8512 1.1837267
8532 1.4588422
8552 1.8697742
8572 2.2911537
8592 2.5453744
8612 2.6080587
8632 2.5662692
8652 2.4826896
8672 2.2563288
8692 1.8941516
8712 1.5041143
8732 1.2150689
8752 1.0096027
8772 0.6334954
8794 0.27828294
8812 0.09719415
8832 0.05192202
8852 0.090229295
8872 0.20515104
8893 0.48026657
8912 0.8528913
8932 1.2150687
8952 1.5319737
8972 1.8245018
8992 2.2075741
9012 2.6359186
9032 2.9040694
9052 3.0747106
9072 3.4194753
9092 3.6110117
9112 3.5692222
9132 3.3950982
9152 3.1408777
9172 2.7264633
9192 2.228469
9212 1.657343
9232 1.0757695
9252 0.6439428
9272 0.30962512
9292 -0.21971117
9313 -0.67243296
9332 -0.944066
9352 -1.0555052
9372 -1.1042597
9392 -0.9649608
9413 -0.70377505
9432 -0.3833873
9452 -0.03165722
9472 0.3165903
9492 0.6683203
9512 1.0583576
9532 1.4901844
9552 1.7618176
9572 2.043898
9592 2.5001023
9612 2.9110343
9632 3.0572982
9652 3.0364034
9672 2.9841661
9692 2.9005868
9712 2.674226
9733 2.2981188
9752 1.8453972
9772 1.5842115
9792 1.2742711
9812 0.8041369
9833 0.33052018
9852 0.09719432
9872 0.037992302
9892 0.01013253
9912 0.01013253
9932 0.14594902
9952 0.48374903
9972 0.915576
9992 1.3369555
10012 1.772265
10032 2.2284691
10052 2.6811907
10072 2.9075515
10092 2.8866568
10112 2.9876482
10132 3.2488341
10153 3.3637557
10172 3.1722198
10192 2.8866568
10212 2.5279617
10232 2.0404153
10253 1.479737
10272 0.87726873
10292 0.44544184
10312 0.2225634
10332 -0.15354382
10352 -0.6619852
10372 -1.0067502
10392 -1.1112245
10412 -1.107742
10432 -1.0206801
10452 -0.8117316
10472 -0.5226862
10492 -0.18140355
10512 0.22604604
10532 0.6752854
10552 1.1245247
10573 1.4100877
10592 1.5876938
10612 1.8802218
10632 2.1936445
10652 2.534927
10673 2.747358
10692 2.8727267
10712 2.9354117
10732 2.8239725
10752 2.5453744
10773 2.1065826
10792 1.7060978
10812 1.3613327
10832 0.9086109
10852 0.45240676
10872 0.02406233
10892 -0.24408826
10912 -0.4216944
10932 -0.5575109
10952 -0.58537084
10972 -0.5017914
10992 -0.26846564
11012 0.10415923
11032 0.51857376
11052 0.8737862
11072 1.0827347
11093 1.1906915
11112 1.4135699
11132 1.6956502
11152 1.9220113
11172 1.9916607
11194 1.9881783
11212 1.9846958
11232 1.9115639
11252 1.7478874
11272 1.5772461
11292 1.4832195
11312 1.4240173
11332 1.2115862
11352 0.8389614
11372 0.5046438
11392 0.32355508
11412 0.20515095
11432 0.06933446
11452 -0.04210472
11472 -0.13264899
11492 -0.21274601
11512 -0.19533366
11532 -0.08389438
11552 0.04843972
11572 0.21211599
11592 0.44892433
11613 0.69618016
11632 0.8981636
11652 1.0757699
11672 1.2220337
11692 1.392675
11713 1.6085885
11732 1.713063
11752 1.6712731
11772 1.5981412
11792 1.5772465
11812 1.479737
11832 1.3787452
11852 1.3195434
11872 1.2847185
11892 1.288201
11912 1.3857102
11932 1.3752627
11952 1.3648152
11972 1.3961576
11992 1.4449123
12012 1.4762546
12032 1.5250092
12052 1.5772462
12072 1.6190358
12092 1.6155534
12112 1.5702815
12132 1.4588422
12152 1.4518771
12172 1.479737
12192 1.5006318
12212 1.5110793
12233 1.5075969
12252 1.5145618
12272 1.5145618
12292 1.4936669
12312 1.4936669
12332 1.5563514
12352 1.5981411
12372 1.6085885
12392 1.6085885
12412 1.605106
12432 1.5667987
12452 1.5250088
12472 1.4692893
12492 1.4483945
12512 1.4623245
12532 1.465807
12552 1.458842
12572 1.4762546
12592 1.5075969
12612 1.5424215
12632 1.5354565
12653 1.5459042
12672 1.5807289
12692 1.6051062
12712 1.587694
12732 1.6016239
12753 1.6852032
12772 1.7374402
12792 1.7548527
12812 1.7060981
12832 1.5981414
12852 1.5145618
12872 1.4658071
12892 1.4135699
12912 1.3543679
12932 1.305613
12952 1.2289985
12973 1.1314893
12992 1.0061202
13012 0.8946809
13032 0.85289115
13052 0.86682105
13073 0.9295057
13092 0.9712954
13112 1.0270152
13132 1.0966648
13152 1.1906917
13174 1.2603412
13192 1.3021308
13212 1.375263
13232 1.4449126
13252 1.4692899
13272 1.4588425
13292 1.4344653
13312 1.4205352
13332 1.3996403
13352 1.375263
13372 1.361333
13392 1.3265084
13412 1.2568588
13432 1.1802443
13452 1.1523844
13472 1.1697968
13496 1.2255163
13557 1.2429286
13557 1.2742709
13557 1.2742709
13587 1.3334731
13594 1.3648152
13619 1.3891925
13632 1.4449121
13652 1.5041143
13688 1.5424215
13692 1.5598339
13712 1.5459038
13732 1.5772458
13752 1.5876935
13772 1.5946586
13792 1.538939
