777 1.9402944
779 1.9646717
838 1.9655422
838 1.9585773
838 1.9402944
838 1.9045993
839 1.8662918
839 1.8445262
855 1.831467
863 1.8218904
873 1.8149254
878 1.8001248
890 1.781842
898 1.7705238
910 1.7618176
921 1.7618176
929 1.7740062
940 1.7905482
948 1.7957718
961 1.7774887
973 1.7409228
979 1.6939094
989 1.6529903
998 1.6199067
1010 1.5955292
1022 1.5737637
1029 1.552869
1040 1.5354565
1048 1.5250092
1060 1.5180442
1073 1.5154324
1079 1.5241386
1090 1.5371978
1098 1.5589634
1110 1.5903057
1122 1.626872
1129 1.6669204
1139 1.7026156
1148 1.742664
1160 1.7922894
1170 1.8506206
1179 1.9124348
1188 1.9698955
1198 2.025615
1208 2.0586984
1223 2.052604
1230 2.0134263
1241 1.9655426
1248 1.9211411
1259 1.8558446
1271 1.7626884
1280 1.6503787
1289 1.521527
1298 1.3813572
1309 1.251635
1321 1.1506432
1331 1.0931824
1340 1.0801231
1348 1.0783817
1359 1.0574868
1371 1.0209208
1380 0.9834841
1389 0.9547537
1398 0.9504007
1411 0.98348427
1422 1.036592
1430 1.0957941
1439 1.1332307
1448 1.1367131
1459 1.1436782
1471 1.194174
1480 1.2812359
1489 1.377004
1498 1.5006318
1509 1.614683
1521 1.6869441
1529 1.740052
1539 1.7653
1549 1.7548527
1559 1.752241
1571 1.7409228
1580 1.6912974
1592 1.6460255
1599 1.6312249
1610 1.6094596
1619 1.5920472
1628 1.5798587
1638 1.5389394
1648 1.4579719
1659 1.3578508
1672 1.2411878
1679 1.1358428
1689 1.0618402
1698 0.97739005
1710 0.87117445
1723 0.8650801
1729 0.86159766
1740 0.9164466
1748 1.0278858
1760 1.2081039
1775 1.4423003
1780 1.6660492
1793 1.8297257
1798 1.9341998
1810 2.0125556
1823 2.0804641
1848 2.0264857
1850 1.9368116
1850 1.7731354
1871 1.579858
1886 1.3726507
1886 1.1793734
1892 1.0400745
1904 0.9843549
1909 1.0017673
1918 1.0600988
1928 1.1323601
1943 1.1967859
1948 1.278624
1960 1.3717803
1969 1.4483948
1979 1.516303
1990 1.5824699
1998 1.6338364
2009 1.6338366
2023 1.5833408
2028 1.5258796
2039 1.4649364
2048 1.4013811
2061 1.3421791
2073 1.30126
2079 1.282977
2091 1.2725296
2098 1.2699177
2109 1.2699177
2120 1.2786238
2128 1.298648
2140 1.3038716
2148 1.3125778
2159 1.3517557
2170 1.4092166
2178 1.4544888
2191 1.4779954
2198 1.4893135
2209 1.4771248
2220 1.4440414
2228 1.4048635
2241 1.3648151
2248 1.3256373
2259 1.2847183
2270 1.2377048
2278 1.1941738
2291 1.1654434
2298 1.1401955
2308 1.1149476
2320 1.0923115
2328 1.0679342
2341 1.0435569
2348 1.022662
2360 1.0104734
2371 1.0017673
2378 0.99131984
2390 0.97913116
2398 0.96781313
2408 0.9660719
2420 0.9747781
2428 0.9974142
2440 1.0435569
2448 1.1088532
2458 1.1915619
2468 1.276012
2479 1.3421788
2489 1.3918041
2498 1.4318525
2508 1.4719009
2518 1.5163025
2528 1.5563508
2543 1.5859519
2548 1.6120704
2558 1.6303535
2568 1.6355771
2579 1.6364478
2590 1.6477658
2598 1.6616956
2608 1.6669194
2619 1.6582131
2629 1.6408008
2639 1.6172942
2648 1.594658
2658 1.5624452
2668 1.5302323
2679 1.494537
2689 1.4571004
2698 1.4222757
2709 1.3952866
2718 1.380486
2856 1.3674268
2856 1.3447907
2856 1.3334727
2856 1.3334727
2856 1.3491439
2856 1.3787448
2856 1.4092164
2857 1.4257582
2857 1.42837
2857 1.4266288
2857 1.4257582
2857 1.4370764
2857 1.4640656
2874 1.4867016
2874 1.5015022
2881 1.5006315
2890 1.4867016
2899 1.4814779
2908 1.4901841
2928 1.5084671
2928 1.5215263
2949 1.5267501
2949 1.524138
2958 1.5110787
2970 1.4927958
2981 1.4736422
2994 1.4614536
2999 1.4536179
3012 1.4405587
3019 1.4266288
3029 1.4135696
3041 1.4048634
3050 1.4013809
3060 1.4013809
3069 1.4066046
3080 1.4161814
3090 1.4318525
3099 1.4492649
3111 1.4658066
3119 1.4814777
3131 1.4971489
3144 1.5110787
3149 1.5258793
3159 1.5398091
3170 1.5502566
3181 1.560704
3193 1.5659276
3199 1.5572215
3212 1.5493859
3221 1.5406798
3229 1.5380679
3245 1.5415504
3251 1.5519978
3265 1.5554802
3270 1.5502566
3281 1.5380679
3291 1.5276204
3299 1.5223968
3311 1.5293617
3319 1.531103
3331 1.5276204
3340 1.5154319
3349 1.49889
3359 1.4840896
3370 1.4840896
3381 1.4927958
3394 1.5032432
3398 1.5058551
3411 1.5049844
3419 1.5015019
3431 1.4997607
3441 1.5006313
3448 1.49889
3461 1.494537
3469 1.4814777
3481 1.4640654
3494 1.4501355
3499 1.4457824
3512 1.4492649
3519 1.4562298
3531 1.4588417
3544 1.4579711
3548 1.4579711
3563 1.4623241
3570 1.4684185
3581 1.4840896
3591 1.5032432
3602 1.5180436
3610 1.5267498
3619 1.5284911
3630 1.5267498
3639 1.524138
3649 1.5197849
3662 1.5136906
3669 1.5136906
3682 1.5206555
3692 1.5258793
3702 1.5250087
3711 1.5223968
3727 1.5206555
3733 1.5232674
3741 1.5250087
3751 1.5284911
3763 1.5284911
3770 1.5232674
3781 1.5058551
3792 1.4779953
3802 1.4449118
3809 1.4161814
3820 1.4109577
3831 1.4344645
3841 1.471901
3849 1.5154322
3861 1.5519981
3869 1.5833404
3882 1.614683
3891 1.6503781
3899 1.6930386
3909 1.7417932
3920 1.7957718
3928 1.8419144
3947 1.8645505
3948 1.8628093
3958 1.8427852
3969 1.8123134
3980 1.7888069
3992 1.8227608
3999 1.8932807
4009 1.9237525
4018 1.9089519
4030 1.8593268
4038 1.7827125
4048 1.7148042
4060 1.6669201
4068 1.6303539
4081 1.6112005
4089 1.6068473
4099 1.5728933
4111 1.4919257
4119 1.4161818
4131 1.3430499
4140 1.2760121
4149 1.221163
4161 1.1628317
4170 1.1158183
4181 1.080123
4194 1.057487
4202 1.0418159
4213 1.0244035
4225 1.0496515
4231 1.1393253
4245 1.2969073
4249 1.4884435
4260 1.6895565
4271 1.86368
4280 1.9368119
4293 1.9202702
4298 1.8445264
4308 1.8009956
4321 1.8131843
4329 1.8567153
4341 1.8993752
4352 1.908952
4360 1.8671626
4372 1.7679118
4379 1.6608258
4392 1.6251304
4398 1.655602
4410 1.7139335
4422 1.7087097
4430 1.6164238
4443 1.4588418
4448 1.264694
4461 1.0827346
4472 0.9721661
4479 0.9164465
4492 0.84592634
4498 0.73709905
4510 0.6369779
4519 0.5978
4529 0.6134712
4543 0.6543904
4548 0.70053333
4563 0.7597355
4571 0.81023145
4579 0.79281896
4591 0.73796993
4598 0.728393
4609 0.77192396
4619 0.82590234
4629 0.89903444
4643 0.961719
4648 1.0984061
4662 1.2673061
4689 1.3726509
4689 1.3839688
4689 1.3343436
4699 1.2481523
4711 1.1558667
4721 1.1288775
4730 1.1985271
4742 1.282977
4750 1.3700389
4761 1.3691682
4773 1.3169311
4779 1.2977775
4791 1.3622034
4800 1.5223972
4811 1.7470169
4819 1.970766
4831 2.114418
4842 2.1309595
4850 2.0447683
4861 1.9080814
4869 1.762688
4882 1.634707
4890 1.5284916
4899 1.4292411
4910 1.3386966
4919 1.2699177
4932 1.2229043
4945 1.1976564
4952 1.1976564
4961 1.2133275
4969 1.235093
4983 1.2525054
4990 1.2568586
4999 1.269918
5010 1.299519
5019 1.3317318
5031 1.3561091
5040 1.3735217
5049 1.3970283
5060 1.4257588
5071 1.430112
5082 1.3735217
5091 1.2472819
5103 1.0844761
5113 0.9251528
5119 0.79717183
5132 0.6987919
5142 0.6265306
5149 0.5681991
5161 0.51247954
5169 0.47591355
5182 0.49071407
5191 0.5769053
5199 0.7344875
5211 0.92950606
5219 1.1140772
5231 1.2734004
5240 1.4205351
5248 1.558093
5259 1.686074
5272 1.7940307
5280 1.8715156
5291 1.9176583
5300 1.9420357
5310 1.956836
5322 1.977731
5330 2.0369332
5340 2.156208
5352 2.2493644
5361 2.2737415
5369 2.2232454
5382 2.137925
5393 2.0761108
5404 2.084817
5413 2.1814559
5424 2.3303313
5443 2.4661481
5443 2.5357974
5455 2.5227385
5461 2.5279622
5470 2.5984824
5481 2.7299457
5493 2.8962338
5500 3.0790637
5511 3.2218454
5520 3.2679884
5529 3.2366462
5540 3.193115
5549 3.1582901
5561 3.1165006
5571 3.0520747
5580 2.97546
5593 2.9162576
5599 2.8648913
5612 2.7795706
5631 2.671614
5631 2.5854225
5643 2.5462446
5648 2.5384088
5662 2.5375383
5681 2.5418916
5681 2.5122907
5694 2.459183
5699 2.386051
5711 2.3120484
5719 2.255458
5729 2.220633
5742 2.2154098
5748 2.2371752
5762 2.270259
5769 2.297248
5780 2.3033423
5793 2.3416495
5798 2.4252288
5811 2.5619156
5820 2.7282043
5829 2.881433
5842 2.995484
5851 3.0625215
5861 3.1008286
5884 3.1487129
5884 3.2409987
5890 3.3872628
5903 3.5483274
5909 3.6649904
5919 3.715486
5929 3.732028
5941 3.767723
5948 3.8513021
5959 3.9801538
5969 4.109876
5980 4.205644
5990 4.240469
5998 4.233504
6015 4.1551485
6021 3.98799
6031 3.786006
6043 3.5753164
6050 3.3594031
6072 3.1391366
6073 2.8901396
6091 2.6002233
6091 2.2693884
6098 1.9115642
6112 1.5110797
6120 1.1323602
6131 0.8319967
6141 0.5864821
6149 0.38275728
6163 0.2173397
6169 0.08152311
6181 -0.022080595
6190 -0.08563571
6198 -0.111754246
6212 -0.095212415
6219 -0.032527838
6230 0.06149899
6241 0.16074952
6249 0.2277872
6262 0.23649336
6270 0.18686806
6281 0.1015475
6292 0.016226942
6300 -0.052551962
6313 -0.11088345
6320 -0.17530927
6332 -0.24931188
6340 -0.3241851
6352 -0.37816352
6364 -0.3668455
6370 -0.30241966
6380 -0.19794542
6391 -0.07605882
6399 0.038862836
6410 0.1537845
6419 0.29308346
6435 0.47852525
6450 0.70227426
6450 0.9521418
6464 1.2046213
6470 1.4109579
6481 1.575505
6490 1.7043564
6501 1.8305962
6512 1.9855666
6519 2.1718788
6531 2.38431
6541 2.6115415
6550 2.8474789
6562 3.0694869
6569 3.265376
6581 3.4360175
6594 3.5944703
6600 3.7363813
6611 3.8365023
6621 3.885257
6630 3.8957045
6641 3.8774214
6649 3.8443375
6660 3.8156073
6671 3.8077714
6679 3.8173485
6691 3.8243134
6709 3.8034189
6710 3.707651
6718 3.6040468
6731 3.4926078
6741 3.3628852
6749 3.2044327
6762 3.0094144
6769 2.775218
6781 2.4992316
6791 2.211057
6799 1.9463886
6811 1.7052273
6819 1.5171736
6831 1.3047427
6841 1.0600988
6849 0.78672445
6861 0.508997
6870 0.25564697
6881 0.043215927
6892 -0.10478921
6899 -0.19446295
6914 -0.24495879
6925 -0.25279436
6930 -0.21013407
6940 -0.11088354
6948 0.0475691
6960 0.26087067
6971 0.5351156
6983 0.8650801
6996 1.2159395
7000 1.5476452
7011 1.8497502
7019 2.1292188
7031 2.3860512
7041 2.630695
7048 2.9171286
7061 3.212268
7069 3.5082786
7081 3.7738175
7091 3.981025
7099 4.1386065
7112 4.268329
7119 4.376285
7130 4.474665
7138 4.5852337
7148 4.7018967
7159 4.7654524
7171 4.795924
7178 4.7941833
7195 4.764582
7200 4.7149563
7211 4.6470485
7221 4.5521507
7231 4.430264
7244 4.270941
7248 4.052416
7259 3.773818
7269 3.4534302
7281 3.1121476
7289 2.7595465
7299 2.4034631
7310 2.045639
7319 1.6912974
7331 1.356109
7339 1.0505217
7349 0.77105314
7361 0.5142206
7370 0.28350666
7385 0.07978188
7394 -0.10653054
7400 -0.30241975
7411 -0.5087564
7420 -0.7229286
7430 -0.92839456
7441 -1.1094832
7448 -1.254006
7460 -1.3541272
7469 -1.3985288
7481 -1.3915639
7489 -1.3480328
7499 -1.2801245
7511 -1.162591
7519 -0.9963028
7531 -0.7838717
7541 -0.518333
7549 -0.19881587
7560 0.15378475
7570 0.53424513
7583 0.932118
7591 1.3317319
7598 1.7287341
7611 2.1274774
7619 2.5340562
7630 2.9650126
7641 3.4273112
7649 3.8852568
7661 4.313601
7670 4.7158275
7680 5.0849695
7691 5.430605
7699 5.769276
7710 6.091405
7718 6.384804
7730 6.636412
7741 6.8166304
7748 6.84449
7760 6.7609105
7770 6.5763397
7781 6.2960005
7791 5.9320817
7802 5.4811015
7812 4.943059
7831 4.3423314
7832 3.7032974
7839 3.032921
7851 2.3433912
7860 1.711322
7869 1.1088535
7879 0.52815074
7891 -0.019468524
7900 -0.5192037
7910 -0.97453743
7923 -1.3732808
7929 -1.6954098
7940 -1.9348298
7949 -2.0863175
7959 -2.147261
7968 -2.1298487
7978 -2.040175
7988 -1.8791102
7998 -1.6597145
8009 -1.3819871
8019 -1.0232921
8029 -0.5975596
8041 -0.14048472
8049 0.32790825
8061 0.7919481
8069 1.2525054
8082 1.7252514
8090 2.2659059
8102 2.7891479
8110 3.2653763
8122 3.660637
8130 3.9862487
8139 4.2944474
8149 4.632248
8158 4.9952965
8171 5.3539906
8178 5.6865673
8190 5.967777
8198 6.125359
8208 6.231575
8221 6.297742
8228 6.337791
8240 6.3412733
8249 6.269011
8260 6.0905347
8269 5.8232546
8279 5.4985137
8288 5.1197944
8298 4.69145
8311 4.2221866
8318 3.727675
8329 3.245352
8339 2.802207
8348 2.393016
8362 2.0116851
8368 1.6512489
8379 1.3003894
8389 0.96345997
8398 0.64655477
8409 0.34967378
8419 0.08239382
8432 -0.14396702
8439 -0.35813922
8449 -0.5252981
8460 -0.660244
8470 -0.792578
8479 -0.9292651
8491 -1.0581168
8500 -1.1660736
8508 -1.2270169
8520 -1.213087
8529 -1.1242838
8540 -0.9693136
8549 -0.7394704
8558 -0.50266194
8569 -0.25801805
8580 0.004908822
8590 0.27567118
8599 0.54904556
8609 0.8302555
8620 1.119301
8629 1.4022521
8641 1.6677909
8648 1.9089522
8660 2.128348
8671 2.339038
8678 2.5314445
8691 2.7116625
8698 2.8892686
8709 3.05991
8721 3.226198
8728 3.3950982
8740 3.5796692
8752 3.7973244
8759 4.041968
8769 4.284
8778 4.4973016
8792 4.603517
8798 4.7001557
8809 4.77677
8821 4.8472905
8828 4.8986573
8840 4.905622
8849 4.8333607
8859 4.6557546
8871 4.369321
8879 4.007143
8894 3.6110115
8898 3.2801764
8912 2.9188697
8923 2.53928
8928 2.125736
8947 1.6582139
8950 1.1358427
8960 0.59605896
8970 0.08065259
8979 -0.3738104
8993 -0.75165904
8998 -1.0467988
9009 -1.2548766
9024 -1.3515153
9029 -1.388952
9042 -1.3010195
9049 -1.0955535
9059 -0.783872
9072 -0.3964466
9078 0.033639085
9091 0.48200768
9098 0.93124694
9109 1.367427
9122 1.7949008
9129 2.2580702
9142 2.7438753
9148 3.1687372
9159 3.5431037
9171 3.8861275
9178 4.2082562
9192 4.499043
9198 4.739334
9209 4.929129
9221 5.091064
9232 5.228622
9243 5.2773767
9248 5.3026247
9260 5.3278728
9271 5.3539906
9280 5.3583436
9293 5.3322253
9298 5.277376
9311 5.207727
9321 5.126759
9329 5.010096
9341 4.8438077
9354 4.6305065
9363 4.376286
9368 4.0785336
9379 3.7416048
9395 3.378557
9398 3.0024493
9412 2.640272
9420 2.2998598
9429 1.9672834
9439 1.6303538
9448 1.2794946
9463 0.90861094
9471 0.51422065
9478 0.070205085
9490 -0.3581394
9498 -0.76210654
9510 -1.1251546
9519 -1.4542485
9529 -1.754612
9538 -1.9957734
9549 -2.1272368
9645 -2.1019888
9645 -1.9113237
9645 -1.5900654
9645 -1.16085
9646 -0.7351175
9646 -0.3555276
9646 -0.049940284
9646 0.2112454
9646 0.479396
9648 0.7658296
9659 1.0470395
9670 1.2794948
9679 1.4536185
9698 1.6077182
9698 1.7983836
9719 2.078723
9719 2.461795
9744 2.9284468
9745 3.432535
9748 3.9165993
9759 4.344073
9769 4.7062507
9779 5.0057435
9789 5.229492
9798 5.3592143
9809 5.385333
9819 5.312201
9829 5.1763844
9840 5.0423093
9849 4.923034
9861 4.798536
9874 4.6574955
9887 4.4711833
9890 4.230892
9901 3.9627419
9908 3.6998148
9919 3.457783
9930 3.2296813
9938 3.0033202
9949 2.73517
9959 2.410429
9968 2.0560868
9982 1.6921681
9992 1.3413087
9998 1.0191798
10009 0.73100495
10018 0.47504303
10029 0.2539058
10040 0.07629958
10049 -0.059516992
10060 -0.16225
10070 -0.22232272
10080 -0.23277022
10089 -0.20142798
10099 -0.13003731
10110 -0.010762648
10123 0.16510244
10128 0.3932046
10138 0.6570022
10148 0.9434357
10158 1.2455405
10169 1.561575
10180 1.8889278
10190 2.222375
10198 2.5584338
10209 2.889269
10219 3.1844091
10230 3.4342763
10239 3.6571543
10252 3.8687148
10259 4.0576386
10269 4.21435
10283 4.351037
10289 4.4668303
10298 4.5469265
10309 4.582622
10318 4.5634685
10330 4.4981723
10339 4.375415
10353 4.1760435
10360 3.9035394
10371 3.5909874
10384 3.2618935
10389 2.915387
10399 2.552339
10409 2.1831968
10420 1.8314667
10429 1.5232679
10439 1.2681766
10450 1.0653224
10460 0.9033873
10470 0.7588646
10482 0.61173004
10490 0.46459553
10499 0.32877895
10512 0.20602165
10525 0.09371185
10532 -0.028174747
10544 -0.1822743
10552 -0.35030374
10561 -0.5087564
10575 -0.64196104
10582 -0.7281523
10594 -0.751659
10600 -0.72205794
10611 -0.6550203
10621 -0.55664027
10631 -0.4260474
10642 -0.25279418
10650 -0.02208016
10659 0.2582591
10669 0.573423
10680 0.9025169
10690 1.2115866
10700 1.4797372
10712 1.7060981
10725 1.9133054
10731 2.1187716
10743 2.3242376
10755 2.533186
10762 2.7639
10770 3.0024493
10784 3.2235863
10795 3.4238288
10802 3.6153648
10811 3.8077712
10825 4.00366
10831 4.17256
10843 4.293577
10850 4.321437
10861 4.3336253
10870 4.164726
10883 3.9096344
10894 3.606659
10900 3.28453
10911 2.9397652
10926 2.590647
10936 2.2380464
10942 1.8906692
10952 1.5607047
10961 1.2951659
10969 1.002638
10982 0.815455
10993 0.63610744
11000 0.44718316
11012 0.23475213
11020 0.011873678
11031 -0.22754651
11040 -0.4660961
11049 -0.6759153
11061 -0.8422035
11071 -0.9545134
11080 -1.0032681
11094 -0.9771494
11101 -0.87441635
11111 -0.70377505
11120 -0.47306105
11130 -0.19620427
11142 0.10764165
11149 0.41497013
11161 0.7109806
11169 1.002638
11181 1.2969072
11193 1.5937881
11199 1.8845748
11213 2.1605608
11222 2.4139109
11231 2.6202476
11241 2.776959
11250 2.8988457
11262 3.0102851
11269 3.1199827
11282 3.2244575
11293 3.3167427
11301 3.393357
11311 3.442982
11324 3.4569123
11332 3.4264405
11342 3.3620148
11349 3.2636352
11362 3.1173713
11369 2.9171288
11382 2.6759675
11395 2.3973694
11399 2.0856879
11411 1.7496291
11423 1.4031228
11431 1.0540045
11442 0.7188162
11450 0.41061714
11463 0.14420778
11469 -0.06561141
11482 -0.2223229
11493 -0.34682143
11500 -0.45739
11509 -0.57753545
11520 -0.7229288
11529 -0.8874758
11543 -1.053764
11549 -1.1991572
11563 -1.3053727
11572 -1.3645749
11582 -1.380246
11595 -1.373281
11600 -1.3602217
11611 -1.3219144
11620 -1.2409468
11632 -1.1112247
11644 -0.9440657
11652 -0.762977
11662 -0.5879826
11675 -0.411247
11682 -0.22319335
11690 -0.012503537
11701 0.23910531
11712 0.5290213
11720 0.8154549
11733 1.0809937
11740 1.3334731
11751 1.5885644
11761 1.8575855
11771 2.1448898
11779 2.4391592
11794 2.7290754
11799 2.9902608
11810 3.2053034
11821 3.3863924
11831 3.5570335
11843 3.7172272
11848 3.8425965
11860 3.9165993
11875 3.9401057
11882 3.910505
11892 3.8190897
11899 3.6641195
11912 3.4473352
11920 3.1704788
11932 2.8370316
11946 2.4809484
11950 2.1361837
11964 1.8236316
11975 1.5493865
11978 1.308225
11992 1.091441
11998 0.88423383
12012 0.66570854
12019 0.42541772
12031 0.16074966
12039 -0.11697765
12048 -0.4225649
12061 -0.7560118
12070 -1.0824939
12081 -1.3619626
12093 -1.5656873
12102 -1.6736442
12111 -1.6692914
12119 -1.5500165
12131 -1.321044
12139 -0.9893379
12151 -0.5740529
12161 -0.09608312
12169 0.4210644
12178 0.9329882
12192 1.3961574
12199 1.7940303
12214 2.130089
12220 2.408687
12228 2.6376598
12243 2.8326783
12248 3.018991
12260 3.2227156
12275 3.4038045
12279 3.5770576
12294 3.7555344
12299 3.9392354
12310 4.104653
12333 4.216092
12333 4.2700706
12342 4.2796474
12348 4.2561407
12361 4.1838794
12369 4.0332623
12381 3.8443382
12392 3.6014352
12400 3.294107
12414 2.9284468
12421 2.530574
12432 2.1335723
12441 1.7539824
12450 1.4039931
12459 1.087088
12471 0.8128431
12480 0.5856115
12494 0.40104026
12499 0.2565175
12511 0.14594884
12519 0.06672252
12530 0.024932861
12542 0.02145039
12549 0.028415333
12561 0.017967831
12570 -0.013374415
12581 -0.07431776
12592 -0.15441461
12599 -0.25018266
12612 -0.38077545
12625 -0.4948265
12630 -0.564476
12643 -0.5879828
12649 -0.5705704
12662 -0.50266206
12671 -0.39035216
12681 -0.26237124
12693 -0.13874331
12699 -0.034269072
12713 0.06498155
12725 0.20515122
12731 0.37318066
12743 0.55601066
12750 0.733617
12762 0.8859753
12770 1.0096031
12782 1.1088537
12794 1.2020099
12799 1.3238965
12811 1.4971496
12819 1.724381
12832 1.9907902
12843 2.270259
12850 2.554951
12861 2.8553145
12869 3.1748314
12881 3.4987016
12891 3.810383
12899 4.0881104
12911 4.306636
12920 4.4529
12931 4.528644
12942 4.5434446
12949 4.4546413
12959 4.376286
12971 4.264847
12980 4.1194534
12994 3.9453294
13000 3.752052
13016 3.553551
13020 3.3698504
13031 3.201821
13042 3.025956
13049 2.8196194
13060 2.6089296
13071 2.2702591
13082 1.8523618
13093 1.3865808
13100 0.91731733
13112 0.486361
13125 0.11112421
13129 -0.19533366
13142 -0.406894
13149 -0.51310945
13162 -0.52616864
13171 -0.45303667
13181 -0.30503142
13193 -0.0986948
13199 0.14943157
13212 0.4149703
13220 0.69095635
13234 0.98000187
13242 1.2638236
13251 1.51195
13262 1.7200279
13270 1.8967636
13282 2.0560868
13290 2.2441406
13302 2.4644067
13312 2.7325575
13320 3.025956
13332 3.294977
13346 3.518726
13350 3.6980734
13362 3.8286664
13369 3.9035394
13383 3.9279168
13393 3.9183397
13398 3.8687143
13410 3.7955828
13418 3.672825
13430 3.5021842
13443 3.2949767
13452 3.0633924
13459 2.810913
13470 2.547986
13480 2.2841887
13493 2.0282269
13498 1.772265
13509 1.4901841
13520 1.1663141
13530 0.8067486
13539 0.43673566
13549 0.098064944
13560 -0.18401562
13569 -0.3981879
13579 -0.56360537
13590 -0.70116305
13601 -0.8265321
13609 -0.9440657
13621 -1.0433164
13629 -1.0885886
13641 -1.073788
13650 -1.0084916
13660 -0.91707665
13669 -0.83088535
13681 -0.7638477
13691 -0.69855136
13699 -0.60452455
13711 -0.45913124
13719 -0.25279453
13735 0.011873678
13740 0.30962527
13751 0.6326248
13762 0.9695543
13775 1.3056132
13779 1.630354
13793 1.9333293
13799 2.2232454
13809 2.5105498
13822 2.8048189
13829 3.1077943
13841 3.4090278
13850 3.6797907
13862 3.8948336
13871 4.037615
13881 4.122065
13894 4.174302
13899 4.223927
13912 4.277906
13923 4.3318844
13931 4.3667088
13945 4.3797684
13951 4.337979
13963 4.270941
13975 4.144701
13980 4.0001783
13992 3.841725
14004 3.6528013
14014 3.4107687
14024 3.1034408
14031 2.7290747
14042 2.3068247
14050 1.8645505
14062 1.4727721
14074 1.1454195
14081 0.94865966
14092 0.86072713
14102 0.86856276
14111 0.95475405
14122 1.0931824
14130 1.2586
14142 1.4214057
14151 1.5502572
14161 1.6103301
14173 1.5833405
14181 1.4736428
14191 1.3030014
14200 1.0966648
14211 0.8720451
14223 0.65874344
14229 0.48374903
14241 0.36012122
14248 0.2974367
14260 0.3070136
14269 0.38711053
14280 0.518574
14291 0.676156
14299 0.8015251
14310 0.8903282
14320 0.9373417
14329 0.9469185
14343 0.9321179
14349 0.9068699
14360 0.8781393
14372 0.8415732
14380 0.80674845
14393 0.7910774
14399 0.7945599
14411 0.83983207
14424 0.91818774
14429 1.0461687
14441 1.2272574
14450 1.4423003
14460 1.6677905
14470 1.900246
14481 2.1527255
14491 2.429582
14498 2.7264633
14512 3.0346625
14520 3.3350258
14531 3.5814104
14541 3.722451
14550 3.7276747
14561 3.6127532
14569 3.4342763
14581 3.2436106
14591 3.0842874
14603 2.893622
14612 2.6681318
14623 2.3982399
14629 2.082205
14643 1.7705238
14649 1.5154322
14662 1.3317317
14671 1.1985269
14682 1.0801227
14691 0.95649487
14701 0.7919479
14711 0.6361071
14720 0.4645952
14732 0.27305916
14742 0.08674682
14753 -0.08650632
14762 -0.23886456
14770 -0.34159747
14783 -0.3633629
14792 -0.3032902
14803 -0.2057809
14812 -0.107400894
14821 -0.01685654
14831 0.0971945
14842 0.2634826
14850 0.4915847
14860 0.7614765
14871 1.0383333
14881 1.2777534
14892 1.4475241
14902 1.5371978
14909 1.5650576
14922 1.5615749
14933 1.5485157
14942 1.5197854
14949 1.4832195
14961 1.4240173
14977 1.3569796
14982 1.2803651
14992 1.2089744
14999 1.1541253
15011 1.1149476
15024 1.084476
15031 1.0600986
15041 1.0426863
15048 1.0374626
15061 1.0470394
15074 1.0949235
15079 1.1541256
15091 1.1793735
15099 1.128007
15111 1.0174384
15125 0.9207998
15129 0.9173174
15144 1.0479102
15149 1.313449
15161 1.6747558
15172 2.0543456
15180 2.3790865
15194 2.6237304
15199 2.843997
15211 3.1017
15220 3.3924868
15230 3.6440961
15242 3.7720766
15250 3.7241926
15261 3.5100205
15276 3.2244575
15279 2.9928727
15291 2.9110343
15302 2.9127755
15315 2.911905
15320 2.8918808
15332 2.8892686
15343 2.9415057
15352 3.0468507
15362 3.1704788
15371 3.265376
15381 3.2871413
15392 3.208786
15399 3.0128968
15412 2.8013365
15426 2.6463661
15432 2.5375388
15444 2.427841
15452 2.28593
15462 2.1274774
15475 1.9986256
15480 1.943777
15493 1.9638013
15502 2.0238738
15511 2.0909116
15525 2.1361837
15532 2.1344423
15540 2.0830755
15550 2.002979
15561 1.9333293
15571 1.9028577
15579 1.9089519
15593 1.9133052
15601 1.874998
15609 1.7809712
15621 1.6408012
15631 1.479737
15642 1.3604623
15648 1.3169314
15661 1.3343438
15676 1.3752627
15682 1.4083463
15693 1.4274999
15700 1.4414299
15712 1.4544891
15724 1.4806076
15730 1.5215267
15743 1.5763755
15749 1.6181653
15762 1.6260009
15770 1.5998821
15782 1.5485157
15793 1.479737
15798 1.3944163
15811 1.2995188
15819 1.205492
15831 1.1158183
15843 1.0357213
15849 0.96781313
15861 0.90512866
15870 0.8441854
15883 0.7910777
15891 0.7458055
15903 0.6996626
15910 0.6491667
15929 0.5951883
15929 0.5464336
15951 0.50725573
15951 0.49245512
15960 0.51160884
15971 0.53163296
15979 0.5560102
15990 0.5821286
15998 0.6143415
16010 0.65700185
16021 0.7101097
16029 0.77192366
16042 0.8337376
16048 0.88423353
16062 0.91383463
16081 0.9216702
16081 0.94778883
16094 0.9800018
16099 1.0008967
16110 0.9913199
16123 0.94343585
16129 0.8729156
16147 0.80936044
16149 0.78062993
16164 0.78237116
16171 0.79455984
16182 0.8023953
16193 0.79804224
16200 0.7928185
16212 0.8067484
16220 0.8476675
16231 0.90861094
16242 0.9756487
16249 1.0270152
16263 1.0444276
16271 1.0339801
16283 1.0069909
16294 0.9782604
16300 0.9582361
16312 0.94691795
16321 0.9268938
16333 0.88597465
16344 0.8311255
16350 0.77279395
16362 0.71707433
16371 0.6683197
16383 0.6256594
16389 0.58822286
16401 0.5542688
16411 0.5325033
16420 0.5237971
16432 0.51857334
16444 0.5133496
16450 0.51160836
16462 0.512479
16470 0.5194439
16483 0.52815014
16494 0.53337383
16500 0.5264089
16512 0.4976785
16526 0.43325278
16531 0.33574346
16543 0.23736356
16550 0.16074918
16562 0.11547704
16570 0.090229124
16581 0.058886874
16592 0.014485359
16599 -0.02817492
16610 -0.04558728
16621 -0.027304303
16631 0.028415333
16645 0.1154773
16649 0.22430472
16661 0.37230995
16671 0.5194445
16681 0.6482962
16689 0.7614767
16699 0.87117475
16711 0.97826093
16719 1.0722877
16732 1.147161
16741 1.2037511
16750 1.2490233
16762 1.2812363
16775 1.2690476
16779 1.2359642
16793 1.20201
16802 1.1915627
16811 1.2063632
16820 1.2429291
16832 1.2873307
16844 1.3317323
16850 1.369169
16861 1.3926756
16870 1.3970287
16882 1.3848399
16893 1.3613331
16900 1.3282496
16911 1.2794949
16921 1.2263871
16931 1.1758912
16943 1.1349721
16949 1.0818642
16961 1.0278859
16970 0.9460476
16981 0.87465686
16990 0.8433146
17000 0.8572445
17012 0.9007754
17021 0.94953
17033 0.97477794
17044 0.9695542
17049 0.94691813
17062 0.94604754
17071 0.96258926
17083 1.0174383
17093 1.0653224
17100 1.0766404
17112 1.0496513
17120 1.0035084
17133 0.9643307
17140 0.9416946
17152 0.9260235
17162 0.90774053
17175 0.8833632
17180 0.8546328
17189 0.8302555
17198 0.8111019
17209 0.78933644
17220 0.7614767
17231 0.74145246
17245 0.74406433
17250 0.77018297
17260 0.8163258
17269 0.87291604
17281 0.9268944
17294 0.9730373
17299 1.0688053
17312 1.1645734
17321 1.1149482
17332 0.99915576
17344 0.8929403
17352 0.81893766
17374 0.8206788
17374 0.91209376
17391 1.0540045
17391 1.2150689
17401 1.3822278
17409 1.457101
17421 1.4719014
17442 1.6077179
17442 1.799254
17519 1.9603188
17519 2.070887
17519 2.0926526
17519 2.007332
17519 1.8628093
17519 1.7000035
17520 1.5250095
17520 1.3857104
17528 1.3047428
17539 1.2498939
17549 1.2115866
17565 1.1845974
17577 1.1497725
17580 1.1036298
17591 1.0548753
17599 1.0043793
17612 0.9556245
17619 0.93211764
17629 0.9295059
17639 0.9373415
17648 0.9321178
17661 0.92341155
17671 0.9147053
17679 0.9181877
17692 0.93821186
