1674 12.373234
1675 12.679692
1676 12.717999
1677 13.139379
1678 13.292608
1679 12.717999
1680 11.798626
1682 11.722012
1683 12.258312
1684 12.7179985
1685 12.373234
1686 12.296619
1687 12.411542
1687 12.488156
1688 12.220005
1689 11.990162
1689 12.373234
1690 12.488155
1691 12.641384
1692 12.603077
1693 12.066777
1695 11.87524
1696 11.951855
1697 12.105083
1698 12.334927
1699 12.56477
1700 12.56477
1700 12.641384
1701 12.603077
1702 12.679691
1703 12.56477
1704 12.56477
1705 12.56477
1705 12.334927
1706 12.334927
1706 12.603077
1707 12.488155
1708 12.258312
1708 12.066776
1708 11.951855
1709 12.066776
1709 11.87524
1710 11.951855
1710 11.87524
1711 11.951855
1711 12.143391
1712 12.334927
1712 12.603077
1712 12.56477
1713 12.373234
1713 12.296619
1714 11.87524
1714 11.87524
1714 11.990162
1715 11.951855
1715 11.492168
1716 11.798626
1716 11.262325
1716 11.33894
1717 11.760319
1717 12.334927
1717 13.062765
1718 12.679691
1718 11.645397
1719 11.45386
1719 11.722012
1719 11.87524
1720 11.60709
1720 11.377247
1720 11.76032
1721 11.87524
1721 12.143391
1986 12.258313
1987 12.066777
1987 11.415553
1987 10.955867
1987 10.419565
1987 10.189722
1988 10.228029
1988 10.994174
1988 11.951855
1988 12.98615
1988 13.445837
1989 13.599066
1989 13.713987
2067 13.215994
2068 12.756307
2068 12.296619
2068 11.87524
2083 11.645397
2102 11.9135475
2129 12.028469
2160 12.105084
2160 12.066777
2180 11.990162
2200 11.951855
2219 12.105084
2239 12.028469
2259 11.798626
2279 11.645397
2299 11.60709
2319 11.836933
2339 11.798626
2359 11.683704
2379 11.990162
2400 11.836933
2419 11.683703
2440 12.143392
2459 12.334928
2479 12.220006
2501 12.02847
2519 11.760319
2539 11.722012
2559 11.60709
2580 11.87524
2601 12.066776
2620 12.066776
2639 11.722012
2659 10.840945
2686 10.611102
2700 11.18571
2719 12.258312
2739 13.139379
2760 13.254301
2780 12.98615
2799 12.756307
2819 12.411541
2839 12.181698
2859 12.143392
2879 11.760319
2900 11.836933
2920 11.836933
2939 12.105083
2959 11.990162
2979 11.683704
2999 11.760319
3021 11.722012
3040 11.87524
3059 11.951855
3079 11.568783
3100 11.070788
3121 11.45386
3140 11.683704
3159 12.028469
3179 12.258312
3200 12.29662
3219 12.220005
3239 12.181698
3259 12.181698
3279 11.87524
3299 11.453861
3319 11.415554
3339 11.798626
3359 12.066776
3380 12.105083
3400 11.836933
3419 11.798626
3440 11.87524
3459 12.373234
3479 12.373234
3499 12.296619
3519 11.798626
3569 11.415554
3569 11.300632
3579 11.3006315
3599 11.33894
3619 10.91756
3639 10.419565
3659 10.0748005
3679 10.266336
3699 10.802639
3719 11.87524
3739 12.449849
3760 12.564772
3779 12.258312
3799 12.066777
3819 12.066776
3839 12.220006
3861 12.5264635
3879 12.373235
3899 11.300632
3920 10.994175
3939 11.032481
3961 11.415554
3979 11.377247
3999 11.224017
4019 11.147404
4039 11.109096
4061 11.568783
4079 11.836933
4099 11.951855
4119 12.028469
4139 11.798626
4162 12.373234
4180 12.066777
4199 11.836933
4219 11.60709
4239 11.645397
4259 11.836933
4279 11.990163
4300 12.334928
4319 12.143391
4339 12.296619
4360 12.143391
4380 11.836933
4399 11.990162
4419 11.951855
4439 11.87524
4459 11.645397
4480 11.760319
4499 11.798626
4519 11.760319
4539 11.645397
4559 11.951855
4581 11.645397
4599 11.760319
4619 11.951855
4639 11.990163
4659 11.722012
4682 11.60709
4699 11.568783
4719 11.492167
4740 11.60709
4759 11.9135475
4779 11.722012
4799 11.722012
4820 11.453861
4839 11.530476
4860 11.377247
4879 11.224017
4900 11.377247
4919 11.530476
4939 11.836934
4959 11.722012
4979 11.568783
5000 11.760319
5019 11.530476
5039 11.492168
5060 11.645397
5079 11.683704
5101 11.645396
5119 11.722012
5140 11.990162
5159 11.9135475
5179 11.722012
5199 11.990162
5219 11.87524
5239 11.568783
5259 11.262325
5279 11.415554
5299 11.492168
5320 11.377247
5339 11.492168
5359 11.300632
5379 11.33894
5399 11.33894
5420 11.185711
5439 10.994174
5459 11.262325
5479 11.568783
5499 11.415554
5520 11.224018
5539 11.262325
5559 11.33894
5579 11.377247
5599 11.300632
5621 11.33894
5639 11.18571
5659 11.377247
5680 11.530476
5699 11.492167
5719 11.415554
5739 11.836933
5759 11.990162
5779 12.105084
5799 12.220005
5819 11.951855
5839 11.951856
5859 11.530475
5879 11.722012
5899 11.60709
5919 11.530476
5940 11.453861
5959 11.568783
5979 11.683704
5999 11.760319
6019 11.9135475
6040 11.760319
6059 11.87524
6080 11.760319
6099 11.530476
6119 11.836933
6142 11.9135475
6160 12.105083
6179 12.220006
6199 12.258312
6219 12.411541
6239 12.181698
6260 12.143392
6279 12.028469
6299 11.990162
6319 12.028469
6339 11.760319
6360 11.453861
6379 11.530476
6399 11.415554
6419 11.415554
6439 11.492168
6459 11.415554
6479 11.415554
6499 11.760319
6519 11.722012
6539 11.492167
6560 11.224017
6579 11.262324
6599 11.760319
6619 12.105084
6639 11.645397
6661 11.492168
6679 11.798626
6700 12.258312
6720 11.990163
6739 11.568782
6759 11.377247
6779 11.530476
6799 11.683704
6820 11.568783
6840 11.415554
6859 11.453861
6879 11.530476
6899 11.109096
6920 10.994174
6939 11.185711
6959 11.377247
6980 11.415553
6999 11.530475
7019 11.760319
7039 11.87524
7060 11.798626
7080 11.45386
7100 11.60709
7120 11.453861
7139 11.530476
7159 11.60709
7181 11.951855
7199 11.453861
7219 11.530476
7239 11.990162
7259 12.449849
7279 12.220005
7300 12.105083
7320 12.105083
7340 12.105083
7359 11.722012
7379 11.60709
7399 11.415554
7419 11.722012
7439 12.143392
7459 12.564771
7479 12.5264635
7500 12.603078
7520 12.717999
7539 12.717999
7559 12.411542
7579 11.836933
7601 11.798626
7620 11.530476
7640 11.377247
7659 11.453861
7679 11.683704
7701 11.760319
7720 11.87524
7739 11.87524
7759 12.028469
7779 12.296619
7799 12.143391
7820 11.377247
7840 10.994174
7859 11.568783
7879 12.105083
7899 12.411541
7919 11.990162
7939 11.683704
7959 11.875241
7979 12.105084
7999 12.028469
8019 12.258312
8039 12.143392
8059 12.028469
8079 12.105083
8099 12.258313
8120 12.066776
8139 11.836933
8159 11.9135475
8179 12.066776
8199 12.066776
8222 12.105084
8239 12.181698
8260 11.990162
8282 11.913548
8299 12.066776
8319 12.334928
8339 12.296619
8359 11.87524
8379 11.760319
8399 12.028469
8419 12.220005
8439 12.449849
8459 12.181698
8479 11.760319
8499 11.645397
8519 11.568783
8540 11.645397
8559 11.760319
8579 12.258313
8599 12.334927
8619 12.488157
8640 12.258313
8659 12.564772
8680 12.181698
8699 12.105083
8719 12.258312
8741 12.066776
8759 12.258312
8780 12.258313
8799 12.028469
8819 12.29662
8839 12.564771
8859 12.220006
8879 12.373235
8899 12.334928
8920 12.066776
8939 12.258312
8961 12.29662
8979 12.373235
8999 12.028469
9019 11.990162
9039 12.066776
9059 12.143391
9079 12.143391
9099 12.488155
9119 12.679692
9139 12.5264635
9161 12.220005
9179 11.990162
9199 12.258312
9219 12.181698
9239 12.449849
9259 12.411542
9279 12.143391
9299 12.181699
9319 12.143391
9339 11.990162
9359 12.29662
9380 12.5264635
9399 12.373235
9420 12.220006
9439 12.066776
9459 11.722012
9479 11.990162
9499 12.220005
9519 12.066776
9539 11.990162
9559 11.990162
9580 11.9135475
9599 12.29662
9619 12.181699
9639 11.9135475
9659 12.143391
9680 11.798626
9699 11.9135475
9720 11.875241
9739 12.066777
9759 12.411541
9779 12.411541
9799 12.181699
9819 12.028469
9839 11.951855
9859 12.105084
9879 12.296619
9899 12.488156
9919 12.29662
9939 11.60709
9959 11.377246
9979 11.377246
9999 11.492168
10019 11.722012
10039 11.568783
10059 11.377247
10079 11.568783
10100 11.415554
10119 11.530476
10140 11.530476
10159 11.185711
10179 11.109097
10200 11.262325
10219 11.300632
10239 11.377247
10259 11.453861
10279 11.262324
10299 11.224018
10319 11.070789
10339 10.994175
10359 11.262325
10379 11.224018
10399 11.070789
10419 11.33894
10439 11.032482
10460 10.802639
10479 10.802638
10499 11.070788
10519 10.802638
10539 10.764332
10559 11.147404
10579 11.185711
10599 10.994175
10619 10.994175
10639 10.726023
10659 10.802638
10680 10.802638
10699 10.955867
10721 11.032482
10739 10.955868
10760 10.840944
10779 10.726024
10799 10.879252
10819 10.994174
10839 11.262324
10859 11.300632
10880 11.109097
10899 10.955867
10920 10.687716
10939 10.802638
10959 10.994174
10980 10.994174
10999 10.534488
11019 11.33894
11039 10.917559
11059 11.109097
11079 10.840945
11099 10.802638
11119 10.726024
11140 11.070788
11159 10.994174
11179 10.879252
11199 10.802637
11219 10.6877165
11241 10.879252
11263 10.994175
11279 10.955868
11299 11.109097
11319 11.33894
11341 11.377247
11359 11.224017
11379 10.572795
11399 10.496181
11419 10.228029
11439 10.342951
11459 10.994173
11479 11.224018
11499 11.300632
11519 10.994174
11539 10.802638
11559 10.879252
11579 10.91756
11599 11.070789
11619 11.147403
11640 10.879252
11659 10.572795
11679 10.572795
11699 10.764332
11720 10.840946
11739 10.649408
11760 10.879253
11779 11.109097
11799 10.879252
11819 10.6877165
11839 10.649408
11861 11.147404
11879 11.645397
11899 11.33894
11919 11.492168
11939 11.300632
11959 11.224017
11979 11.147403
11999 10.994175
12019 10.726024
12039 10.6877165
12059 10.726024
12080 10.840945
12099 10.879252
12119 10.726024
12139 10.994174
12159 11.262325
12179 11.262324
12199 11.18571
12219 11.109096
12240 11.147404
12260 10.917561
12280 10.76433
12299 10.955867
12319 10.955867
12339 11.147403
12359 11.147403
12380 11.147404
12399 11.377247
12419 11.645397
12439 11.262325
12459 11.070788
12479 11.070788
12499 11.262324
12519 11.18571
12539 11.262324
12559 11.33894
12579 11.18571
12599 11.109096
12619 11.224017
12639 11.070788
12659 11.147403
12679 11.070788
12699 11.032481
12719 10.994174
12740 11.147403
12759 10.994174
12780 11.147404
12800 11.070789
12819 10.6877165
12839 10.534487
12859 10.994174
12879 11.300632
12900 11.262325
12919 11.109096
12939 11.070788
12960 11.109096
12980 10.91756
12999 11.147404
13020 11.070788
13039 11.109096
13059 11.032481
13079 10.955867
13100 11.224017
13120 11.33894
13140 11.185711
13160 10.91756
13179 10.879252
13200 11.032481
13220 11.070789
13240 11.147404
13260 11.224018
13280 11.109097
13299 11.147403
13320 11.109096
13340 11.224017
13359 11.147403
13379 11.147403
13400 11.224017
13420 11.224017
13439 11.147403
13459 11.262324
13479 11.109096
13499 11.185711
13521 10.955867
13540 10.802638
13559 10.840945
13579 10.955867
13599 11.109096
13619 11.224018
13640 10.955867
13660 10.764331
13680 10.764331
13699 11.032481
13720 10.840945
13740 10.994174
13760 10.955867
13779 11.453861
13799 11.645397
13820 11.415554
13840 11.262324
13860 11.032481
13881 10.955867
13899 10.955867
13919 10.840944
13940 10.840945
13959 10.764331
13979 10.6877165
13999 10.764332
14019 10.687716
14041 10.91756
14059 10.91756
14079 11.070788
14100 10.726024
14119 11.032481
14139 11.032481
14159 11.032481
14179 11.147403
14199 11.032481
14219 11.032481
14239 10.91756
14260 10.802637
14279 10.8792515
14299 10.91756
14319 10.994174
14339 11.070789
14359 11.109096
14379 10.879252
14399 10.91756
14419 10.879252
14439 10.726023
14460 10.917559
14479 10.840945
14499 10.91756
14519 11.070788
14539 10.91756
14560 11.070788
14580 10.994174
14599 10.91756
14619 10.764331
14639 10.726024
14659 10.91756
14679 11.109096
14699 10.994174
14719 11.032481
14739 10.879252
14759 11.070788
14779 11.147403
14799 11.109097
14820 10.917559
14839 10.802638
14859 10.879252
14879 10.764331
14899 10.840945
14919 10.726023
14940 10.879252
14960 11.185711
14980 11.070789
15000 10.994174
15020 11.109096
15040 11.032481
15060 10.879252
15081 11.070787
15099 11.032481
15120 10.802638
15140 10.6877165
15160 10.994174
15179 11.224017
15200 11.300632
15220 11.185711
15240 11.492167
15259 11.45386
15279 11.262324
15300 11.377246
15319 11.530475
15339 11.377246
15359 11.568782
15379 11.568783
15399 11.568783
15419 11.60709
15439 11.9135475
15459 11.60709
15479 11.760319
15500 11.990162
15519 11.87524
15539 11.722012
15560 11.492168
15579 11.33894
15600 11.568783
15619 11.645397
15639 11.568783
15660 11.9135475
15679 11.683704
15699 11.530476
15720 11.645397
15740 11.185711
15759 11.224018
15779 11.492168
15799 12.373235
15819 11.760319
15839 11.722012
15859 11.836933
15879 12.066776
15899 11.990162
15919 11.836933
15939 11.798626
15959 11.568783
15980 11.224017
15999 11.224017
16020 11.3006315
16039 11.645397
16060 11.9135475
16080 11.951855
16100 11.798626
16121 11.683704
16139 11.45386
16159 11.338939
16180 11.377246
16200 11.415553
16221 11.415553
16240 11.377246
16260 11.109096
16279 11.338939
16299 11.530475
16319 11.377246
16339 11.224017
16359 11.377246
16379 11.3006315
16399 11.224017
16419 11.3006315
16439 11.262324
16459 11.415553
16480 11.377246
16499 11.415553
16519 11.262324
16539 11.18571
16559 11.147403
16579 11.224018
16599 11.147403
16619 11.262324
16640 11.3006315
16659 11.262324
16679 11.18571
16699 11.45386
16719 11.224017
16740 11.109096
16759 11.3006315
16779 11.338939
16800 11.492168
16819 11.18571
16839 11.338939
16859 11.568782
16879 11.262324
16900 11.338939
16919 11.338939
16940 11.109096
16959 11.032481
16980 11.262324
17000 11.377246
17020 11.262324
17040 11.070788
17060 10.955867
17080 11.224017
17100 11.147403
17120 11.18571
17140 11.147403
17160 11.224017
17180 11.338939
17200 11.453861
17219 11.262324
17239 11.3006315
17261 11.18571
17279 11.147403
17299 11.492167
17319 11.45386
17339 11.530476
17359 11.568782
17379 11.453861
17400 11.377246
17420 11.33894
17440 11.18571
17460 11.18571
17480 11.262324
17500 11.147403
17520 11.224017
17539 11.147403
17560 11.070788
17580 10.994174
17600 10.994174
17619 11.18571
17640 11.415553
17660 11.607089
17680 11.3006315
17700 11.224017
17720 11.300632
17740 11.147404
17759 10.955867
17782 10.955867
17799 11.18571
17819 11.530476
17839 11.377247
17859 11.338939
17879 11.338939
17899 11.224017
17920 11.262324
17939 11.3006315
17959 11.224017
17979 11.338939
18000 11.798626
18020 12.334928
18039 12.373235
18059 12.871229
18079 13.215994
18099 13.177687
18119 13.215993
18140 13.062764
18159 13.177686
18179 13.2543
18200 13.2543
18220 13.101071
18239 13.139379
18259 12.871228
18279 12.679692
18301 12.220005
18319 11.645397
18339 11.3006315
18359 11.032481
18379 11.224017
18401 10.802638
18419 10.457872
18439 10.572794
18459 10.572794
18479 10.457872
18499 10.419565
18520 10.228029
18539 10.151415
18559 10.0748005
18580 10.036493
18599 10.381259
18619 10.687716
18639 10.726024
18660 10.611101
18680 10.687716
18700 10.419565
18721 10.534487
18739 10.266336
18759 10.457872
18779 10.381258
18799 10.266336
18821 10.228029
18839 10.304644
18860 10.342951
18879 10.228029
18899 10.266336
18923 10.342951
18939 10.726023
18959 10.572794
18979 10.534487
19000 10.228029
19020 10.0748005
19040 10.0748005
19060 10.266336
19080 10.764331
19100 10.572794
19120 10.534487
19140 10.572794
19160 10.304644
19180 10.228029
19200 10.304644
19220 10.342951
19240 10.572794
19259 10.726023
19280 10.572794
19299 10.381258
19319 10.189722
19341 10.228029
19360 10.228029
19379 10.457872
19399 10.49618
19419 10.726023
19441 10.572794
19459 10.572794
19480 10.572794
19500 10.764332
19520 10.802638
19540 10.764332
19560 10.342951
19580 10.534487
19600 11.109096
19619 11.224018
19639 10.917559
19659 10.649408
19679 10.342951
19700 10.496181
19720 10.726024
19740 10.917561
19760 10.994174
19780 10.91756
19800 11.032481
19820 11.109095
19839 10.994174
19860 10.572795
19880 10.189723
19899 10.151416
19919 10.151415
19939 10.496181
19961 10.6877165
19980 11.530475
19999 11.262325
20019 10.189722
20039 11.683704
20059 12.986151
20079 14.633361
20099 15.016434
20120 14.863203
20139 14.51844
20159 13.560759
20179 12.794614
20199 13.101072
20220 13.637373
20240 14.211982
20260 13.828909
20281 13.215994
20300 12.564771
20320 11.87524
20339 11.032482
20359 10.994174
20380 10.840945
20399 10.151415
20419 9.653421
20439 10.0748005
20459 11.87524
20479 12.832922
20499 12.641384
20519 11.645397
20539 10.228029
20559 9.078814
20579 8.925585
20599 10.266336
20619 9.998186
20643 9.385271
20659 9.078813
20679 8.465897
20700 8.236053
20719 8.0445175
20739 8.274361
20759 8.274361
20779 8.0445175
20800 9.155428
20819 9.768343
20839 10.457872
20859 10.611101
20879 10.036494
20900 9.308657
20919 9.11712
20939 8.504205
20959 8.0445175
20979 7.469909
21001 6.8569937
21019 6.2823853
21039 5.7843914
21060 5.93762
21079 6.9719157
21100 7.125144
21120 7.278373
21140 7.393295
21160 7.73806
21180 8.312668
21199 8.427589
21220 8.274361
21240 8.159439
21259 7.2400656
21279 6.8186865
21299 6.6271505
21320 6.244078
21339 6.205771
21359 6.1291566
21379 6.4739213
21399 6.895301
21421 7.201759
21440 6.9336085
21459 7.125144
21479 7.4316025
21499 7.6231384
21519 7.584831
21539 7.431602
21559 7.623138
21579 7.3549876
21599 6.9719152
21620 6.5888433
21639 6.2823853
21659 6.0908494
21679 6.397307
21699 6.588843
21719 6.742072
21740 7.0102224
21760 7.546524
21780 7.8529816
21800 8.082825
21820 8.00621
21840 8.848969
21859 8.925584
21879 8.734048
21900 8.734048
21920 8.772355
21942 9.11712
21960 9.2703495
21980 9.346964
21999 8.925584
22019 9.040505
22041 9.346964
22059 9.385271
22079 9.385271
22100 9.308657
22119 8.848969
22140 8.887277
22159 8.542512
22179 8.159439
22199 8.504204
22220 9.691729
22239 9.691729
22259 9.921573
22279 9.844957
22299 9.653421
22319 10.419565
22339 11.377247
22360 12.066776
22379 11.990162
22399 11.836933
22419 11.3006315
22439 11.032481
22461 10.802638
22479 10.534488
22499 9.959879
22519 9.5385
22539 8.810662
22561 8.504205
22580 8.848969
22599 9.461885
22619 9.768343
22640 9.959879
22659 10.113108
22679 9.844957
22700 9.5385
22721 9.5385
22739 9.500193
22760 9.615114
22780 9.5385
22800 9.2703495
22820 9.423578
22840 9.2703495
22860 9.155428
22880 9.308657
22900 9.500193
22919 9.768343
22939 9.576807
22959 9.5385
22979 9.385271
22999 9.615114
23019 9.844957
23039 9.921572
23059 10.151415
23080 10.113108
23099 10.342951
23119 10.649408
23140 10.91756
23159 11.3006315
23181 11.070788
23199 11.415554
23219 11.722012
23239 11.262325
23259 11.33894
23279 11.415554
23300 11.3006315
23320 11.18571
23339 11.18571
23359 11.3006315
23379 11.415553
23400 11.3006315
23419 11.147403
23440 11.109096
23460 11.300632
23480 11.492168
23500 11.683704
23519 11.530476
23540 11.492168
23560 11.645397
23580 11.18571
23600 11.224018
23620 11.33894
23639 11.224018
23660 10.994174
23680 10.726024
23701 10.802638
23719 10.917561
23740 10.917561
23760 10.955866
23780 11.032481
23800 11.032481
23820 11.262324
23839 11.45386
23859 12.105083
23879 11.798626
23902 11.377246
23920 11.415554
23940 11.377247
23959 11.990163
23979 11.722012
23999 11.530476
24020 11.377247
24039 11.224018
24059 11.070788
24079 10.879252
24099 10.91756
24120 10.994174
24139 10.726023
24159 10.802637
24179 10.91756
24199 10.955867
24220 10.726024
24240 10.572795
24259 10.802638
24280 10.649409
24303 10.726024
24321 10.419565
24339 10.381258
24359 10.726024
24379 10.91756
24399 10.381259
24419 10.534487
24439 9.768343
24459 10.036493
24479 10.113108
24499 10.381259
24519 10.91756
24539 10.840945
24559 10.726024
24579 10.572795
24599 10.419566
24619 10.304645
24640 10.611102
24659 10.611102
24679 10.840946
24699 10.879252
24719 10.91756
24740 10.994174
24759 10.6877165
24779 10.6877165
24799 10.649409
24819 10.6877165
24840 10.879252
24859 10.6877165
24879 10.611102
24899 10.611102
24919 10.879252
24939 10.879252
24959 11.070788
24979 10.764331
24999 10.649409
25019 10.879252
25039 10.802639
25059 10.764332
25079 10.917561
25099 10.994175
25119 11.109096
25139 10.994175
25160 10.879253
25179 11.109097
25199 10.994175
25220 11.185711
25240 11.224018
25260 11.224018
25279 11.109097
25299 10.955868
25319 10.994175
25339 10.649409
25361 10.879252
25379 10.802638
25399 10.840945
25419 10.91756
25439 10.955867
25459 10.840945
25480 10.764331
25500 10.649409
25520 10.879252
25540 10.840945
25560 10.802639
25580 10.726025
25600 10.687717
25620 10.879252
25640 11.032481
25660 11.032481
25679 11.415554
25700 11.147403
25720 10.840945
25740 10.726024
25760 10.955867
25780 10.955867
25799 10.994174
25820 10.840946
25839 10.572794
25859 10.534488
25880 10.457872
25899 10.572794
25919 10.611102
25939 10.76433
25960 10.726025
25981 10.917561
25999 10.994175
26019 11.070789
26040 11.147404
26059 11.109097
26079 11.032481
26099 10.879252
26119 11.032481
26139 10.994175
26159 10.840946
26180 10.764332
26200 11.262325
26220 10.879253
26239 11.109097
26259 11.300632
26279 11.070789
26299 10.879252
26319 10.649408
26339 10.802638
26359 10.802638
26379 10.917561
26399 10.955868
26419 11.109097
26439 11.070789
26459 10.840944
26479 10.457873
26500 10.840945
26519 10.955867
26539 10.879252
26559 11.147404
26579 11.377247
26601 11.453861
26619 11.453861
26640 11.568783
26659 11.760319
26680 11.224018
26699 11.224018
26719 11.147403
26739 10.994174
26759 10.6877165
26779 10.572794
26799 11.109097
26819 11.415554
26839 11.722012
26859 11.377247
26879 11.032481
26899 11.185711
26919 11.415554
26939 11.3006315
26959 11.18571
26980 11.18571
26999 11.032482
27021 11.262325
27039 11.147404
27060 11.60709
27080 11.60709
27100 11.224017
27121 11.224017
27140 11.568783
27160 11.683704
27180 11.147403
27200 10.802639
27220 10.879252
27240 11.224017
27260 11.453861
27280 11.492168
27299 11.60709
27320 11.300632
27340 11.224017
27359 11.224018
27380 11.147404
27399 11.147403
27419 11.185711
27439 11.492168
27459 11.645397
27480 11.568783
27499 11.453861
27519 11.300632
27539 11.530476
27559 11.492168
27579 11.147404
27599 11.147404
27619 11.300632
27641 11.300632
27659 11.262325
27679 11.185711
27699 11.147404
27719 11.185711
27739 11.530476
27760 11.530476
27780 11.453861
27800 11.530476
27819 11.568782
27839 11.338939
27860 11.415554
27880 11.33894
27900 11.070789
27920 10.726023
27939 10.840946
27960 10.611102
27979 10.687716
27999 10.649409
28020 10.840945
28039 11.070789
28060 11.568783
28079 11.568783
28099 11.60709
28120 11.453861
28139 10.994175
28161 10.457873
28179 10.0748005
28199 10.036493
28219 10.0748005
28239 10.649409
28259 10.994174
28280 11.453861
28299 11.87524
28319 12.066776
28339 12.220005
28359 12.220005
28380 11.836933
28399 11.530476
28419 10.955868
28439 10.649408
28459 10.49618
28479 10.266336
28499 10.419565
28519 10.457872
28539 10.228029
28559 10.342952
28579 10.611103
28599 10.342951
28619 10.572794
28639 10.802638
28659 11.18571
28680 11.760319
28699 11.951855
28719 11.798626
28739 11.798626
28760 11.3006315
28781 11.070788
28799 10.917559
28820 10.802639
28840 10.726024
28859 10.726024
28879 10.91756
28899 11.109097
28919 10.955866
28940 10.8792515
28959 10.687716
28980 10.917561
28999 11.109097
29019 11.415554
29039 11.185711
29059 11.147404
29079 10.994175
29100 10.91756
29119 10.840944
29139 10.76433
29159 10.994173
29179 11.185711
29201 11.224018
29220 11.415554
29239 11.300632
29259 11.109097
29279 10.994173
29299 10.917559
29319 10.955868
29339 11.300632
29359 11.300632
29379 10.994173
29399 11.300632
29420 11.224018
29440 10.994175
29460 11.147404
29480 11.262324
29500 11.33894
29519 11.377247
29540 11.147403
29560 10.994174
29579 10.994175
29599 10.994175
29620 11.109097
29640 11.185711
29660 11.415554
29680 11.415554
29700 11.070788
29721 11.33894
29740 11.33894
29760 11.33894
29780 10.994175
29799 11.032481
29821 11.300632
29839 11.377247
29859 11.568783
29880 11.377247
29899 10.994174
29921 10.994174
29940 11.109096
29959 11.224017
29980 11.338939
29999 11.453861
30019 11.300632
30040 11.224018
30060 11.492168
30079 11.415554
30100 11.338939
30119 11.18571
30140 11.33894
30160 11.262324
30180 11.300632
30200 11.33894
30220 11.300632
30240 11.224018
30260 11.109097
30280 11.109096
30299 11.147403
30319 11.33894
30340 11.262325
30359 11.224018
30379 11.262325
30399 11.147403
30419 11.18571
30440 11.147404
30459 11.415554
30479 11.300632
30499 11.070788
30519 11.262324
30539 10.955866
30559 11.262325
30579 11.185711
30599 11.185711
30619 11.147403
30639 11.300632
30659 11.300632
30679 11.185711
30700 11.147404
30719 11.33894
30739 11.262325
30760 11.147402
30779 11.300632
30799 11.18571
30819 11.453861
30839 11.530476
30860 11.300632
30879 11.224018
30900 11.224018
30920 11.262325
30939 10.955867
30960 11.415554
30979 11.262325
30999 11.262325
31019 11.33894
31039 11.224018
31061 11.300632
31080 11.300632
31100 11.415554
31120 11.377247
31140 11.262325
31160 11.18571
31180 11.03248
31200 11.070789
31219 11.224018
31239 11.147403
31259 11.109096
31282 11.453861
31300 11.109096
31320 11.415554
31339 11.377246
31359 11.224017
31379 11.453861
31400 11.109097
31420 11.300632
31439 11.453861
31459 11.33894
31480 11.453861
31499 11.032482
31519 10.802638
31539 11.147404
31559 11.109097
31579 11.147404
31600 11.262325
31620 11.377247
31639 11.377247
31659 11.3006315
31679 11.109096
31700 11.262325
31720 10.91756
31740 11.300632
31759 11.453861
31779 11.300632
31800 11.224018
31820 11.109096
31839 11.070789
31860 11.032481
31879 11.224017
31900 11.300632
31919 11.492168
31940 11.492168
31960 11.453861
31979 11.18571
32001 11.224017
32020 11.262324
32039 11.262325
32060 11.147403
32079 11.185711
32102 11.03248
32119 11.185711
32140 11.300632
32160 11.070789
32180 11.109097
32200 11.185711
32220 11.185711
32240 11.032482
32260 11.147404
32279 11.03248
32299 11.109097
32319 11.147404
32339 11.109097
32359 11.453861
32379 11.453861
32399 11.377247
32419 11.224018
32440 11.262325
32459 10.994174
32479 10.802637
32500 11.070789
32521 10.955867
32540 11.147404
32560 11.262325
32580 11.377247
32600 11.33894
32621 11.338939
32640 11.147403
32660 11.032481
32680 11.185711
32700 11.109097
32719 11.147404
32739 11.03248
32760 11.147402
32780 11.224017
32799 11.070788
32819 11.109097
32840 10.994175
32860 10.955867
32879 11.032481
32899 11.032481
32919 11.300632
32940 11.377247
32959 11.453861
32980 11.109096
33000 11.224017
33019 11.224018
33040 10.955868
33060 11.109097
33080 11.032481
33099 11.109096
33119 11.3006315
33140 11.224017
33159 11.377247
33180 11.415554
33200 11.262324
33219 11.224018
33239 11.070789
33259 10.994175
33280 11.224018
33299 11.300632
33319 11.453861
33339 11.377247
33360 11.185711
33380 11.109097
33400 11.300632
33420 11.300632
33440 11.070788
33460 10.8792515
33480 11.109096
33500 11.224018
33519 11.377247
33539 11.33894
33560 11.147403
33579 11.224017
33600 11.18571
33620 11.224018
33640 11.185711
33661 11.109097
33680 11.185711
33700 11.377247
33720 11.185711
33739 11.147402
33759 11.109097
33780 11.032481
33800 11.185711
33819 11.415554
33840 11.453861
33859 11.185711
33881 10.840945
33900 10.840945
33920 11.070789
33939 11.530476
33959 11.377247
33980 11.185711
33999 10.840944
34019 10.994174
34039 10.994174
34059 11.18571
34081 11.262325
34099 11.492168
34120 11.33894
34139 11.60709
34159 11.33894
34181 9.998186
34200 9.80665
34219 12.98615
34239 18.23424
34259 21.183897
34279 20.30283
34299 19.077
34319 17.314867
34339 13.484144
34359 11.60709
34379 10.228029
34399 8.121132
34419 5.7843914
34440 3.86903
34459 2.873042
34479 2.2218192
34499 1.647211
34519 0.5363014
34539 -0.95768046
34559 -1.1492167
34579 2.1452045
34600 8.772355
34619 17.96609
34639 24.286781
34659 25.742456
34679 26.968288
34701 27.542896
34719 25.55092
34739 22.63957
34759 19.651608
34779 16.280571
34799 12.832921
34819 9.423578
34839 6.244078
34860 3.1411927
34879 1.493982
34899 1.1875241
34919 1.37906
34939 0.7661445
34959 -0.42137933
34979 -1.2641387
34999 -0.5746083
35019 2.0685904
35039 5.66947
35059 10.189722
35079 15.322891
35099 21.413738
35120 27.581203
35139 31.37362
35159 29.611486
35180 25.244461
35199 21.298817
35220 18.693928
35241 15.8975
35260 12.143392
35279 8.504205
35299 5.9759274
35321 3.9839516
35339 2.336741
35359 1.1492169
35379 0.42137957
35399 -1.2641385
35419 -2.1835117
35439 -0.9576807
35459 1.4939818
35479 4.290409
35499 7.546524
35519 13.637373
35539 20.685902
35560 25.01462
35580 28.002583
35600 31.37362
35619 31.680077
35640 27.581203
35659 22.256498
35680 17.54471
35700 13.484144
35720 9.385271
35740 5.861006
35760 3.1411927
35780 1.4173673
35800 0.15322876
35820 -0.65122294
35841 -1.2641387
35859 -1.8387468
35880 -1.9536686
35899 -2.030283
35920 -1.3024459
35939 2.3750482
35960 7.278373
35980 14.250288
36000 20.341137
36020 28.270733
36040 35.395878
36060 35.319263
36080 29.956251
36100 24.095245
36119 20.03468
36140 16.395494
36160 11.836933
36180 7.469909
36200 3.9456444
36220 1.4939817
36240 2.3841858E-7
36260 -0.7278371
36280 -1.0342953
36300 -0.45968676
36319 -0.38307238
36340 -0.84275913
36360 -1.2258313
36379 0.65122294
36399 3.86903
36419 5.861006
36439 8.236054
36460 12.258312
36479 19.115305
36499 27.61951
36519 34.170048
36539 35.166035
36559 31.335312
36579 26.431988
36599 21.643583
36619 17.39148
36639 12.334927
36659 7.278373
36679 3.1411927
36699 0.49799395
36720 -0.68953013
36739 -0.9576807
36760 -1.0726025
36779 -0.80445194
36799 -1.5705967
36819 -1.8004396
36840 -0.53630114
36859 2.3367407
36880 6.167464
36899 9.040505
36919 12.29662
36939 16.931795
36959 23.48233
36979 29.994558
37000 33.71036
37020 35.127728
37041 33.097443
37060 28.079197
37079 20.800823
37100 15.591042
37119 9.959879
37140 4.2521024
37160 0.65122294
37179 -1.1875242
37200 -1.723825
37220 -2.1452045
37240 -2.3750484
37259 -2.528277
37279 -2.566584
37300 -2.3750482
37320 -1.1875241
37340 1.7621324
37360 4.6351748
37380 7.9295964
37402 12.947843
37420 18.693928
37440 25.512613
37459 33.212364
37479 37.081394
37502 34.744656
37519 28.615498
37539 21.796812
37559 17.314867
37579 12.794614
37599 7.469909
37619 2.4899697
37639 -0.49799395
37659 -1.3024457
37679 -2.4516623
37699 -2.2218192
37719 -2.6048913
37739 -2.719813
37760 -2.1835122
37779 -1.1875238
37799 1.7238252
37820 5.66947
37839 10.649409
37860 15.74427
37879 20.226217
37899 24.784777
37921 30.837318
37940 33.59544
37959 29.917946
37979 25.474304
37999 21.950043
38019 17.046717
38040 10.955868
38060 5.2480903
38079 1.7238252
38099 0.03830695
38120 -0.84275913
38140 -0.9193735
38160 -1.6089034
38179 -2.7964277
38200 -2.1835117
38220 -0.03830719
38240 0.8810661
38260 3.2178073
38280 7.73806
38299 13.522451
38319 17.468096
38340 19.651608
38360 23.099258
38380 28.768726
38400 31.603462
38419 28.807035
38439 24.018633
38459 19.76653
38479 16.203957
38499 11.530476
38519 6.8186865
38540 3.2178068
38559 0.8810663
38579 -0.5363014
38600 -1.0342953
38619 -0.95768046
38639 -1.4173672
38659 -1.4939818
38680 -1.1492167
38700 0.6129155
38720 2.4899697
38739 4.7500963
38759 12.488156
38779 18.119318
38800 24.401705
38819 30.492552
38839 31.871613
38859 28.385654
38879 23.367409
38899 19.460072
38919 16.01242
38939 10.76433
38960 5.7843914
38979 2.4516628
38999 0.49799395
39019 -0.49799418
39039 -1.1875241
39060 -1.5705962
39080 -0.88106585
39099 -0.22984362
39119 -0.15322876
39139 0.7278373
39159 3.6391866
39179 8.236053
39199 13.024458
39219 17.161638
39239 24.17186
39259 30.492554
39280 32.29299
39299 28.921955
39320 21.452047
39339 17.314867
39359 14.135366
39379 9.500193
39399 5.2480903
39419 2.4899697
39439 1.3790603
39459 1.0726023
39480 0.3830719
39499 -0.22984362
39519 -0.80445147
39539 -0.6512227
39559 -0.19153595
39581 1.5705965
39599 4.175488
39619 8.312668
39639 13.828909
39659 20.800825
39679 27.619513
39699 30.377632
39719 28.079197
39739 24.210169
39759 21.452047
39779 19.153614
39799 15.629349
39819 11.453861
39839 7.3549876
39859 4.5585604
39879 1.9919763
39899 1.2641385
39919 1.2641387
39939 0.9959879
39959 0.45968676
39979 0.45968676
39999 1.4939818
40019 3.217807
40039 4.7500963
40059 8.236053
40079 13.177687
40100 18.77054
40119 20.30283
40139 22.907722
40159 28.768728
40179 31.143776
40200 27.542896
40220 21.911734
40239 17.506403
40259 13.905523
40279 10.6877165
40299 8.159439
40319 5.8226986
40339 3.3327284
40359 1.9536686
40379 1.072602
40399 0.6895299
40419 0.53630114
40439 1.1109095
40459 1.4556744
40479 3.1411927
40499 5.4779334
40519 8.082825
40539 12.603078
40559 18.65562
40579 25.627535
40599 29.305029
40619 29.57318
40639 27.389668
40659 24.248474
40679 20.379444
40699 16.395493
40720 12.220006
40739 8.0445175
40759 4.7884035
40779 2.5665843
40799 0.7661443
40821 -0.49799395
40839 -1.2641382
40859 -2.030283
40879 -2.9496565
40899 -3.677494
40919 -1.6472106
40939 2.0685904
40959 4.8267107
40979 9.308657
40999 16.089035
41019 25.589228
41039 28.730421
41059 26.623524
41079 22.831106
41099 19.689915
41119 19.230228
41140 18.579006
41159 15.476119
41179 11.951855
41199 9.002199
41219 6.703765
41240 4.481946
41259 1.7621324
41279 -0.11492205
41302 -0.6895299
41319 -1.6089039
41339 -3.3327289
41360 -2.873042
41379 -0.8044524
41400 3.3710363
41419 6.4739213
41439 10.91756
41459 17.851168
41479 23.788788
41500 27.274746
41519 28.347347
41539 25.244463
41559 21.911736
41579 19.996372
41599 18.502392
41619 15.7825775
41639 11.683704
41660 7.776367
41679 5.401319
41699 3.4476504
41719 1.2258313
41739 -0.26815057
41760 -1.723825
41779 -3.0645776
41799 -3.562572
41819 -3.1794996
41839 -2.528277
41859 -1.3024454
41880 1.1109096
41900 5.5162406
41919 15.322891
41939 23.290794
41959 25.167849
41979 28.079199
41999 29.305029
42019 27.006596
42039 23.712173
42059 21.41374
42079 15.7825775
42100 10.6877165
42120 6.8569937
42139 3.6774938
42159 1.4939817
42180 -0.99598813
42199 -2.6048913
42220 -3.7158008
42240 -4.1754875
42259 -4.022259
42282 -2.4133554
42299 -0.65122294
42319 2.2601264
42339 6.282385
42359 14.824897
42379 25.512613
42399 34.246662
42419 34.208355
42439 29.726408
42459 24.861391
42479 23.21418
42499 21.260511
42519 15.705963
42539 10.151415
42559 4.6351748
42579 1.187524
42599 -1.1109097
42619 -2.183512
42639 -3.1794996
42659 -4.4053316
42679 -3.9456444
42701 -2.528277
42719 -1.7238255
42739 -1.6089034
42759 -1.6472108
42779 0.8044517
42800 7.73806
42820 18.119318
42839 25.972301
42860 31.297005
42880 32.17807
42902 27.542896
42920 24.095245
42939 22.37142
42959 19.728222
42979 14.748282
42999 9.040505
43019 3.7541082
43040 0.45968676
43060 -0.76614475
43080 -1.838747
43100 -2.4899695
43120 -2.8730423
43140 -3.2944217
43160 -3.3710358
43180 -2.030283
43200 0.53630126
43220 5.0182467
43240 10.994174
43260 19.038692
43280 26.66183
43299 29.803022
43320 28.462269
43340 25.665842
43360 23.099258
43379 21.068974
43400 17.774553
43421 13.445837
43439 8.925584
43459 5.5928555
43479 2.6431987
43499 0.612916
43521 -1.1875238
43540 -1.8770542
43560 -2.528277
43580 -3.1794996
43599 -4.060566
43620 -3.9839516
43640 -2.8347347
43660 -1.1492169
43680 2.1452048
43700 7.8912888
43720 22.10327
43740 32.331303
43759 36.430172
43780 34.093433
43801 28.462269
43820 24.133553
43840 19.34515
43860 14.748283
43880 8.925584
43900 3.4859576
43919 0.03830719
43942 -2.0685902
43960 -3.8690295
43979 -4.3287163
43999 -4.1754875
44019 -4.367024
44039 -5.094861
44060 -4.9416323
44079 -2.528277
44099 0.22984338
44119 3.9456444
44140 10.151415
44160 20.647594
44179 30.492554
44200 35.625725
44220 33.825283
44240 29.419949
44260 23.022642
44280 18.157625
44299 13.905523
44319 9.155428
44339 5.286397
44360 2.4133554
44379 0.6895299
44399 -1.3407531
44419 -2.528277
44439 -1.9919763
44461 -2.604891
44479 -3.6774938
44499 -4.2904096
44520 -1.7621324
44539 0.88106626
44561 2.030283
44579 10.304644
44599 24.248474
44619 35.77895
44639 41.793186
44659 37.541084
44679 29.266722
44699 23.75048
44720 19.689915
44739 15.322891
44759 10.419565
44780 6.129156
44799 1.8770542
44820 -0.38307238
44840 -2.2601266
44860 -4.1371803
44881 -5.0182467
44900 -4.7884035
44919 -4.82671
44940 -5.516241
44959 -5.0182467
44979 -3.0645783
44999 1.1492168
45020 8.082825
45040 19.153614
45060 27.581203
45080 33.55713
45100 39.188293
45120 38.766914
45140 31.067162
45160 23.099258
45180 16.740257
45200 11.836933
45219 8.6574335
45239 5.5545483
45260 2.6048915
45280 -0.2681508
45300 -2.1068974
45320 -3.5242648
45340 -3.8307228
45360 -3.4476504
45380 -2.6431985
45401 -1.4556746
45420 0.45968676
45440 4.8267107
45459 13.752295
45479 22.179884
45499 28.155813
45520 37.00478
45540 41.754875
45560 34.591427
45579 24.363396
45599 17.046715
45620 12.832921
45640 9.11712
45660 5.2097826
45680 1.0726022
45700 -2.6431987
45720 -4.903325
45740 -6.244078
45760 -6.895301
45780 -6.9336085
45800 -5.363012
45820 -3.562572
45840 -1.5322888
45860 0.19153619
45880 6.8569937
45900 14.518439
45921 21.911736
45940 28.155811
45959 30.760704
45979 28.692114
45999 21.950043
46019 16.395493
46040 14.020446
46059 12.947844
46079 10.0748005
46099 6.5505357
46119 2.4133554
46139 -1.7238255
46159 -4.6351748
46179 -6.435614
46199 -6.282386
46219 -5.5545483
46239 -4.82671
46259 -2.643199
46279 0.42137957
46299 3.2944217
46319 4.55856
46339 7.393295
46359 15.284584
46379 25.091232
46399 33.403904
46419 31.756693
46440 24.746468
46459 19.689915
46479 16.816874
46499 13.713987
46519 9.615114
46540 4.367024
46559 0.34476495
46579 -2.0302835
46599 -3.1411924
46619 -3.4476504
46639 -3.524265
46659 -3.2178068
46679 -3.064578
46700 -2.9113493
46719 -2.0685906
46740 1.9153614
46760 6.933608
46780 11.032481
46800 18.119318
46820 25.933994
46840 30.990547
46860 29.41995
46879 25.014618
46899 20.877438
46919 19.038692
46939 15.974113
46960 12.028469
46979 7.546524
46999 4.1754875
47019 0.9193735
47039 -1.6855183
47060 -3.2944217
47079 -3.754108
47099 -3.5625722
47120 -2.7581205
47140 -2.4899697
47160 -1.3024459
47179 2.183512
47199 4.6734815
47220 6.7803793
47239 13.905523
47259 24.17186
47279 28.998571
47299 27.466282
47319 23.48233
47339 20.494366
47359 18.732235
47379 17.966091
47399 15.437813
47420 12.603077
47439 10.228029
47459 7.163452
47479 2.6815057
47499 0.8810663
47519 0.038307667
47540 -0.306458
47559 -0.19153643
47580 0.45968676
47599 1.6855178
47619 4.2521024
47639 6.8186865
47659 8.619126
47681 10.840944
47699 16.01242
47719 23.712175
47739 29.305027
47759 28.423962
47780 23.673866
47799 19.268536
47819 17.046715
47840 14.939818
47859 12.29662
47879 9.117121
47899 6.2440777
47919 3.9073372
47939 2.413355
47959 1.3024457
47979 0.49799347
47999 0.15322924
48019 1.1109097
48039 1.4173677
48059 3.217807
48079 7.163451
48100 12.258313
48119 17.161638
48139 23.980324
48159 30.684088
48179 30.68409
48200 25.359385
48219 20.379444
48239 16.395493
48259 12.756306
48279 10.304644
48299 6.5122285
48319 2.9879637
48339 1.4173672
48359 0.2681508
48379 -0.6895304
48399 -1.0726023
48419 -1.3024461
48439 -2.030283
48459 -3.4476504
48479 -2.48997
48499 0.38307226
48519 5.899313
48539 14.480132
48559 23.175873
48579 27.198132
48599 30.760704
48620 29.075186
48639 23.022644
48659 17.429789
48679 12.56477
48700 8.6574335
48719 6.090849
48739 3.677494
48759 1.570596
48779 0.3447652
48799 -0.03830719
48819 -0.26815033
48839 -0.45968628
48859 0.15322924
48879 -0.34476566
48899 0.34476495
48919 4.252102
48939 9.040505
48959 13.369223
48979 17.851168
48999 25.167847
49019 29.113491
49039 28.117504
49059 23.63556
49079 19.268536
49099 12.066776
49119 8.197746
49141 6.8569937
49159 6.9719152
49179 4.8650174
49199 2.1068974
49219 -0.03830719
49239 -1.7621326
49259 -1.8387465
49279 -0.9193735
49299 -1.2641387
49319 -2.3750484
49339 -2.0302832
49359 2.1452048
49379 7.0102224
49399 14.633361
49419 23.980324
49439 30.492554
49459 30.952238
49479 27.696125
49499 24.47832
49519 22.677877
49539 20.724209
49559 17.199945
49579 12.603077
49599 7.546523
49619 3.3710356
49639 -0.34476495
49661 -1.4173672
49679 -2.3367407
49699 -2.643199
49719 -1.5705962
49739 -0.88106656
49760 0.19153619
49779 1.4173672
49799 4.098873
49819 10.419565
49839 18.349161
49859 25.244463
49879 30.186094
49899 33.71036
49919 30.760702
49939 24.59324
49959 18.540699
49979 14.633361
49999 12.296619
50019 10.0748005
50040 7.1251445
50059 4.367024
50079 1.4939818
50099 -0.42137957
50119 -1.685518
50139 -2.6431985
50159 -2.8347344
50180 -2.9879634
50199 -1.9536684
50219 1.3790603
50239 5.2097826
50259 10.764331
50281 16.74026
50299 22.94603
50319 28.615498
50339 30.95224
50359 27.61951
50379 23.980324
50399 20.762518
50419 17.927782
50439 14.480131
50459 9.385271
50479 4.3670235
50499 0.6895299
50519 -1.4173675
50539 -2.1835122
50559 -2.0685902
50579 -1.8770542
50599 -2.336741
50619 -2.75812
50639 -1.4556746
50659 2.1452048
50679 7.967903
50700 12.603078
50719 18.502392
50740 25.589228
50759 28.807034
50780 25.857378
50800 23.022644
50819 21.41374
50839 20.494366
50860 17.889475
50879 14.020445
50901 10.0748005
50919 6.0142345
50939 3.4476504
50959 1.1875236
50979 -0.84275913
50999 -2.336741
51019 -2.9113493
51039 -2.75812
51059 -2.2601266
51079 -0.5746083
51099 1.7621325
51119 5.363012
51139 11.453861
51159 19.76653
51179 27.77274
51199 30.569168
51220 29.57318
51239 25.933992
51260 21.796812
51279 18.50239
51299 14.671669
51321 10.955867
51340 6.703765
51359 2.528277
51379 -0.15322876
51399 -1.1875238
51421 -1.3407528
51439 -1.1875243
51459 -1.0726023
51479 0.22984362
51499 2.1068974
51519 4.903325
51539 7.2400665
51560 10.266336
51580 15.284584
51600 19.843143
51619 23.060951
51640 25.589228
51659 26.355373
51679 24.74647
51699 23.022644
51719 20.954054
51740 18.464085
51759 14.403517
51779 9.461885
51800 3.6774938
51819 0.9959879
51840 -0.3447652
51859 -0.45968676
51879 -0.38307285
51900 -0.53630114
51919 -1.3024459
51939 -2.145205
51959 0.61291575
51979 6.435614
51999 11.262324
52020 15.20797
52039 19.804836
52059 24.938005
52079 28.270733
52099 26.929981
52119 22.869415
52139 19.958065
52159 18.38747
52179 15.629349
52199 12.181698
52219 8.121132
52239 4.596867
52260 2.2218194
52279 1.0342953
52299 -0.07661438
52319 -1.0726023
52339 -1.1875243
52361 -0.22984314
52379 2.0685902
52400 5.2863975
52419 9.653421
52439 15.591042
52459 22.141579
52479 26.929981
52499 27.734432
52519 25.397692
52539 24.44001
52559 23.865402
52579 21.566969
52599 17.468096
52619 11.798626
52639 6.933608
52659 3.2178066
52679 0.7278371
52699 -0.72783756
52719 -0.80445147
52739 -1.1109095
52759 -0.38307238
52780 0.88106585
52799 2.8730423
52819 5.209783
52840 6.5888433
52859 15.093047
52880 23.175873
52900 28.194118
52919 28.768726
52939 25.206156
52959 21.83512
52981 22.026655
53000 19.077
53019 14.480131
53039 10.0748005
53059 7.31668
53080 5.4013186
53099 3.3327281
53119 1.9919763
53139 2.4899697
53159 2.873042
53179 2.949656
53199 4.5968676
53219 6.397307
53239 5.516241
53259 5.2863975
53279 9.844957
53300 17.736246
53319 25.129541
53339 24.095247
53359 19.88145
53379 16.510414
53400 16.280571
53419 14.78659
53439 12.066776
53459 10.457872
53479 9.232041
53502 7.584831
53519 6.1291566
53539 5.477934
53559 4.5585604
53579 3.4859576
53599 3.294422
53619 3.562572
53639 4.5968676
53659 6.4739213
53679 8.6574335
53699 12.488155
53720 17.27656
53740 20.57098
53760 22.7928
53780 23.175873
53800 21.068974
53820 18.92377
53839 16.931795
53860 14.633361
53879 12.373235
53899 10.151415
53921 6.933608
53939 4.5968676
53960 3.1794999
53979 2.1452045
53999 1.4556746
54019 1.6089034
54039 2.834735
54059 5.477934
54079 8.734048
54099 10.687716
54119 12.564771
54139 17.008408
54159 21.068975
54179 21.337126
54199 19.115307
54219 15.935806
54240 13.445836
54259 13.101071
54279 13.024458
54300 12.105084
54319 10.534488
54340 8.887277
54359 7.814674
54379 6.550536
54400 4.481946
54419 2.5282772
54440 2.2984333
54459 6.8186865
54479 11.109096
54499 12.98615
54519 16.970102
54539 22.10327
54559 24.478317
54579 22.907722
54599 19.651608
54619 15.437812
54639 11.990162
54660 9.998186
54680 9.308657
54700 8.427589
54720 6.742072
54739 5.1331687
54759 3.524265
54779 1.4556742
54799 1.0342956
54819 1.685518
54840 3.2178068
54860 8.465898
54879 14.36521
54900 17.00841
54919 16.318878
54939 15.169662
54961 15.399505
54979 14.097059
55000 13.292607
55020 11.760319
55040 10.534487
55060 10.228029
55080 10.419565
55100 11.070788
55120 10.534487
55139 9.653421
55159 9.653421
55179 9.921572
55199 10.151415
55220 10.91756
55239 11.262325
55259 11.3006315
55280 11.224018
55299 11.032481
55320 10.304644
55339 10.0748005
55359 10.304644
55380 10.726024
55399 10.534488
55419 10.266336
55439 9.998186
55459 10.994174
55479 11.990162
55501 8.504204
55521 6.6271505
55539 9.959879
55567 11.798626
55709 12.105083
55709 12.028469
55709 11.147404
55709 9.998186
55709 9.500193
55709 10.036493
55709 10.6877165
55726 10.534487
55739 10.342951
55764 9.615114
55779 9.615114
55800 9.423578
55831 8.925584
55839 8.197746
55860 7.699753
55880 7.0485296
55901 7.0485296
55920 8.389282
55970 9.921572
55970 9.040505
55979 8.772355
55999 9.002198
56019 10.419566
56039 10.113108
56059 11.415553
56079 11.722012
56099 9.883265
56119 9.461885
56139 11.798626
56159 12.181698
56179 8.695741
56199 4.367024
56219 1.6089034
56239 1.6089039
56259 -5.8610063
56279 -1.0342951
56299 3.6391866
56319 3.6774936
