354
4766
5580
6781
8306
9000
9596
10154
10686
11290
11858
12379
12902
13430
13953
14512
15037
15602
16366
17494
18028
18542
19068
19672
20155
20725
21244
21812
22291
22814
23424
23946
24466
25033
25515
26121
26686
27247
27770
28377
28901
29423
29990
30595
31320
31721
32368
32850
33373
33934
34458
35475
36197
36515
37080
37808
38168
38972
40385
40912
41520
41956
42401
42926
43368
43932
44334
44855
45508
45825
46794
47438
47719
48213
48768
49129
49575
50308
50986
51426
51870
52274
52797
53242
53889
54252
54810
55176
55749
56088
57067
57509
58047
58556
59003
59446
60039
60656
61459
61945
62388
62911
63434
63918
64442
64965
65450
65897
66420
66940
67421
67871
68428
68922
69440
69968
70452
70980
71901
72465
72946
73467
73995
75000
75523
77218
77539
78505
79038
79435
79916
80240
80844
81328
81810
82297
82843
83425
84198
84593
85156
85683
86371
86808
87258
87777
88261
88862
89269
89829
90276
90761
91244
91762
92249
92812
93293
93820
94311
94787
95227
95715
96357
96765
97244
97730
98171
98699
99177
99658
100144
100626
101152
101605
102164
102648
103136
103655
104540
105023
105547
106110
106593
107077
107476
108005
108444
109008
109575
110019
110502
111147
111627
111952
112518
113204
113523
114047
114491
115059
115459
115983
116593
117115
117475
117997
118483
119002
119492
120014
120535
121072
121622
122109
122594
123116
123601
124131
124609
125091
125574
126059
126542
127113
127753
128198
128761
129325
129845
130454
130893
131462
131942
132387
132907
133879
134519
134968
135529
136012
136617
137225
138031
138513
139157
141170
142138
143428
144114
144882
145889
146410
147101
147861
148707
149152
150120
150885
151693
152374
153135
153947
154589
155038
156003
156847
157534
158375
159145
159790
160553
161484
161965
162687
163416
164103
164671
165428
166158
166921
167607
168371
169062
169541
169783
170307
171117
171394
172245
172889
173569
174214
174942
175584
176233
176957
177400
177685
178566
179097
179818
180462
180908
181195
181878
182600
183168
183976
184533
185422
185903
186549
187152
187917
188563
189286
189892
190617
191268
191906
192559
193237
193930
194566
195334
195987
196785
197520
198153
198842
199568
200292
200932
201820
202386
203069
203715
204117
204398
205045
205693
206334
207020
207621
208351
209073
209639
210364
211090
211733
212419
213181
213911
214595
215399
216005
216892
217417
217981
218624
219390
220158
220762
221486
222210
222940
223622
224145
224456
224956
225841
226523
227369
228013
228782
229432
230070
230713
231362
232046
232766
233497
234220
234947
235671
236477
237162
237447
237768
238420
238933
239781
240431
240990
241593
242278
242881
243488
244094
244740
245100
245386
245946
246549
247111
247677
248402
248965
249570
250136
250781
251349
251913
252477
253041
253531
254089
254699
255216
255860
256386
256907
257602
258043
258601
259124
259730
260332
260939
261499
262062
262670
263397
263963
264489
265008
265653
266260
266861
267548
268233
268756
269690
270447
270733
271257
274922
275728
276534
277261
277703
278026
278471
279157
279759
280322
280886
281573
282063
282661
283225
283870
284312
285035
285562
286165
286607
287336
287778
288259
288914
289470
290156
290602
291165
291698
292532
292811
293384
293823
294387
294953
295521
295961
296562
297051
298057
298661
299144
299745
300190
300756
301358
301879
302529
302977
303617
304139
304744
305268
305711
306277
306799
307366
307890
308498
308976
309550
310022
310586
311109
311673
312250
312803
313328
313970
314538
315146
315711
316311
316793
317357
317879
318453
318847
319453
319896
320543
321031
321510
322034
322558
323202
323766
324289
324932
325463
326021
326589
327190
327674
328157
328684
329289
329770
330335
331625
