1112 -0.11279912
1132 -0.12499202
1152 -0.13021746
1173 -0.13892668
1193 -0.13718492
1213 -0.1445877
1233 -0.1376204
1255 -0.14589405
1275 -0.1472004
1294 -0.14153948
1314 -0.13457212
1334 -0.13762031
1354 -0.1384912
1378 -0.13674936
1407 -0.13457203
1481 -0.13674927
1482 -0.1293465
1482 -0.12847544
1484 -0.123685405
1495 -0.12324992
1515 -0.121943474
1544 -0.12063703
1566 -0.11323426
1581 -0.10321868
1596 -0.10104144
1616 -0.091025874
1636 -0.08623583
1657 -0.08231666
1676 -0.08231675
1697 -0.08101039
1717 -0.08841315
1737 -0.08623591
1759 -0.08623591
1777 -0.09059048
1798 -0.09363877
1817 -0.098428726
1838 -0.10104153
1859 -0.098428726
1878 -0.10191241
1898 -0.110186055
1918 -0.11628246
1938 -0.110186055
1960 -0.10975058
1978 -0.10931518
1999 -0.11933067
2019 -0.11933067
2039 -0.10757334
2060 -0.11933067
2079 -0.12455619
2099 -0.12455619
2120 -0.11758891
2140 -0.10931527
2160 -0.10757342
2181 -0.1053961
2200 -0.11149251
2220 -0.09538061
2241 -0.10234798
2264 -0.114105314
2287 -0.09929978
2308 -0.10104162
2321 -0.09407425
2341 -0.10365434
2364 -0.11105702
2382 -0.10321877
2402 -0.10583158
2422 -0.10017057
2442 -0.106702454
2464 -0.10321877
2489 -0.09581601
2505 -0.09973509
2523 -0.093203284
2543 -0.11366992
2563 -0.10800899
2583 -0.09929995
2603 -0.1071382
2623 -0.10800908
2644 -0.106702715
2665 -0.10365451
2684 -0.10365451
2704 -0.100606315
2724 -0.10452548
2771 -0.110621884
2771 -0.098864466
2785 -0.0918971
2805 -0.09407434
2825 -0.096687056
2845 -0.087542444
2865 -0.09799342
2885 -0.098864295
2913 -0.09799333
2926 -0.11149259
2946 -0.1206372
2966 -0.11889536
2986 -0.12499177
3006 -0.13544273
3026 -0.13587822
3047 -0.13500734
3068 -0.14458734
3091 -0.1262982
3107 -0.12412097
3127 -0.11454088
3152 -0.10931527
3167 -0.09929969
3188 -0.097122364
3213 -0.093203284
3228 -0.09146153
3248 -0.08667148
3274 -0.08449424
3288 -0.08231709
3309 -0.089284375
3335 -0.09973535
3351 -0.114105485
3369 -0.11584733
3389 -0.106267326
3409 -0.10496096
3429 -0.09973543
3454 -0.09581626
3470 -0.0979935
3490 -0.10234807
3511 -0.104525305
3531 -0.11149259
3559 -0.108008906
3572 -0.09625158
3591 -0.09015517
3611 -0.106702454
3632 -0.10583158
3654 -0.10931527
3673 -0.11149259
3692 -0.112363555
3712 -0.11279895
3733 -0.12542725
3754 -0.09929978
3774 -0.14153923
3793 -0.127169
3812 -0.12324992
3833 -0.09712254
3856 -0.08101056
3876 -0.07578503
3895 -0.11149259
3914 -0.112363465
3934 0.13584761
3959 0.20465001
3978 0.12278392
3994 0.43283013
4014 0.57435393
4034 0.61310965
4054 0.6605747
4075 0.55127466
4095 0.3588022
4115 0.10275286
4135 0.042659674
4155 0.018274046
4179 0.6414146
4195 1.1591742
4215 1.3969344
4236 1.3128909
4259 1.2240574
4276 1.0598897
4296 1.2231865
4316 1.5719883
4336 1.9787064
4356 2.0035272
4377 1.7122058
4397 1.1713668
4417 0.9645242
4437 0.6701546
4458 0.5116478
4485 0.34965742
4518 0.47245666
4518 0.5038097
4538 0.39363888
4560 0.48639143
4578 0.58567595
4598 0.5617257
4618 0.49379426
4641 0.5177445
4660 0.6192062
4691 0.76160103
4702 0.7764065
4726 0.7916477
4747 0.9222851
4768 1.0834044
4780 0.82387155
4800 0.47027943
4821 0.4297819
4847 0.4397974
4869 0.14629863
4885 -0.28959495
4902 -0.6183658
4921 -0.7960327
4944 -0.87397975
4962 -1.0237772
4982 -1.1875095
5002 -1.291584
5023 -0.87006056
5047 -0.12281435
5067 0.31307933
5083 0.51251906
5103 0.49118164
5124 0.56651586
5153 1.0011032
5180 1.3551304
5188 1.401289
5203 1.4295938
5223 1.7592354
5248 1.5737303
5264 0.9923937
5285 0.74156976
5305 1.097339
5342 1.5584893
5351 1.8175869
5368 1.7705574
5385 1.4326417
5406 1.4139171
5426 1.615534
5451 1.7470425
5469 2.01093
5486 2.1380842
5507 2.0192037
5531 1.6137924
5552 1.4896868
5569 1.6420971
5601 1.838924
5607 2.0170264
5627 2.0087526
5650 1.7879753
5667 1.4801067
5687 1.3216001
5712 1.3189873
5732 1.3625331
5748 1.3076653
5771 1.1783342
5787 1.0921135
5808 1.0638088
5829 1.0995163
5855 1.1974944
5868 1.3742903
5888 1.5902776
5909 1.7326725
5928 1.7544456
5979 1.7361561
5980 1.8737609
5993 2.0766845
6025 2.165518
6042 2.2077577
6050 2.2090638
6069 2.06754
6089 1.387354
6110 1.2662969
6131 1.4069499
6150 1.4387383
6170 1.4187073
6190 1.3886606
6210 1.4487538
6231 1.5584892
6251 1.4831548
6271 1.2166547
6291 0.97845894
6311 1.3708072
6333 1.2715224
6352 0.7946957
6372 0.095350005
6392 -0.5865775
6412 -0.8635288
6432 -0.7376813
6453 -0.7089409
6473 -0.316593
6493 0.08838298
6513 0.326143
6534 0.2882581
6554 0.13192874
6574 0.1428152
6593 0.5351629
6614 0.91836584
6634 0.8517409
6655 0.11407483
6675 -0.45158532
6694 -0.98066705
6714 -1.0991117
6739 -1.3050833
6755 -1.2480383
6775 -0.83827215
6801 -0.54738617
6815 -0.7402942
6835 -1.0533886
6861 -1.4574937
6876 -1.5380534
6896 -0.20424514
6922 1.3934509
6936 2.3989236
6957 3.157492
6983 3.0508044
6997 2.307913
7016 1.5863589
7037 1.2845863
7058 1.1500298
7077 1.2998275
7097 1.4509314
7117 0.0034684269
7137 -2.1459532
7158 -4.0637107
7178 -5.3330708
7198 -5.8203487
7218 -5.7493687
7238 -5.4941907
7258 -5.100536
7279 -4.624145
7299 -4.380724
7319 -4.3837724
7339 -4.271859
7359 -3.858174
7379 -3.3360598
7399 -2.938051
7420 -2.4973674
7440 -2.1973367
7460 -2.076715
7480 -2.1085036
7500 -2.201256
7522 -2.2160616
7541 -2.194724
7561 -2.1881924
7581 -2.2556884
7601 -2.3597631
7622 -2.4403226
7642 -2.5631218
7662 -2.7560296
7682 -2.9363096
7702 -3.0948164
7723 -3.148813
7743 -3.1853914
7762 -3.28337
7782 -3.5189528
7803 -3.708377
7823 -3.6774595
7843 -3.5921094
7863 -3.5951576
7883 -3.5977705
7903 -3.5524826
7923 -3.4449244
7947 -3.3935404
7964 -3.3661065
7984 -3.3081903
8004 -3.1030898
8025 -2.8100266
8044 -2.618425
8064 -2.4764657
8085 -2.326668
8105 -2.0915205
8125 -1.681319
8145 -1.2680691
8165 -0.95279765
8185 -0.70502204
8205 -0.3679775
8226 -0.09842877
8246 -0.0021925406
8266 0.21727835
8286 0.5538874
8306 1.0603251
8326 2.1629052
8346 2.5979278
8367 2.7076635
8387 2.8857658
8407 3.0529816
8427 2.9946303
8447 2.9584875
8467 3.055159
8488 3.252422
8508 3.3739145
8528 3.238487
8548 2.3941336
8569 2.144616
8589 2.1433096
8609 2.379328
8629 2.6723912
8650 2.9850502
8670 3.3299332
8690 3.5250177
8710 3.5737894
8730 3.403961
8750 3.443152
8770 3.4762466
8790 3.4344428
8810 3.5520165
8830 3.3865426
8851 3.1344125
8871 2.9959366
8891 2.7694986
8913 2.4995143
8931 2.363216
8952 2.456404
8972 2.5482855
8993 2.6227489
9014 2.412858
9034 2.0714586
9052 1.858955
9072 1.770993
9092 1.6059543
9113 1.4309001
9133 1.313762
9153 0.8931093
9173 0.474634
9193 0.06051341
9214 -0.23167905
9233 -0.40107223
9254 -0.5047112
9273 -0.5730782
9294 -0.64928347
9315 -0.591803
9336 -0.39671785
9355 -0.21905093
9376 0.05702955
9396 0.3113371
9418 0.47376296
9438 0.499455
9457 0.5578064
9476 0.5569355
9496 0.47027925
9516 0.4816012
9538 0.5438717
9557 0.578273
9577 0.70455587
9599 0.80514663
9617 0.9749752
9638 1.0690342
9657 1.1691896
9678 1.3259546
9698 1.6029058
9719 1.8772445
9738 1.955627
9760 1.9673843
9779 1.9181775
9799 1.6595154
9819 1.3324863
9840 0.8826582
9866 0.63705975
9881 0.4572156
9902 0.092301674
9919 -0.32443163
9940 -0.59006107
9961 -0.6993609
9980 -0.9031554
10000 -1.1008534
10020 -1.1086916
10040 -1.0128907
10061 -0.7463904
10081 -0.5669817
10104 -0.3566554
10120 0.08707645
10141 0.42804006
10160 0.6178999
10181 0.8360644
10202 1.1691899
10223 1.557183
10243 1.7601066
10262 1.8741965
10284 1.8728901
10304 1.851117
10323 1.8502463
10343 1.8093133
10364 1.6259856
10388 1.2375566
10405 0.7054269
10424 0.15065318
10448 -0.3065778
10464 -0.44374713
10486 -0.44200537
10510 -0.34184998
10525 -0.29264325
10545 -0.37407398
10569 -0.45027897
10585 -0.35796183
10607 -0.101476975
10631 0.19289277
10645 0.53516287
10667 0.7925187
10686 0.7676976
10708 0.7089109
10726 0.62748027
10746 0.7672623
10768 1.0934204
10786 1.3751616
10807 1.6185826
10835 1.9229678
10853 2.2935426
10871 2.5900896
10893 2.8605092
10907 3.054288
10928 3.1518304
10949 3.300757
10969 3.1178644
10987 2.5857348
11007 2.0862646
11030 1.8559071
11049 1.7531391
11068 1.5772141
11088 1.3120202
11108 0.9854265
11128 0.9414452
11148 1.0973393
11168 1.1935756
11188 1.3311803
11209 1.6725793
11228 2.0065756
11248 1.9969958
11269 1.9756584
11289 2.088442
11309 2.1293752
11329 2.159857
11350 2.0745077
11370 1.8228129
11390 1.5876652
11410 1.5415066
11430 1.4870744
11450 1.4099984
11470 1.4365612
11491 1.3433732
11511 1.1099675
11531 1.0237467
11551 1.0590189
11571 1.1556906
11593 1.2201383
11611 1.1587386
11632 1.0607606
11651 1.0520514
11672 1.0812272
11692 1.0799208
11712 1.0402942
11732 1.0272304
11752 1.1077901
11772 1.1195476
11793 1.0450841
11814 0.98324907
11833 0.99282914
11853 1.0812272
11874 1.3237773
11895 1.6033416
11915 1.7688156
11935 1.7457362
11954 1.5837458
11975 1.3446794
11995 1.0633733
12015 0.86393356
12035 0.7746647
12055 0.7494081
12075 0.67929935
12095 0.49205235
12116 0.34486744
12135 0.33877105
12155 0.42063722
12176 0.5817568
12196 0.75594
12216 1.0028448
12236 1.3041818
12256 1.457463
12277 1.4596404
12297 1.3886607
12318 1.2832798
12337 1.2014136
12357 1.1090965
12377 1.0738244
12398 1.1374013
12419 1.2144774
12438 1.2885052
12458 1.1861726
12478 1.1143221
12499 1.2144774
12518 1.4295937
12538 1.5288783
12558 1.3917089
12579 1.2623779
12599 1.1918336
12619 1.2323313
12639 1.256717
12659 1.1487235
12679 1.1583034
12700 1.2327667
12720 1.287199
12740 1.2680389
12760 1.2079456
12780 1.2210094
12800 1.2789252
12820 1.3577431
12840 1.3333575
12861 1.3085363
12881 1.3459857
12901 1.349034
12921 1.3904026
12941 1.3995472
12961 1.3133265
12982 1.3668879
13002 1.498396
13022 1.5972453
13042 1.6233727
13062 1.5637149
13082 1.4814134
13102 1.4653014
13123 1.5419419
13143 1.5319264
13163 1.4391738
13183 1.4169654
13204 1.3420666
13224 1.2828443
13244 1.2480077
13264 1.1735443
13284 1.1522069
13305 1.1927043
13325 1.2027199
13345 1.1186765
13365 1.0847107
13386 1.1047419
13405 1.1326112
13425 1.1417558
13445 1.1587386
13465 1.1918334
13487 1.2867633
13506 1.336841
13526 1.336841
13550 1.3346636
13568 1.3995469
13588 1.4278517
13607 1.4622529
13627 1.4578983
13648 1.4927349
13668 1.4988313
13689 1.4583338
13708 1.4143524
13729 1.4008533
13750 1.3834349
13769 1.3890959
13790 1.361662
13813 1.3468565
13830 1.3020042
13850 1.2850213
13870 1.2806668
13890 1.2802312
13910 1.2689093
13929 1.1839951
13949 1.0646796
13970 1.0873234
13990 1.2824086
14012 1.5502152
14034 1.808442
14050 2.0361865
14070 2.243029
14094 2.43376
14110 2.6945992
14131 3.0172737
14158 3.2284708
14171 3.3260133
14192 3.3273199
14217 3.1862314
14231 2.9393265
14251 2.570929
14272 2.20079
14293 1.879422
14312 1.6368717
14332 1.487074
14352 1.3124553
14372 1.2136064
14393 0.97410434
14413 0.6196415
14433 0.41279888
14453 0.49379417
14473 0.79948574
14494 1.1596096
14513 1.4909931
14533 1.8201995
14554 2.0235586
14574 2.2865753
14594 2.5661392
14615 3.054288
14635 3.7127001
14656 4.3084073
14675 4.5648923
14695 4.5997286
14716 4.6110506
14736 4.594068
14756 4.5322328
14776 4.446012
14796 4.215219
14817 4.032327
14837 3.8899317
14858 3.608626
14880 3.1827476
14897 2.7350967
14918 2.341878
14937 1.8898724
14958 1.4465766
14979 1.1160636
14998 0.7441824
15018 0.42542708
15038 0.15413675
15058 -0.05923774
15079 -0.0858006
15098 -0.046609357
15119 0.0100003155
15140 0.036563266
15159 0.1515242
15180 0.41846007
15200 0.71587795
15221 1.1452397
15240 1.5911489
15260 2.0327034
15283 2.459017
15302 2.5221584
15320 2.6532311
15341 3.0860765
15361 3.4762468
15382 3.7318609
15403 3.7549403
15421 3.537647
15441 3.1513953
15461 2.6924224
15482 2.1668243
15503 1.6364363
15522 1.4030309
15547 1.021134
15564 0.30349913
15585 -0.24735542
15604 -0.57351357
15623 -0.77034074
15643 -0.9292829
15664 -0.96150684
15685 -0.8478523
15703 -0.68499094
15724 -0.5574017
15743 -0.4389571
15765 -0.2321145
15786 0.12713836
15804 0.56390285
15825 0.9188013
15847 1.213171
15869 1.4696559
15899 1.742688
15905 2.107602
15924 2.275689
15946 2.3897789
15965 2.4842732
15985 2.4028425
16005 2.158986
16026 1.9199195
16047 1.6525483
16066 1.3403245
16090 1.1029999
16107 0.7546335
16127 0.26038855
16147 0.04135314
16167 -0.056624934
16195 -0.22514716
16209 -0.25345185
16228 0.054417003
16248 0.36315677
16271 0.66013926
16288 1.000232
16309 1.2671679
16328 1.6656121
16347 2.1428742
16368 2.4816606
16388 2.695906
16408 2.9880984
16428 3.386107
16448 3.524147
16468 3.449684
16488 3.253728
16510 2.9249573
16529 2.6027176
16551 2.2330139
16572 1.6821594
16592 1.0995164
16611 0.60570693
16630 0.17286153
16650 -0.38800856
16672 -0.90489733
16691 -1.2462964
16712 -1.4553164
16731 -1.4892821
16752 -1.4222214
16773 -1.2741657
16792 -0.8630934
16812 -0.25345203
16833 0.28782237
16852 0.7354733
16874 1.2445239
16893 1.90163
16913 2.4002295
16933 2.7538214
16954 3.0294669
16974 3.2476313
16993 3.3564956
17015 3.128316
17042 2.6985188
17054 2.2813497
17075 1.9817544
17095 1.6468873
17114 1.0616317
17133 0.55519384
17154 0.2085691
17174 -0.16853766
17195 -0.5417252
17215 -0.8944464
17235 -1.0020045
17255 -0.78514636
17276 -0.33444718
17295 0.009564746
17316 0.32265905
17337 0.75898814
17357 1.3081008
17378 1.922097
17397 2.6314583
17416 3.1914573
17437 3.6539137
17458 4.152513
17477 4.397676
17497 4.350211
17517 4.144675
17538 3.8198228
17562 3.3878486
17584 2.7559988
17599 1.984367
17618 1.218832
17638 0.6945404
17662 0.23730941
17684 -0.3806057
17700 -1.0141972
17722 -1.5319568
17749 -1.8102146
17763 -1.8777107
17780 -1.7479442
17806 -1.433108
17820 -0.9214447
17840 -0.32660902
17881 0.21031085
17881 0.7476662
17902 1.4239326
17926 1.9403858
17940 2.4220023
17959 3.0381753
17980 3.6330116
18000 3.919107
18020 3.892544
18040 3.6613162
18061 3.289
18081 2.8012865
18102 2.298768
18122 1.6995778
18142 1.2192672
18165 0.75811726
18183 0.13758945
18202 -0.4894702
18222 -0.84262675
18242 -0.88878536
18263 -0.7437779
18283 -0.43242532
18303 0.025241245
18324 0.46897307
18343 0.98586196
18365 1.656903
18384 2.3201056
18405 2.9053614
18425 3.3316748
18444 3.7275062
18465 4.0967746
18484 4.2648616
18504 4.185173
18525 3.9426224
18548 3.6073198
18565 3.1570559
18585 2.5252066
18605 1.8458918
18625 1.2292831
18645 0.7703102
18667 0.2695332
18686 -0.3078842
18706 -0.76337343
18727 -1.0638394
18747 -1.2371519
18768 -1.2724239
18788 -1.120449
18807 -0.73027855
18827 -0.27870855
18847 0.099269174
18868 0.4833432
18888 0.9623472
18908 1.5907131
18930 2.0466378
18947 2.3492813
18968 2.688503
18988 3.2136652
19010 3.726635
19051 3.7832444
19053 3.5964327
19070 3.4078798
19089 3.1892798
19109 2.8117375
19131 2.2108052
19155 1.7405106
19170 1.4391736
19190 1.1121446
19211 0.58349836
19230 0.0056455787
19253 -0.2051161
19270 -0.18856873
19295 -0.13805562
19311 0.036127612
19330 0.38623592
19352 0.869159
19372 1.3403246
19393 1.8123612
19411 2.2752535
19432 2.6689074
19453 2.8779275
19472 3.124832
19493 3.4401038
19513 3.6857023
19538 3.7963083
19557 3.7745352
19578 3.5929492
19593 3.1818771
19612 2.6214423
19633 2.0666687
19654 1.6529835
19673 1.3298737
19694 0.8730781
19713 0.34181917
19735 -0.08231709
19759 -0.45942375
19777 -0.7703409
19794 -0.9123003
19815 -0.7760019
19834 -0.5182106
19856 -0.23821102
19875 0.07357702
19895 0.43370083
19915 0.91662383
19936 1.5314907
19957 2.0331383
19975 2.637119
19997 3.238051
20016 3.7475371
20036 4.1420627
20058 4.3367124
20081 4.295779
20097 4.110274
20117 3.91127
20136 3.5537589
20157 3.0669167
20178 2.662376
20198 2.115876
20218 1.5480385
20239 0.95842814
20258 0.517309
20278 0.39407435
20298 0.5456138
20318 0.8142914
20338 1.1387076
20358 1.5214753
20379 1.8093133
20399 2.1938226
20419 2.7364035
20440 3.1278803
20459 3.403961
20479 3.6896212
20499 3.765827
20519 3.6369307
20539 3.36477
20559 3.0512397
20582 2.6806648
20600 2.274382
20621 1.6690956
20640 0.9392679
20660 0.37622058
20682 0.029160457
20702 -0.37755755
20721 -0.75901884
20741 -1.01202
20762 -1.0917087
20782 -1.1535438
20802 -1.0673232
20822 -0.75422883
20843 -0.27130577
20862 0.21510099
20883 0.6631874
20903 1.0964682
20922 1.54978
20944 2.066669
20963 2.3980525
20985 2.6945994
21003 2.9841795
21027 3.3159983
21043 3.5189219
21063 3.4078798
21085 3.0782385
21105 2.720727
21125 2.3157508
21150 1.7932014
21165 1.2684743
21185 1.0350686
21205 0.82996786
21226 0.5978687
21245 0.2333902
21266 -0.05967305
21286 -0.05052835
21307 0.2525504
21330 0.6118033
21346 0.99021643
21366 1.4922997
21391 2.004834
21408 2.3536358
21428 2.6919868
21454 2.9358435
21468 3.0795443
21492 3.135283
21508 3.0799797
21530 2.9258277
21547 2.6754394
21568 2.3244598
21588 1.9190483
21608 1.52583
21629 1.1643996
21650 0.650559
21670 0.1802643
21689 -0.16200577
21710 -0.48250294
21730 -0.75161606
21749 -0.96803874
21773 -1.0925798
21790 -1.1134818
21810 -1.1208845
21834 -1.0529531
21850 -0.82912755
21870 -0.47989014
21890 -0.13892642
21913 0.24950227
21930 0.77553564
21950 1.1792054
21970 1.5232173
21991 1.860262
22011 2.3131385
22033 2.7263882
22052 2.7429354
22072 2.4537911
22092 2.1467931
22113 1.8868245
22155 1.5780848
22155 1.0799209
22179 0.5625966
22192 0.058771566
22213 -0.44853714
22238 -1.0141972
22253 -1.4775246
22273 -1.5228122
22293 -1.2132015
22313 -0.8330467
22335 -0.45114994
22353 -0.1302173
22374 0.30045077
22393 0.9658308
22414 1.5876648
22434 2.0549116
22453 2.4672904
22473 2.9253922
22494 3.206698
22514 3.2502434
22552 3.0460136
22556 2.7411933
22575 2.4276636
22600 2.0157201
22616 1.4609466
22641 0.95886326
22656 0.65578437
22677 0.31003058
22696 -0.20598723
22716 -0.6353489
22738 -0.92188036
22756 -1.0425023
22776 -1.0642753
22796 -0.9898119
22817 -0.7516163
22837 -0.40237886
22858 -0.022223819
22878 0.31743354
22898 0.722845
22918 1.3011333
22938 1.7056739
22959 2.076249
22978 2.4237442
22998 2.8478806
23018 3.1966822
23038 3.255034
23059 3.1370254
23078 2.8779268
23098 2.5569944
23118 2.1232781
23139 1.4287227
23160 0.8325805
23179 0.20160185
23200 -0.38278294
23220 -0.95541036
23239 -1.3830302
23260 -1.5271671
23280 -1.5045232
23300 -1.3629994
23320 -1.0629687
23340 -0.5674174
23364 0.0653032
23381 0.753327
23402 1.4330772
23421 1.9599816
23441 2.6318934
23462 3.133106
23482 3.3425612
23503 3.315998
23524 3.1975539
23542 2.958052
23563 2.576155
23582 2.1428742
23604 1.6434039
23624 1.0955975
23643 0.64315635
23664 -0.05836669
23684 -0.65973437
23708 -1.053824
23729 -1.3116151
23746 -1.4962494
23764 -1.625145
23784 -1.6242741
23804 -1.4461716
23827 -1.2014443
23845 -0.89618814
23866 -0.49687308
23886 -0.003499031
23906 0.45199016
23927 0.76726186
23946 1.222751
23966 1.8123612
23986 2.4681613
24007 2.933666
24027 3.0804152
24046 3.0695288
24066 2.9619706
24093 2.782562
24115 2.4690323
24128 2.0004792
24149 1.600293
24167 1.0620669
24189 0.38101053
24207 -0.30222324
24227 -0.79646814
24249 -1.0921441
24269 -1.0703713
24289 -0.7829689
24310 -0.55174065
24328 -0.3187706
24350 0.13541222
24368 0.7772776
24392 1.5271363
24416 2.2695925
24430 2.7098405
24450 3.154008
24469 3.6648004
24490 3.9347847
24530 3.8960288
24530 3.8111145
24550 3.714443
24570 3.4252985
24591 2.93236
24611 2.307042
24631 1.651242
24652 1.198801
24674 0.6710257
24692 0.09883387
24713 -0.36667088
24731 -0.704151
24752 -0.9040262
24771 -0.990247
24793 -0.89880085
24816 -0.7224403
24832 -0.46072996
24853 -0.056624845
24872 0.39842892
24892 0.8277906
24915 1.0594543
24933 1.3107136
24953 1.6764984
24978 2.017462
24994 2.2835271
25016 2.3257666
25040 2.202532
25054 2.0178976
25074 1.6673539
25099 1.2702161
25117 0.9057378
25134 0.6766868
25160 0.29696733
25175 -0.13370071
25195 -0.5012274
25221 -0.8356592
25235 -0.98327947
25256 -0.8356592
25275 -0.5234358
25295 -0.08275223
25316 0.3418195
25337 0.7280708
25356 1.1918336
25376 1.7718638
25397 2.2560933
25417 2.4607584
25441 2.758612
25458 3.1191711
25477 3.21323
25498 3.0965273
25518 2.7838686
25539 2.364522
25558 1.9112102
25578 1.3324865
25598 0.7855511
25619 0.3648985
25638 0.20029536
25658 -0.098864295
25679 -0.52387136
25699 -0.81214464
25723 -0.9946016
25739 -1.0507756
25759 -1.0107135
25779 -0.91709006
25799 -0.71198934
25819 -0.48076108
25840 -0.2739185
25861 -0.07970411
25881 0.2238102
25901 0.6392372
25920 0.9828138
25942 1.369936
25961 1.8458918
25982 2.2944136
26003 2.6837132
26021 2.901007
26042 2.8378656
26062 2.6632464
26082 2.3893433
26115 1.9194839
26147 1.378645
26147 0.91793025
26162 0.4149764
26182 -0.15939292
26204 -0.62794584
26222 -1.0037463
26242 -1.2267008
26263 -1.229749
26283 -1.0856122
26305 -0.7616314
26323 -0.3501235
26344 -0.032239135
26364 0.24688959
26384 0.6096262
26405 0.97976553
26425 1.0947264
26445 1.1012583
26465 1.3856124
26485 1.6686603
26506 1.6921749
26527 1.4679139
26545 1.1421912
26565 0.9248976
26587 0.74200517
26608 0.43021724
26626 0.08228614
26648 -0.11628268
26666 -0.20772886
26687 -0.61226946
26707 -1.0420666
26727 -1.2602311
26746 -1.3312109
26769 -1.2528284
26801 -1.1853324
26807 -1.1413511
26828 -1.1012889
26847 -1.0364057
26867 -0.82651496
26888 -0.581352
26908 -0.2856759
26929 0.024805762
26948 0.31656274
26968 0.5155672
26992 0.69279855
27010 0.9976192
27032 1.301569
27050 1.6965294
27071 1.9125167
27089 1.9033719
27109 1.8123616
27130 1.7631545
27151 1.7448654
27170 1.5902776
27190 1.3729839
27211 1.0760016
27232 0.6588328
27250 0.30915996
27270 -0.14545822
27291 -0.49121198
27310 -0.6780235
27332 -0.7638088
27351 -0.92057365
27371 -1.1147879
27391 -1.183155
27411 -1.1387382
27432 -1.0159389
27452 -0.8082254
27472 -0.635784
27491 -0.41674855
27512 -0.14981279
27532 0.08620557
27554 0.27998438
27582 0.4702796
27596 0.5952561
27613 0.638802
27633 0.6710259
27653 0.69541144
27674 0.6148516
27695 0.54822654
27713 0.47898865
27734 0.39059076
27754 0.25211498
27774 0.06878714
27795 -0.057495724
27814 -0.104525216
27834 -0.11062171
27854 -0.064027615
27874 0.015661327
27897 0.10710751
27915 0.15631433
27935 0.2355677
27955 0.3762206
27975 0.5277601
27996 0.59786886
28016 0.6039652
28037 0.62791544
28056 0.6509947
28077 0.6649294
28098 0.65665555
28119 0.67059034
28138 0.71413606
28159 0.6975887
28177 0.6309635
28198 0.5978687
28219 0.62660885
28238 0.60788417
28258 0.57609564
28283 0.65622
28299 0.71849054
28322 0.73852164
28339 0.6941049
28360 0.61485153
28379 0.57348293
28399 0.57914394
28422 0.59482044
28440 0.589595
28460 0.6605747
28479 0.7015076
28500 0.6113678
28520 0.58959484
28541 0.5887239
28561 0.59482026
28582 0.64881706
28600 0.7015075
28626 0.7237158
28641 0.7546333
28663 0.78685707
28686 0.777277
28705 0.75027865
28721 0.76508427
28748 0.6988947
28762 0.6653643
28783 0.6941046
28808 0.70281386
28825 0.64620435
28843 0.5499682
28870 0.43892643
28902 0.4210727
28906 0.4829078
28924 0.5151318
28946 0.48464966
28963 0.45939314
28983 0.47332782
29003 0.5051162
29024 0.52819544
29044 0.5969978
29065 0.672332
29086 0.70499134
29105 0.7089105
29125 0.6810412
29145 0.67102563
29166 0.6605747
29187 0.6675419
29205 0.6592683
29227 0.6348827
29246 0.6144161
29266 0.5956915
29288 0.6309637
29306 0.65447843
29326 0.5861114
29346 0.50293887
29366 0.47855318
29388 0.5678221
29408 0.6235607
29431 0.5586775
29465 0.49945518
29466 0.46592495
29487 0.4737632
29507 0.4271691
29526 0.4180245
29547 0.5403883
29567 0.69366956
29587 0.72328085
29607 0.63793105
29627 0.5116482
29648 0.47158596
29668 0.50685805
29690 0.5769668
29712 0.6405437
29729 0.75332737
29749 0.9201078
29772 0.96408904
29790 0.93447787
29811 0.9153177
29830 0.937526
29850 1.0437777
29871 1.2027199
29891 1.2841506
29915 1.2514912
29931 1.1774633
29951 1.1352239
29977 1.0742598
29993 0.95276695
30012 0.87743264
30031 0.9375258
30051 0.9919581
30072 1.0220048
30092 1.0485679
30114 1.0481324
30133 1.0381169
30152 1.0198277
30172 0.96017
30193 0.8926739
30213 0.9614763
30233 0.98324925
30253 0.9057377
30273 0.85391814
30293 0.85522455
30315 0.8556599
30334 0.8508699
30354 0.8482571
30377 0.8155978
30394 0.79905033
30415 0.8656755
30436 0.91749495
30455 1.0668571
30477 1.2636842
30495 1.3546948
30515 1.3525176
30535 1.2109936
30555 0.98673284
30577 0.91052765
30596 0.96104085
30617 1.0085058
30636 0.88309383
30655 0.6348827
30677 0.3109019
30697 0.16937803
30716 0.20682742
30736 0.2725816
30758 0.36185047
30779 0.4711504
30797 0.46984404
30820 0.45416754
30842 0.44415197
30863 0.5865467
30878 0.7772775
30897 0.8682882
30919 0.8299679
30941 0.8465153
30959 0.82300055
30979 0.78859943
30998 0.8007923
31019 0.8639336
31039 0.93621975
31071 0.989781
31082 0.8730783
31101 0.72284514
31120 0.7476663
31142 0.82300055
31160 0.82561326
31180 0.7119587
31200 0.58524036
31220 0.55388737
31241 0.59264314
31260 0.4802949
31287 0.26648504
31300 0.3152564
31320 0.61398065
31340 0.72545797
31360 0.49466515
31381 0.220762
31402 0.4206373
31440 0.6884441
31442 0.76334286
31461 0.7189262
31484 0.76029456
31529 0.9592989
31530 0.9727981
31548 0.8552244
31562 0.83867687
31582 1.0220047
31602 1.2767478
31622 1.2715223
