997 -0.21274592
1017 -0.20578098
1037 -0.19881596
1057 -0.19881596
1077 -0.22319326
1097 -0.21971078
1117 -0.20229842
1137 -0.191851
1157 -0.19533357
1177 -0.21274601
1197 -0.23712331
1217 -0.2510532
1237 -0.25453568
1257 -0.22319342
1277 -0.20926346
1297 -0.2162284
1317 -0.2545356
1337 -0.2754304
1357 -0.27194795
1377 -0.2545355
1397 -0.2789128
1417 -0.28587782
1437 -0.2754304
1457 -0.264983
1477 -0.28587782
1497 -0.3137377
1517 -0.32766768
1537 -0.31722024
1557 -0.32766768
1577 -0.35552743
1597 -0.36597487
1634 -0.3624923
1637 -0.39383456
1657 -0.4251768
1677 -0.4600015
1697 -0.4495541
1717 -0.43214166
1737 -0.4391065
1757 -0.47044876
1777 -0.45651886
1797 -0.41821167
1817 -0.37293956
1837 -0.33114988
1857 -0.28239518
1877 -0.27194777
1897 -0.23364058
1917 -0.2197107
1937 -0.19881587
1957 -0.2162283
1978 -0.21971087
1997 -0.2406057
2017 -0.26150054
2037 -0.2893603
2057 -0.32070255
2079 -0.34856233
2097 -0.35552737
2117 -0.38338712
2137 -0.39383456
2157 -0.3764222
2177 -0.31025514
2197 -0.3032901
2217 -0.3520448
2237 -0.40079948
2257 -0.42865926
2277 -0.4112469
2297 -0.39035207
2317 -0.40428188
2337 -0.4495541
2357 -0.50527364
2377 -0.5157211
2397 -0.51920354
2417 -0.52616847
2437 -0.50179106
2457 -0.47741368
2477 -0.44607145
2498 -0.44955394
2517 -0.42169416
2537 -0.39383438
2557 -0.3938343
2577 -0.39731675
2598 -0.41821158
2617 -0.4425889
2637 -0.42169407
2657 -0.40079924
2677 -0.40079924
2697 -0.4530363
2717 -0.50179094
2737 -0.53313315
2757 -0.54009813
2777 -0.51920325
2797 -0.49830845
2818 -0.51920325
2837 -0.5296507
2857 -0.5505455
2877 -0.5505455
2897 -0.5366156
2918 -0.4808961
2937 -0.46000126
2957 -0.4808961
2977 -0.4808961
2997 -0.46348372
3018 -0.44607136
3037 -0.40776417
3057 -0.40776417
3077 -0.40079924
3097 -0.42169416
3119 -0.43910658
3137 -0.46696636
3157 -0.42865917
3177 -0.3764221
3197 -0.3659747
3217 -0.40428197
3238 -0.4600016
3257 -0.49830887
3277 -0.48786145
3299 -0.48786154
3317 -0.47393167
3338 -0.43910685
3357 -0.41124707
3377 -0.42865944
3397 -0.45651922
3417 -0.4321419
3437 -0.32766768
3457 -0.20578107
3477 -0.14309649
3497 -0.11871919
3517 -0.0699645
3538 -0.007279916
3557 0.05192219
3577 0.12157171
3597 0.18773867
3617 0.23301081
3639 0.23301081
3657 0.21908101
3677 0.21211606
3697 0.20166865
3717 0.18077382
3737 0.1842563
3757 0.19122124
3777 0.18425621
3797 0.15639634
3817 0.13898407
3837 0.19470362
3857 0.31659022
3877 0.34096754
3897 0.31310776
3917 0.33052012
3937 0.39668715
3957 0.4628542
3977 0.56036353
3997 0.6334955
4017 0.69966257
4037 0.75189966
4058 0.7658296
4078 0.84244406
4097 1.107112
4117 1.4483947
4137 1.7652999
4157 2.0647926
4177 2.3433907
4197 2.472242
4217 2.5105495
4237 2.5279617
4257 2.5627868
4277 2.5836813
4297 2.4722426
4317 2.1309595
4337 1.6329658
4358 1.1001471
4378 0.6091181
4397 0.09719424
4418 -0.2893604
4437 -0.55054605
4457 -0.76645947
4478 -0.99630284
4497 -1.2296287
4517 -1.4281298
4537 -1.4768845
4557 -1.3863401
4578 -1.2470412
4597 -1.128637
4617 -0.9057585
4637 -0.6341255
4657 -0.338115
4677 -0.052552048
4698 0.29917794
4717 0.7031452
4737 1.1802443
4757 1.646896
4777 2.057828
4797 2.3190138
4817 2.51055
4837 2.7229807
4857 2.8553152
4877 2.810043
4898 2.6080592
4918 2.2110572
4937 1.6434134
4957 1.009603
4977 0.4907141
4999 0.027544802
5017 -0.3729398
5037 -0.83959144
5057 -1.40027
5077 -1.8390617
5098 -2.0410454
5117 -2.0723877
5137 -1.9818435
5157 -1.752
5177 -1.5012618
5197 -1.2992783
5217 -1.0067503
5237 -0.54706365
5257 0.090229385
5277 0.7310048
5297 1.3125781
5317 1.838432
5337 2.2389166
5357 2.5906465
5377 2.9110343
5397 3.1617727
5417 3.2627642
5437 3.193115
5457 2.9423766
5477 2.5140321
5497 2.0473807
5518 1.5110793
5537 0.856374
5558 0.23301095
5577 -0.3241851
5597 -0.7978018
5619 -1.1948038
5637 -1.4908142
5657 -1.685833
5677 -1.7241402
5697 -1.619666
5717 -1.435095
5737 -1.135602
5757 -0.63412553
5777 -0.024692362
5797 0.5986707
5817 1.2185513
5837 1.7304752
5858 2.2040915
5877 2.8413846
5897 3.3602731
5917 3.6040468
5938 3.4717126
5957 3.0747106
5977 2.552339
5997 1.9742484
6017 1.39964
6038 0.79368937
6058 0.21908084
6077 -0.36945733
6097 -1.1669441
6117 -1.8704041
6138 -2.2151692
6157 -2.1106951
6177 -1.7972722
6197 -1.5465341
6217 -1.2992784
6237 -0.99630296
6257 -0.5958183
6277 -0.04210472
6297 0.5917058
6317 1.2359637
6337 1.7827125
6357 2.0543456
6377 2.183197
6397 2.3851807
6417 2.5941293
6437 2.768253
6458 2.8135254
6477 2.6394017
6497 2.2598119
6517 1.7966424
6537 1.2847184
6558 0.81110185
6577 0.44544193
6598 0.03102736
6617 -0.52268624
6637 -0.9579956
6657 -1.1982864
6677 -1.3306205
6697 -1.3758928
6717 -1.3271381
6737 -1.2331113
6757 -0.98585546
6777 -0.5679584
6797 -0.017727332
6817 0.5464337
6837 1.1001472
6857 1.5842112
6877 2.0926526
6897 2.541892
6917 2.7787004
6937 2.8030775
6957 2.6777084
6978 2.3712504
6997 1.8662918
7017 1.3160608
7037 0.85637385
7057 0.42454702
7079 -0.06996441
7097 -0.7838718
7117 -1.4838493
7137 -1.8912988
7157 -1.9853259
7177 -1.8286144
7197 -1.5151916
7217 -1.2087339
7237 -0.88834625
7257 -0.5017914
7277 -0.076929525
7297 0.42454693
7317 1.0200502
7337 1.6085885
7357 2.002108
7377 2.3120484
7398 2.520997
7417 2.5732343
7437 2.6150243
7457 2.517515
7477 2.235434
7498 1.9254937
7517 1.552869
7537 1.0479102
7557 0.52553886
7578 0.08674695
7599 -0.3833872
7617 -0.81869656
7637 -1.1321193
7657 -1.3689277
7677 -1.5151917
7697 -1.5221565
7717 -1.4629546
7737 -1.2435585
7757 -0.7943192
7777 -0.28587782
7797 0.29221308
7817 0.9225411
7837 1.347403
7857 1.7200279
7877 2.1623023
7897 2.4583127
7917 2.4792075
7937 2.367768
7957 2.2180216
7977 1.9150463
7997 1.504114
8018 0.98870796
8037 0.37579232
8058 -0.07692935
8077 -0.5296511
8097 -1.0067502
8119 -1.2888308
8137 -1.3027606
8157 -1.2365936
8177 -1.2574884
8197 -1.2365936
8217 -1.1216719
8237 -0.8639687
8257 -0.4216943
8277 0.03450992
8297 0.5011616
8317 0.90861124
8337 1.1314896
8357 1.4066052
8377 1.7618176
8397 2.1414073
8417 2.4269705
8437 2.6045768
8457 2.6428838
8477 2.4374177
8497 2.13096
8517 1.7444053
8538 1.288201
8557 0.89468116
8577 0.42802945
8597 -0.10478926
8617 -0.62716055
8638 -1.0798824
8657 -1.4246475
8677 -1.6022537
8697 -1.5918063
8717 -1.501262
8737 -1.3132082
8757 -1.0102329
8777 -0.5888533
8797 -0.09434197
8817 0.41758192
8837 0.82154906
8857 1.326508
8877 1.9254937
8897 2.2667763
8917 2.3190134
8937 2.329461
8958 2.2737412
8977 2.050863
8997 1.6677907
9017 1.1384544
9037 0.4907141
9062 -0.06996441
9077 -0.69680995
9097 -1.3758926
9117 -1.8112019
9137 -1.9365712
9158 -1.9261237
9177 -1.8738865
9197 -1.7345876
9217 -1.4977795
9237 -1.1530144
9257 -0.6480555
9277 -0.08389464
9297 0.4941963
9317 0.99567276
9337 1.2916831
9357 1.5459038
9377 1.855844
9397 2.2249863
9417 2.4652772
9437 2.5488567
9458 2.4583123
9477 2.2389162
9497 1.9498711
9517 1.5772458
9537 1.138454
9557 0.7135922
9579 0.22952813
9597 -0.35204524
9617 -0.9127236
9637 -1.2644535
9657 -1.3933052
9678 -1.3410681
9697 -1.222664
9717 -1.0311278
9737 -0.75252974
9757 -0.35552743
9780 0.18773867
9797 0.76234716
9817 1.3056134
9837 1.6991329
9857 1.9498712
9877 2.2006094
9897 2.3399084
9917 2.3050838
9937 2.110065
9957 1.8837044
9977 1.6016235
9998 1.2081039
10017 0.6683201
10037 0.15291375
10057 -0.24757077
10077 -0.5888533
10098 -1.0206802
10117 -1.3584802
10137 -1.4490247
10157 -1.3515153
10177 -1.2296287
10199 -1.0380925
10217 -0.7873544
10237 -0.43214175
10257 -0.06996441
10277 0.37579247
10297 0.8877163
10317 1.3787452
10337 1.7060981
10357 1.8976344
10377 2.0404158
10397 2.1100655
10417 2.0438983
10437 1.8523622
10457 1.6016239
10477 1.2464112
10497 0.72752243
10517 0.23997593
10537 -0.12568396
10557 -0.43910667
10577 -0.79431915
10597 -1.194804
10618 -1.5326039
10637 -1.7241402
10657 -1.6927979
10677 -1.4699196
10697 -1.1390846
10717 -0.7594947
10737 -0.43562448
10757 -0.15006152
10777 0.24694061
10797 0.821549
10817 1.4240171
10837 1.8523616
10857 2.1831968
10877 2.4339352
10897 2.5035846
10917 2.4095578
10937 2.263294
10957 2.0264854
10977 1.6120708
10997 1.06184
11017 0.518574
11039 -0.014244773
11057 -0.45303667
11077 -0.8883461
11097 -1.3480328
11117 -1.7415525
11139 -2.0062208
11157 -2.1037302
11177 -2.068905
11197 -1.8669219
11217 -1.5500165
11237 -1.2644536
11257 -0.88834625
11277 -0.40079975
11297 0.13898382
11317 0.6021531
11337 0.9852253
11357 1.4135699
11377 1.8210196
11397 2.1379244
11418 2.3016012
11437 2.235434
11457 1.9638009
11477 1.5528693
11497 1.082735
11517 0.5533986
11537 0.062369563
11559 -0.36249235
11577 -0.8256616
11597 -1.4037526
11617 -1.9087116
11637 -2.13159
11659 -1.9888084
11677 -1.6684207
11697 -1.4141997
11717 -1.0972946
11737 -0.64109033
11757 -0.11175407
11777 0.44892442
11797 0.97826076
11817 1.4379474
11837 1.8314674
11857 2.2807066
11877 2.5906467
11897 2.6533313
11917 2.6045768
11937 2.3886633
11957 1.9951435
11977 1.4658073
11997 0.92602366
12017 0.44544175
12037 0.03799226
12057 -0.4147295
12079 -1.1112244
12097 -1.8355793
12117 -2.2778537
12137 -2.4206352
12157 -2.3509858
12178 -2.1350725
12197 -1.7380702
12217 -1.2992781
12237 -0.8848636
12257 -0.411247
12279 0.15291405
12297 0.717075
12317 1.2150689
12337 1.5041143
12357 1.7444053
12377 1.9777309
12397 2.0822053
12417 2.0891707
12437 2.0369337
12457 1.8593268
12477 1.5145618
12497 1.0827348
12517 0.6509079
12537 0.20515104
12558 -0.15354395
12577 -0.5679584
12597 -1.0067502
12617 -1.2156988
12637 -1.2261462
12657 -1.1773915
12677 -1.0311275
12698 -0.756012
12717 -0.43910685
12737 -0.07692935
12757 0.46633676
12777 1.1384546
12798 1.8210196
12817 2.3573205
12837 2.6498487
12857 2.8239722
12877 2.8030777
12897 2.6115415
12917 2.315531
12937 2.0230029
12957 1.7026156
12977 1.2429287
12998 0.7727945
13017 0.33052012
13037 -0.12568422
13057 -0.5644761
13077 -1.0763999
13097 -1.4002702
13117 -1.4768847
13137 -1.3445505
13157 -1.1112247
13177 -0.88834614
13197 -0.64805543
13218 -0.43562448
13237 -0.18140377
13257 0.2155984
13277 0.69269747
13297 1.2185513
13318 1.5737637
13337 1.8036072
13357 2.0473802
13377 2.2737412
13397 2.301601
13417 2.1727495
13437 1.9359413
13457 1.6677907
13477 1.274271
13497 0.7762772
13517 0.2434584
13538 -0.17095613
13557 -0.5296511
13577 -0.9823729
13597 -1.4768844
13617 -1.6927979
13637 -1.6893154
13657 -1.5500165
13677 -1.3584803
13697 -1.0729175
13717 -0.67939776
13738 -0.2266759
13757 0.28176543
13777 0.83547896
13797 1.3508853
13817 1.7478874
13838 2.1727493
13857 2.5941286
13877 2.8622794
13897 2.904069
13917 2.8344195
13937 2.6951203
13957 2.3050833
13977 1.7374401
13997 1.1105946
14017 0.5255384
14037 0.04843959
14057 -0.5122389
14077 -1.069435
14097 -1.4559898
14117 -1.6405609
14137 -1.727623
14157 -1.7763776
14177 -1.588324
14197 -1.2087338
14217 -0.79083675
14237 -0.32766768
14258 0.17380871
14277 0.69269747
14297 1.0583574
14317 1.239446
14337 1.4832193
14358 1.8175368
14377 2.148372
14397 2.2598114
14417 2.1135473
14437 1.831467
14457 1.4483947
14477 0.96781313
14497 0.49419668
14517 0.17380892
14538 -0.080411784
14558 -0.47393152
14577 -0.9649605
14597 -1.4246472
14617 -1.633596
14637 -1.5395691
14657 -1.2505237
14677 -0.9057586
14697 -0.5157214
14717 -0.062999725
14737 0.43499425
14757 1.0235325
14778 1.6190357
14797 2.1657844
14817 2.566269
14837 2.8030775
14857 3.064263
14877 3.262764
14897 3.2592814
14917 3.1130178
14937 2.8239722
14957 2.3399084
14977 1.713063
14997 1.0827347
15018 0.57777596
15037 0.19470353
15057 -0.11871927
15077 -0.60278326
15097 -1.0903299
15117 -1.3097258
15137 -1.2957959
15157 -1.2156991
15177 -1.0763999
15198 -0.8465566
15217 -0.5609936
15237 -0.23015846
15257 0.2225634
15277 0.7310048
15299 1.1558667
15317 1.4309822
15337 1.8279842
15357 2.2180214
15377 2.507067
15397 2.7508402
15417 2.8587968
15437 2.7020855
15457 2.332943
15477 1.8697739
15497 1.3369553
15517 0.92602324
15537 0.65439016
15557 0.13550147
15577 -0.5017914
15597 -1.0171977
15617 -1.4037524
15637 -1.6092186
15657 -1.5778763
15677 -1.3654453
15697 -1.0729173
15718 -0.6968101
15737 -0.28239554
15757 0.17729126
15777 0.66483784
15797 1.1767616
15817 1.5493865
15837 1.925494
15857 2.357321
15877 2.6568139
15897 2.6846735
15917 2.49662
15938 2.179715
15957 1.740923
15977 1.1976566
15997 0.6752853
16017 0.21908106
16038 -0.10827164
16057 -0.44258937
16077 -0.8778988
16098 -1.2331113
16117 -1.3758928
16137 -1.2749009
16157 -1.0346102
16177 -0.79083693
16197 -0.63064325
16217 -0.44955444
16238 -0.2127461
16257 0.055404488
16277 0.30614272
16297 0.5394686
16317 0.69966245
16337 0.7588646
16357 0.8877161
16377 1.1105946
16397 1.4518771
16417 1.8349495
16437 2.0752404
16457 2.1692672
16477 2.0996172
16497 1.897634
16518 1.5946586
16537 1.364815
16558 1.2707883
16577 0.9921901
16598 0.5917057
16617 0.104159184
16637 -0.31722033
16658 -0.61671317
16677 -0.8465566
16697 -0.9405833
16717 -0.87789875
16737 -0.63760793
16757 -0.35900983
16777 -0.191851
16797 0.027544975
16817 0.29917803
16837 0.66135544
16857 1.002638
16877 1.2498937
16897 1.479737
16917 1.6329662
16937 1.6782384
16957 1.8140546
16977 1.9916611
16997 2.0299683
17017 1.7827125
17037 1.2812359
17057 0.7310049
17078 0.35141504
17097 0.24345836
17117 0.30962542
17138 0.5533986
17157 0.8668213
17179 0.86682147
17197 0.7101101
17217 0.717075
17237 0.89816374
17258 1.2185515
17277 1.5702815
17297 1.8210196
17317 1.786195
17337 1.4832199
17357 1.1349721
17377 0.85637414
17397 0.7170751
17417 0.6195658
17437 0.50464404
17457 0.35838005
17477 0.23649345
17498 0.062369693
17517 -0.10827151
17537 -0.1570262
17557 -0.031657133
17577 -0.0037973577
17598 -0.19881596
17617 -0.44955418
17637 -0.62367797
17657 -0.7177048
17677 -0.75949454
17697 -0.82914406
17717 -0.8987936
17737 -0.99630296
17757 -1.06247
17777 -1.2191813
17797 -1.320173
17817 -1.260971
17837 -1.2226638
17857 -1.2505236
17877 -1.3410679
17897 -1.3584802
17917 -1.3445503
17937 -1.3549978
17957 -1.38634
17977 -1.4942967
17997 -1.5813587
18018 -1.6475257
18037 -1.7032453
18057 -1.6858329
18077 -1.6196659
18097 -1.5395688
18118 -1.4768844
18137 -1.3793751
18157 -1.260971
18177 -1.1530142
18197 -0.9440655
18217 -0.6167129
18237 -0.34159747
18257 -0.24408817
18277 -0.19881596
18297 -0.16050877
18317 -0.11523663
18337 -0.03513969
18357 0.07629958
18377 0.26435316
18397 0.4628542
18417 0.60563564
18437 0.7170748
18457 0.7066275
18477 0.7449348
18497 0.783242
18517 0.8006544
18537 0.8737864
18557 0.96781325
18578 1.0096029
18597 0.9225411
18617 0.78324205
18637 0.6683203
18657 0.5394687
18677 0.556881
18697 0.636978
18717 0.6961801
18737 0.78324187
18757 0.82851404
18777 0.835479
18797 0.8528915
18817 0.9504007
18837 1.0862173
18857 1.1523844
18877 1.1210421
18897 1.0339803
18917 0.995673
18937 1.0757699
18958 1.1558667
18977 1.194174
18997 1.1802441
19017 1.187209
19037 1.2498937
19059 1.3717803
19077 1.5215267
19097 1.7339578
19117 2.009073
19137 2.2911537
19157 2.5732338
19177 2.8274546
19197 2.9528239
19217 3.0294383
19237 3.1617727
19257 3.2871416
19277 3.3010714
19297 3.0956054
19317 2.7055683
19337 2.2040918
19357 1.6886853
19378 1.1175596
19397 0.6091182
19418 0.26783562
19437 -0.010762388
19457 -0.37990475
19479 -0.74556464
19497 -1.0206803
19517 -1.0659524
19537 -1.0067503
19558 -0.86396885
19579 -0.68288004
19597 -0.48089644
19617 -0.36945733
19637 -0.278913
19657 -0.11175416
19677 0.18773867
19697 0.52205634
19717 0.8946812
19737 1.2185515
19757 1.5876937
19777 2.002108
19797 2.263294
19817 2.5906463
19837 3.0886405
19857 3.4612648
19877 3.4647474
19898 3.1582901
19917 2.7508407
19937 2.2319517
19957 1.6538604
19977 1.0618397
19998 0.46633676
20017 -0.024692362
20037 -0.60278326
20057 -1.3062432
20077 -1.8286147
20097 -2.1037302
20117 -2.1768622
20137 -2.1141777
20157 -1.9748788
20177 -1.7311054
20197 -1.4664371
20217 -1.1773918
20237 -0.783872
20257 -0.29980782
20277 0.23649341
20297 0.76234716
20317 1.3961577
20337 1.9638009
20357 2.242399
20378 2.5105498
20398 2.7369108
20418 2.9179993
20437 2.9145167
20457 2.7299454
20477 2.4583123
20497 2.1170297
20517 1.6573428
20537 1.013085
20558 0.382757
20577 -0.017727591
20597 -0.27891323
20617 -0.40079975
20637 -0.48089668
20657 -0.5296513
20677 -0.56099355
20697 -0.53313357
20717 -0.34507987
20737 -0.003797271
20757 0.45240697
20777 0.98870826
20797 1.4867023
20817 1.8279847
20838 2.0160384
20857 2.123995
20877 2.4025931
20897 2.7926302
20917 2.973719
20938 2.775218
20957 2.3991106
20977 2.0996177
20997 1.8036072
21017 1.420535
21037 0.9016464
21057 0.3165905
21077 -0.108271554
21097 -0.48786142
21117 -0.86745113
21137 -1.1530142
21157 -1.2540061
21177 -1.2296288
21197 -1.1773916
21217 -1.1356021
21237 -1.0450578
21257 -0.78387207
21277 -0.34856272
21297 0.10764157
21317 0.5499159
21337 0.9051284
21360 1.1349717
21377 1.3648152
21397 1.6921678
21417 2.0578277
21437 2.367768
21458 2.507067
21477 2.433935
21497 2.235434
21517 1.9603184
21537 1.5180442
21557 1.0479101
21577 0.71707493
21597 0.38623974
21617 -0.101306744
21637 -0.7281523
21657 -1.2470411
21677 -1.5186741
21697 -1.560464
21717 -1.4525073
21737 -1.2714185
21757 -0.9545133
21777 -0.5400986
21797 -0.045587108
21818 0.55339867
21837 1.194174
21857 1.7896774
21878 2.1448898
21897 2.4548302
21917 2.9493415
21937 3.3881338
21957 3.4926078
21979 3.353309
21997 3.1095355
22017 2.7647703
22037 2.2911532
22057 1.7618172
22077 1.2289985
22098 0.79717153
22117 0.35141486
22137 -0.27891302
22157 -0.90924096
22177 -1.2505237
22197 -1.3758928
22217 -1.3689278
22237 -1.2226638
22257 -0.91272354
22277 -0.4425894
22297 0.1006768
22317 0.6857326
22337 1.2498937
22357 1.7513702
22377 1.9951435
22398 2.2632942
22417 2.635919
22437 2.9772012
22457 3.1269479
22477 3.025956
22498 2.7438753
22517 2.4200053
22537 2.029968
22557 1.5389386
22577 0.98174304
22597 0.60215306
22617 0.21908088
22637 -0.14309654
22657 -0.42517692
22677 -0.59930074
22697 -0.7072573
22717 -0.72466964
22737 -0.6654676
22757 -0.49134386
22777 -0.16050863
22797 0.37231004
22817 1.0722876
22837 1.7444053
22857 2.2249868
22877 2.5836816
22897 2.879692
22919 3.3115187
22937 3.6771784
22957 3.722451
22977 3.49609
22997 3.1687372
23018 2.705568
23037 2.0787222
23057 1.3439202
23077 0.5986704
23097 -0.12220183
23117 -0.70377517
23137 -1.2435588
23158 -1.6649384
23177 -1.7763776
23197 -1.6266313
23217 -1.4002706
23237 -1.1564969
23257 -0.87093407
23277 -0.48089668
23297 -3.1510266E-4
23317 0.5255387
23338 1.0096028
23357 1.4240174
23377 1.8140546
23397 2.0647929
23417 2.308566
23438 2.6602962
23457 2.9772017
23477 3.1408777
23497 2.9806838
23517 2.6568136
23537 2.2563288
23557 1.7896774
23577 1.3265082
23597 0.8911987
23617 0.5081263
23637 0.06933446
23657 -0.48786163
23677 -1.0067505
23697 -1.3445506
23717 -1.3410681
23737 -1.1634619
23757 -0.8744164
23777 -0.4634844
23797 -0.0072801765
23817 0.43847665
23837 0.9782603
23858 1.605106
23877 2.270259
23897 2.8274546
23917 3.3567908
23937 3.7921004
23959 3.9697065
23977 3.8687148
23997 3.5866342
24017 3.1339126
24037 2.4966197
24057 1.8245021
24077 1.2568588
24098 0.7658297
24117 0.40713474
24137 -0.038622033
24157 -0.5017913
24177 -0.762977
24197 -0.7246698
24217 -0.48786145
24237 -0.0943418
24257 0.4419593
24278 0.9538832
24297 1.2777534
24317 1.5041143
24337 1.7095803
24357 1.9916607
24379 2.3259783
24397 2.4861724
24417 2.4792073
24437 2.4896548
24457 2.5349271
24479 2.475725
24497 2.2807062
24517 1.9742484
24537 1.6294833
24557 1.2882007
24577 0.8703037
24597 0.39668706
24617 0.12505393
24637 -0.09434197
24657 -0.37990493
24677 -0.65153795
24697 -0.8395916
24717 -0.916206
24737 -0.7978018
24757 -0.5470636
24777 -0.2684655
24797 0.090229556
24817 0.5116091
24837 0.9434361
24857 1.4832199
24877 1.9011168
24898 2.2075746
24917 2.6986036
24937 3.0990882
24957 3.1513255
24977 2.935412
24998 2.6428838
25017 2.416523
25037 2.183197
25057 1.8070897
25077 1.260341
25097 0.7936893
25117 0.35837987
25137 -0.26150072
25157 -0.7385998
25177 -0.9371008
25197 -0.92665344
25217 -0.7978019
25237 -0.75252974
25257 -0.7072575
25277 -0.5540286
25297 -0.26846564
25318 0.055404577
25337 0.40016955
25357 0.76582944
25377 0.97826046
25397 1.173279
25418 1.4971493
25437 1.8419144
25457 2.0926528
25477 2.169267
25497 2.0299683
25518 1.573764
25537 1.0200506
25557 0.6961804
25577 0.6265308
25597 0.63349575
25618 0.48026693
25637 0.0728172
25657 -0.42169425
25677 -0.7664594
25697 -0.8848635
25717 -0.74904704
25737 -0.30677268
25757 0.3548976
25777 0.71010995
25797 0.7310048
25817 0.835479
25838 1.2742709
25857 1.8767391
25877 2.2598114
25897 2.5767167
25917 2.973719
25938 3.2941065
25957 3.3742037
25977 3.1269484
25997 2.8587976
26017 2.583682
26037 2.2423995
26057 1.6852034
26077 0.98870814
26098 0.4941965
26117 -0.007279873
26137 -0.61671305
26157 -1.1286368
26177 -1.4211649
26197 -1.5500165
26217 -1.6057361
26237 -1.5360867
26257 -1.3689277
26277 -1.0624698
26297 -0.63412535
26317 -0.23712315
26337 0.15291405
26358 0.5429512
26377 0.7693121
26397 1.0165678
26417 1.3578504
26437 1.6817207
26459 1.8593268
26477 1.8593268
26497 1.6921678
26517 1.4240171
26537 1.1941739
26557 0.9538831
26577 0.5882232
26597 0.23301072
26617 -0.19185127
26637 -0.7420824
26657 -1.2679362
26677 -1.5778763
26697 -1.633596
26717 -1.4908147
26737 -1.2331115
26757 -0.9614784
26777 -0.637608
26797 -0.15702638
26817 0.47330153
26837 1.0513924
26857 1.5667988
26878 2.0230033
26897 2.541892
26917 2.9284468
26937 3.0294383
26957 2.8239722
26977 2.4234877
26997 1.9742484
27017 1.4483947
27037 0.85985637
27057 0.35141498
27077 -0.10478926
27097 -0.5226863
27117 -1.0972947
27137 -1.6440433
27157 -1.9992554
27177 -2.0654228
27197 -1.8669213
27217 -1.633596
27237 -1.3619628
27257 -1.0938121
27277 -0.7699419
27297 -0.31722018
27317 0.12853675
27337 0.47678426
27357 0.7867246
27377 1.0722877
27398 1.2220341
27417 1.3439207
27437 1.5493869
27457 1.5459043
27477 1.3857104
27497 1.1489019
27517 0.8946812
27537 0.6613554
27557 0.4140995
27577 0.07629941
27597 -0.27891314
27617 -0.5261689
27637 -0.75252986
27657 -1.1007775
27677 -1.2923136
27698 -1.3097259
27718 -1.2296288
27738 -1.128637
27757 -1.0032679
27777 -0.8500389
27797 -0.6132305
27818 -0.3276675
27837 -0.06996432
27857 0.13201922
27877 0.4733018
27897 0.92602354
27917 1.1941742
27937 1.3822278
27957 1.6782383
27977 2.0647929
27997 2.263294
28017 2.1031
28037 1.8837041
28057 1.6016239
28077 1.1489019
28097 0.58125836
28117 -0.03165722
28137 -0.45651922
28157 -0.8570038
28177 -1.4629544
28197 -2.1698968
28217 -2.5564516
28238 -2.4589424
28257 -2.256959
28277 -1.9957733
28297 -1.6370782
28317 -1.2992781
28338 -1.0137151
28357 -0.71770483
28377 -0.3659748
28397 -0.024692275
28417 0.18425621
28439 0.25042325
28457 0.27828303
28477 0.38972214
28497 0.5220562
28517 0.5847407
28537 0.5290212
28557 0.4071345
28577 0.33052012
28597 0.24694061
28617 0.2608705
28637 0.3340025
28658 0.37927473
28677 0.29221284
28697 0.09719432
28717 -0.017727418
28737 0.031027187
28757 0.17729117
28777 0.34096763
28797 0.37927473
28817 0.36186245
28837 0.29569548
28858 0.34445018
28877 0.57777596
28897 0.8389616
28917 0.9712956
28937 0.9852255
28957 0.96781313
28977 1.0061203
28997 1.0896997
29017 1.187209
29037 1.2498935
29057 1.2916832
29078 1.2603409
29097 1.1384543
29117 1.04791
29137 1.0096027
29157 0.98174286
29178 0.9260233
29197 0.8633388
29217 0.7971718
29237 0.74841726
29257 0.7135925
29278 0.6683204
29297 0.6439431
29317 0.6404606
29337 0.6195658
29357 0.6195659
29377 0.6265309
29397 0.71359277
29417 0.7693123
29437 0.7484175
29457 0.73797
29477 0.75886476
29497 0.81110185
29517 0.84244406
29537 0.8250317
29557 0.7936895
29577 0.77279454
29598 0.7414522
29617 0.6787676
29637 0.6718027
29657 0.7449346
29677 0.8111017
29698 0.776277
29717 0.7031451
29737 0.68225026
29757 0.6961801
29777 0.7205574
29799 0.717075
29817 0.7101101
29837 0.6543906
29857 0.6265308
29877 0.59518856
29897 0.52553904
29917 0.4454421
29937 0.4245472
29957 0.4628544
29977 0.48026684
29997 0.40365237
30017 0.41409978
30037 0.4976791
30057 0.57777596
30077 0.52902126
30152 0.44892433
30152 0.49767902
30152 0.66135526
30184 0.6787676
30184 0.54295105
30197 0.43151188
30219 0.48026657
30242 0.5533985
30269 0.5290212
30278 0.40713456
30305 0.39320478
30317 0.49767902
30340 0.49419653
30357 0.4140997
30377 0.4140997
30397 0.46981934
