229 1.8115416
229 1.4147215
230 0.3058958
297 -0.47280598
297 -0.051739693
297 -0.014004707
302 -0.053235054
337 -0.3740511
346 -0.73647785
357 0.37115765
377 1.6080503
396 1.8337126
416 1.4093199
436 0.8730192
456 0.65874004
475 0.7910185
495 0.7709837
515 0.847003
534 0.74226665
554 0.1820097
574 0.14400005
620 1.2213926
620 1.5053892
633 1.906436
652 2.0674467
672 2.0045958
692 1.5646696
711 0.974185
731 0.75392437
751 0.5429411
770 0.57046795
790 1.147769
810 1.325244
829 0.9792814
849 0.7305784
869 0.9011564
888 1.0705442
908 1.127429
928 1.0621824
947 0.9158354
967 0.73686504
987 0.7560148
1006 1.0364561
1026 1.1483641
1046 0.7575102
1066 0.71890545
1086 0.7952299
1105 1.155551
1125 1.2471342
1144 1.346179
1164 1.3228483
1184 1.0124998
1204 0.51988506
1223 0.2469511
1243 0.4447813
1263 0.5426359
1282 0.5698576
1302 1.2590971
1322 1.4718962
1341 1.4075193
1361 1.0678587
1381 0.95564556
1400 1.3246336
1420 1.6852598
1440 1.7137022
1459 1.542819
1479 1.3321104
1499 1.2492247
1518 1.2680693
1538 1.4482298
1558 1.3563566
1577 1.3614378
1597 1.1394072
1617 1.0947905
1637 1.1358061
1669 1.2641783
1676 1.3171568
1695 1.2187071
1715 1.1627226
1736 1.2632933
1755 1.3931761
1776 1.2737455
1796 1.2815428
1815 1.3782225
1835 1.3862944
1856 1.1860838
1873 1.0750303
1894 1.206439
1913 1.3419828
1933 1.4566221
1952 1.4231138
1973 1.2085142
1992 1.0681639
2012 1.1085539
2031 1.2267942
2051 1.1624327
2076 1.0457182
2091 1.3105803
2110 1.2163115
2130 1.0283537
2150 1.2139158
2169 1.4853697
2189 1.5613737
2208 1.5281401
2229 1.3919706
2248 1.7259703
2267 1.8785887
2290 1.7092314
2307 1.4048338
2327 1.3060942
2346 1.3455839
2366 1.5472898
2386 1.618823
2408 1.1833982
2424 0.7829466
2445 0.8709593
2464 1.2522306
2483 1.3784971
2503 1.3629484
2523 0.9912443
2543 0.5641813
2562 0.9164152
2583 1.5847197
2602 1.6293211
2623 1.4578276
2641 1.4326811
2662 1.5742369
2681 1.5811186
2700 1.4132261
2719 1.5251341
2740 1.5239592
2760 1.1701994
2779 0.71112347
2798 0.6958494
2818 0.87512493
2840 1.2992125
2858 1.9770536
2880 2.5834074
2897 1.8525724
2916 2.4059172
2936 2.3248014
2960 1.5921965
2978 0.6605406
2995 1.0355406
3016 1.5188627
3034 1.6855497
3055 1.323123
3075 1.1363859
3096 1.4404631
3113 1.4919462
3134 1.2854338
3153 1.6487455
3174 1.5640593
3192 1.4201078
3212 1.5667601
3231 1.9752684
3251 1.8468657
3271 1.9719725
3291 2.4930143
3311 2.8063536
3330 2.496005
3349 1.579318
3369 0.6584654
3389 0.1245451
3409 0.64140606
3429 1.5802183
3447 2.1027708
3468 2.3152342
3487 2.3173246
3508 2.270358
3527 1.7131071
3546 1.5036192
3566 1.4679899
3586 2.0764189
3606 2.8024778
3625 3.2776976
3646 3.2408934
3665 2.8898497
3684 2.8177214
3703 2.8784819
3725 2.9332457
3743 2.9847136
3763 2.3658323
3783 1.7430296
3802 1.6921568
3822 2.1982145
3842 2.6252928
3861 2.4379606
3880 2.3059568
3900 2.354144
3920 2.1270018
3941 2.2413054
3959 2.800662
3979 3.1152067
3999 3.3614988
4019 3.8699675
4038 5.4851713
4059 7.864398
4078 8.8621855
4097 8.082583
4117 6.900134
4136 6.0310545
4156 4.943179
4176 3.2759275
4197 2.135684
4228 2.3777952
4235 2.4301481
4254 1.4817533
4275 0.23439312
4295 -0.40516376
4314 -0.75503254
4333 -0.7379732
4354 -0.68020344
4372 -1.5819063
4393 -2.707181
4413 -3.6304598
4431 -3.4999819
4451 -2.5704317
4471 -1.8760958
4494 -1.2742739
4510 -0.34769917
4531 1.0525999
4549 2.2841215
4569 3.5105467
4589 4.210559
4609 4.3790464
4629 3.241809
4648 2.4795408
4668 4.31499
4687 7.4469175
4707 8.875049
4727 9.29285
4747 9.357501
4766 7.0949583
4786 3.8765593
4805 1.733737
4835 -0.22948933
4846 -2.0960817
4866 -2.927472
4885 -2.8685122
4904 -1.9961214
4923 -2.0840883
4946 -2.5428896
4964 -3.5301943
4983 -4.2215242
5002 -4.119794
5022 -2.7712374
5041 0.6084776
5064 2.8192167
5082 3.1972075
5101 2.9691496
5121 3.6188688
5140 4.836932
5161 5.0625944
5183 5.1508665
5201 5.2179136
5219 4.813281
5238 5.042224
5258 6.8576384
5278 6.7905912
5298 3.3785734
5317 -1.1791048
5346 -4.013242
5356 -4.2475557
5378 -3.058835
5396 -2.4890413
5415 -4.1745577
5435 -6.477765
5454 -7.105939
5474 -6.011792
5495 -3.8034334
5515 -1.5097933
5533 -0.37524128
5553 0.17691326
5572 1.3506956
5595 2.7925901
5612 3.1708708
5633 3.2178679
5652 3.3127317
5672 4.8495054
5691 6.583789
5712 7.3759794
5731 8.623355
5750 9.407748
5770 9.093234
5789 7.698596
5809 5.20325
5828 1.1597471
5853 -1.3233461
5868 -0.6897707
5888 0.031481743
5907 -1.5501833
5927 -4.219449
5947 -5.5796633
5967 -6.0378237
5986 -6.0994997
6006 -5.769986
6025 -4.1479006
6046 -1.1297121
6066 1.016696
6086 2.6408567
6104 4.1426115
6124 4.032489
6144 3.1933165
6163 3.3842497
6183 3.4659605
6203 3.6332426
6222 8.071216
6242 12.735705
6262 8.684726
6282 -0.25132465
6315 -4.3047304
6321 -1.1494722
6340 2.4430265
6360 1.8983488
6379 -2.2460299
6400 -5.98277
6419 -7.6144075
6439 -6.4050264
6458 -3.3078432
6479 -0.6568575
6498 0.06679058
6517 -0.7406435
6536 -1.3257418
6557 0.341815
6577 3.6996946
6596 5.5701475
6616 5.2598143
6635 5.9834623
6655 8.804416
6675 10.055987
6695 8.691592
6714 7.5465727
6734 7.2715483
6753 4.7288847
6773 0.8425169
6792 0.20863628
6824 1.3054838
6832 0.44836712
6853 -1.6118593
6873 -3.4134798
6891 -4.50105
6911 -4.1637545
6930 -3.0953646
6950 -2.018567
6969 -0.09512043
6989 1.9662962
7009 2.4986906
7030 1.7852201
7052 3.2444792
7068 6.1723204
7088 6.986621
7108 6.971072
7127 6.5966673
7148 6.7819242
7167 7.546878
7186 8.096347
7206 6.855853
7225 3.8708677
7246 2.0312376
7266 -0.079556465
7295 -1.9446383
7305 -2.0398226
7324 -1.0563936
7344 -1.5334444
7365 -4.240384
7383 -5.406949
7404 -4.0455446
7423 -2.3321962
7442 -1.6968203
7463 -1.6728945
7483 -0.924695
7502 0.19456768
7522 1.6586332
7540 3.2690153
7560 4.7372923
7581 5.5255766
7600 5.9879484
7619 7.316745
7638 10.533938
7658 12.79436
7678 10.326846
7698 5.6404753
7718 1.4862547
7737 1.3060789
7767 2.7001066
7776 3.0020628
7797 1.195056
7816 -0.38750935
7836 -2.113141
7855 -4.2957277
7875 -5.4045534
7895 -4.675229
7915 -2.9965944
7934 -1.5026217
7954 -0.2932253
7973 1.1546507
7993 3.1885405
8015 5.1939726
8033 5.85538
8052 6.1540403
8072 5.470813
8092 5.3726377
8111 7.8171263
8133 8.3010435
8151 5.9750853
8170 4.136325
8190 3.950183
8209 3.018527
8239 0.9397764
8249 -0.44108295
8269 -1.133008
8288 -2.7110872
8308 -4.8754396
8328 -5.714322
8349 -4.535474
8367 -2.6338778
8386 -1.7034426
8406 -1.8377962
8426 -1.5199709
8446 -0.34322834
8465 1.4440489
8486 3.8493223
8505 5.668643
8524 6.9507017
8544 7.1589994
8565 7.6719694
8583 8.881335
8603 10.972674
8623 9.916522
8643 4.5059385
8662 -0.07088947
8683 -0.7508364
8714 0.3699522
8721 1.0085936
8741 0.77756023
8760 -0.33184528
8779 -2.8894472
8801 -4.334943
8820 -4.136533
8839 -2.907712
8859 -1.6749849
8878 -0.87113667
8899 0.3121977
8918 2.0590544
8937 5.2774687
8957 8.146625
8976 7.5372953
8996 5.9053526
9016 5.377719
9036 7.262561
9055 8.656878
9075 7.092868
9095 2.7084837
9116 -1.2491274
9144 -3.0959597
9154 -2.764966
9175 -3.31532
9193 -3.9928865
9213 -3.4314241
9232 -3.211484
9253 -3.651105
9272 -4.493573
9292 -3.682538
9311 -0.9648104
9331 1.5685606
9352 1.713397
9370 1.1845884
9390 0.96371746
9410 2.2048063
9429 3.6745481
9450 6.2058287
9470 7.808734
9488 8.495273
9508 7.6285734
9527 6.3392973
9547 4.3087187
9567 3.6156034
9587 1.2312651
9606 -1.8111849
9636 -1.9314699
9646 -0.8193636
9666 -0.26391315
9685 0.24815655
9706 0.045840263
9724 -1.1605349
9744 -1.9485292
9763 -1.8419924
9784 -1.0010195
9803 0.32116985
9823 1.3069792
9843 2.3712187
9862 3.1786528
9882 4.455661
9902 5.271472
9922 5.397479
9941 5.2726774
9961 5.1377134
9980 6.5460844
10000 6.171405
10020 3.2295256
10040 0.11946392
10069 -0.52727985
10079 -0.35937214
10098 -1.2051363
10118 -2.1559267
10138 -2.7137728
10157 -3.3434572
10177 -4.094037
10197 -4.0913363
10218 -3.3488436
10236 -2.369626
10256 -1.3272371
10275 0.622241
10295 1.346179
10315 1.6023741
10335 2.0620604
10356 4.047763
10374 5.985263
10394 7.263751
10413 8.371661
10435 9.376346
10453 9.170444
10473 7.4265623
10492 4.305133
10512 -0.42701435
10542 -2.8400698
10552 -1.6306887
10572 -1.370923
10591 -3.0785952
10610 -4.821576
10631 -3.9824038
10649 -3.389844
10669 -4.14491
10689 -4.2376833
10708 -3.1166048
10728 -1.8488588
10749 0.12005901
10769 2.439746
10788 3.3630095
10806 4.5690794
10826 4.9758024
10846 4.879428
10866 5.3876066
10886 6.1540403
10905 5.910434
10925 5.473483
10945 3.0065641
10964 0.33224773
10985 -1.3550692
11015 -2.5557528
11024 -3.5595522
11043 -4.3490267
11063 -4.563901
11082 -3.94769
11103 -3.286893
11122 -3.7046938
11141 -4.08595
11161 -2.7873964
11182 -1.7291384
11201 -1.3733187
11222 -0.7143221
11240 1.246829
11260 3.7242155
11279 4.954852
11299 5.3944883
11319 5.891574
11339 5.9445677
11358 5.167636
11377 4.8138914
11397 2.1000547
11417 -0.75472736
11436 -1.7234926
11468 -1.8225527
11476 -0.85169697
11495 1.5520964
11515 2.452014
11534 1.3234434
11555 -0.36985493
11575 -2.773343
11594 -4.4594393
11614 -4.5707827
11633 -3.0513735
11654 -1.4215212
11673 0.03026104
11692 2.135089
11712 3.5081663
11732 3.4848204
11751 3.1825285
11773 4.1429167
11792 4.4781065
11810 4.2763853
11830 4.809985
11849 6.2094145
11871 5.2843504
11889 3.0565367
11909 2.2955046
11928 0.24186993
11958 -2.1544466
11968 -3.4482088
11992 -3.603238
12008 -4.3475313
12026 -5.2665987
12046 -5.244748
12066 -3.790265
12085 -1.5427217
12107 0.47409344
12125 1.570651
12145 0.73626995
12165 0.8867979
12184 3.0209227
12204 6.259692
12224 7.967349
12244 6.9803495
12263 5.4953337
12283 6.1378813
12302 6.2103148
12322 5.983157
12342 4.744754
12362 1.1965513
12381 -2.366315
12410 -2.7143679
12421 -1.334424
12442 -1.0979891
12462 -1.6262026
12479 -1.9138308
12499 -2.1885653
12518 -2.4519014
12539 -2.242734
12558 -1.366437
12578 -0.58923054
12597 0.63989544
12617 2.8416777
12637 4.3793364
12657 4.5223875
12677 4.692996
12696 4.4825926
12715 3.6122923
12735 4.7905455
12756 8.280704
12775 8.371661
12794 5.4546537
12814 3.4632597
12835 0.85808086
12856 -1.3769045
12873 -2.7434206
12893 -2.9974794
12912 -4.1509066
12932 -5.438672
12952 -5.8663607
12972 -4.7437563
12991 -2.8834505
13011 -1.3580751
13031 -0.892972
13050 -0.62962055
13070 0.78447247
13092 2.8554258
13109 4.2832823
13129 5.40047
13148 7.9679594
13168 9.780368
13189 8.769412
13207 6.560153
13228 4.4595366
13247 4.2856627
13267 3.6826353
13286 1.2414274
13306 -0.29502583
13335 -0.23518085
13345 -0.6128664
13364 -1.2739687
13384 -2.136777
13404 -3.0121584
13424 -2.9211855
13444 -2.2465944
13463 -1.4777651
13483 -0.5583925
13502 1.4976377
13523 4.0833616
13542 5.646472
13561 5.6321135
13581 4.934497
13601 4.271304
13621 3.8576994
13640 4.8136015
13660 7.067752
13680 6.6083555
13699 4.1620665
13719 2.5169554
13739 1.3243437
13767 -0.030179024
13779 -0.9226198
13798 -1.3930788
13817 -2.2543917
13838 -3.39404
13857 -4.0482454
13877 -4.255048
13896 -3.3021517
13917 -1.3517733
13935 0.6536741
13957 2.21918
13975 2.346362
13995 1.4706907
14014 1.9594145
14034 4.2413816
14053 7.1207
14074 9.250354
14093 9.6920805
14113 7.773425
14132 5.266986
14151 2.8527403
14172 1.3075895
14198 1.6077604
14211 0.38789654
14232 -0.45994282
14251 0.9544401
14270 1.8160582
14292 1.2695799
14310 -0.16663837
14329 -1.1288118
14348 -2.2947817
14368 -2.7203646
14388 -2.157712
14408 -0.63203144
14428 1.3599424
14447 2.6327848
14467 2.559741
14486 3.4210691
14506 5.6638365
14527 6.247409
14546 5.623431
14565 6.7980833
14584 10.023974
14604 9.873126
14625 5.373538
14644 1.5278502
14663 -0.3192873
14692 -0.40217304
14703 -0.46981525
14722 -2.0350313
14742 -3.6517
14766 -4.373563
14782 -4.061414
14802 -3.303647
14821 -2.4408388
14842 -0.75861835
14861 1.0798368
14881 1.9516325
14900 2.1284971
14919 3.3782682
14939 5.2137175
14959 7.0357084
14979 8.076282
14998 7.9425077
15018 6.508685
15038 6.696933
15061 7.558551
15077 5.598895
15098 2.8269987
15117 0.08354473
15142 -1.47717
15155 -0.7900362
15175 0.55131817
15197 1.0558805
15219 0.39747906
15235 -0.34499836
15254 -1.706708
15273 -2.444745
15293 -2.350171
15313 -1.6821718
15332 -0.5305605
15352 1.8049803
15372 4.0040617
15397 4.189288
15415 4.5184965
15432 5.290927
15451 6.4018583
15472 7.326907
15491 7.229953
15512 8.660174
15530 9.818667
15550 7.0440855
15569 3.0325956
15589 0.4782896
15628 -0.5808382
15628 -0.9399843
15648 -0.6047945
15667 -1.1632357
15687 -2.413312
15707 -3.2488832
15727 -2.8316927
15748 -1.1195345
15767 0.6237364
15785 1.0645628
15805 1.1214323
15827 1.8403044
15846 2.5812864
15865 3.4827147
15885 5.8446074
15903 7.9640684
15923 7.542987
15944 5.7703733
15964 5.20325
15983 6.420993
16002 4.1105833
16021 2.8853636
16041 3.4973783
16061 2.0228605
16094 1.8139677
16100 1.9315672
16120 1.4395628
16139 0.90895367
16161 0.7952299
16179 -0.27079487
16199 -1.7605867
16219 -2.2995882
16238 -2.1439486
16259 -1.4681826
16279 1.0448179
16297 4.2943296
16317 6.2261686
16336 6.1013823
16356 5.219714
16376 4.8288755
16396 6.8342924
16416 6.8498564
16435 4.9171324
16455 4.765414
16474 4.595126
16495 2.9371367
16514 1.8720121
16545 1.2145109
16553 1.4350767
16572 1.863925
16592 0.18081951
16614 -2.019452
16634 -3.8043337
16652 -4.0000734
16671 -3.1621065
16691 -2.390851
16713 -1.1922426
16731 0.63782024
16751 1.2447386
16769 1.9701719
16789 2.210803
16808 3.2956724
16828 5.416629
16849 8.046359
16868 8.013446
16887 6.069949
16906 5.6961546
16927 5.8529844
16947 4.536456
16966 3.2214537
16986 1.1031828
17014 -0.8115816
17025 1.07236
17045 2.4322538
17064 0.62434673
17088 -1.6603212
17108 -2.9008303
17123 -2.9633608
17143 -2.22746
17163 -2.3678255
17183 -1.8823977
17202 0.42113018
17226 2.4583006
17241 4.0995207
17263 4.6445036
17282 4.8737516
17301 5.029361
17321 5.0595884
17340 4.725894
17359 6.3835783
17379 8.79993
17399 6.9013395
17418 2.7156706
17438 1.1836882
17471 0.05661297
17480 -0.6131716
17497 -1.5056124
17518 -2.5862856
17537 -3.4975863
17558 -3.5472536
17576 -3.489499
17597 -2.9205751
17615 -1.4939394
17635 0.18649578
17655 1.9399595
17675 2.4687681
17694 2.5531645
17716 4.7552366
17734 7.368518
17753 8.621264
17773 7.941333
17793 6.561343
17812 6.456897
17832 8.041278
17853 6.8944426
17871 3.3348722
17892 -0.24296284
17928 -2.2813234
17935 -1.326642
17953 -0.85229206
17970 -1.6750002
17989 -2.0727358
18009 -1.3873873
18029 -0.833127
18049 -1.0456209
18069 -1.2763491
18088 -0.97588825
18107 1.3237333
18127 4.6391172
18148 5.518695
18167 4.0507383
18186 4.543948
18206 5.729083
18226 6.56734
18245 7.1350737
18265 6.631671
18286 6.412921
18304 5.444766
18324 4.020526
18343 1.8830748
18373 0.34150982
18385 -0.046643257
18402 -1.2733889
18422 -2.1712008
18442 -2.322919
18461 -3.2150698
18481 -3.844449
18501 -3.3691988
18522 -0.8555727
18540 1.2025328
18559 2.1847563
18581 1.6831694
18599 1.958499
18619 4.004657
18638 6.2525053
18658 7.736911
18678 8.562625
18698 7.231433
18722 5.779956
18737 4.9620237
18757 4.5170164
18777 3.4563932
18802 1.6520414
18824 0.6423063
18836 2.1090422
18855 3.2298307
18875 2.4565
18894 0.76829815
18915 -0.7897463
18934 -1.6318941
18954 -2.0050936
18973 -1.5684633
18993 -1.0584993
19012 -0.01762104
19034 2.6232023
19055 5.048526
19072 5.95444
19091 5.3445005
19111 5.0979033
19133 6.4422483
19151 5.879321
19170 5.0739775
19189 6.028659
19209 6.519473
19229 3.2962675
19249 0.7922392
19280 0.45166302
19288 0.2684965
19307 -0.4285097
19330 -1.5642672
19347 -2.3785982
19372 -3.2315187
19386 -3.7211275
19406 -3.1582003
19425 -1.0222597
19445 0.5106077
19466 1.4835539
19488 1.8112669
19506 1.5607634
19524 3.8250914
19544 6.2968016
19564 7.419986
19583 8.554538
19604 9.162051
19622 8.36658
19642 6.799884
19662 4.593341
19682 2.5926847
19702 1.5278502
19731 0.88052654
19742 1.6849699
19760 2.4038267
19779 1.5580931
19800 0.020693779
19823 -1.3194399
19841 -1.7512941
19859 -1.4636812
19879 -1.3697176
19899 -0.58593464
19919 1.3473997
19939 2.8506498
19961 2.6148252
19977 3.0828886
19996 4.8306456
20019 6.3324003
20039 7.457385
20055 7.3556395
20075 7.4301634
20094 7.9326353
20114 8.977115
20134 7.3358793
20153 3.5751982
20173 0.38341045
20205 -0.63172626
20213 -0.07417011
20234 -0.43360615
20253 -1.6761904
20274 -3.275815
20296 -4.556424
20312 -4.231717
20331 -2.7898073
20350 -0.6427889
20371 0.7599058
20391 1.207324
20411 1.392581
20429 1.3874998
20452 2.7282286
20469 4.7426634
20490 6.64635
20508 8.400104
20528 8.735278
20548 7.5935698
20569 5.0006437
20587 4.236285
20608 7.0796995
20629 7.85332
20646 5.0745573
20666 3.2265196
20687 3.6030302
20722 2.5160398
20727 0.050631523
20744 -2.2415133
20764 -3.4580812
20786 -3.9907808
20804 -3.982419
20825 -1.9922304
20843 -0.04005146
20862 1.654727
20882 2.9170866
20904 3.986682
20922 4.5137205
20942 4.692691
20961 5.8550596
20980 7.325717
21000 6.5344267
21020 4.4939756
21041 6.0881987
21061 10.024875
21079 7.2658567
21099 2.0360136
21128 -0.8648653
21137 -0.47070026
21159 1.2929106
21177 1.4539213
21197 -0.7714968
21217 -2.4902163
21236 -3.421277
21256 -4.0045595
21275 -3.3602266
21295 -1.6755953
21316 1.046298
21338 2.9957914
21355 2.8961363
21374 2.6019316
21394 4.5182066
21413 6.1061735
21432 7.7749205
21454 8.1086
21474 7.334979
21492 6.5275297
21512 6.1184263
21531 7.2446012
21554 6.986331
21572 4.0034513
21593 1.1297941
21620 0.64140606
21632 1.6326017
21649 1.9031553
21669 0.23346233
21690 -1.0584993
21709 -1.0201693
21728 -0.9115267
21747 -1.3553743
21767 -1.5256472
21787 -0.9175234
21811 0.36694622
21826 2.5932646
21846 5.705432
21865 7.6091185
21886 6.619708
21907 4.065707
21925 1.6119413
21945 1.7065153
21964 5.887393
21983 10.694064
22008 10.2454405
22024 5.00574
22042 1.6448698
22077 -0.030789375
22087 -0.34830952
22102 -0.2854433
22124 -1.4071474
22142 -3.2192507
22161 -3.869565
22180 -3.9216585
22200 -3.0486727
22221 -1.2877474
22240 0.293643
22259 1.8325071
22280 3.448596
22299 4.753146
22318 4.942874
22338 4.6959715
22362 6.441638
22377 8.524905
22397 7.9081144
22417 6.8896666
22439 7.3798704
22457 6.624194
22477 6.0714445
22496 5.0434446
22516 3.4928923
22546 2.5546598
22555 2.538806
22579 1.3494749
22595 -0.4135561
22613 -1.6612368
22633 -2.136777
22653 -0.103497505
22674 0.40706158
22693 -1.374814
22713 -2.2011232
22731 -0.40873432
22751 2.6342802
22772 4.2769957
22795 5.167926
22812 5.1026793
22848 4.938998
22850 5.788333
22869 6.760684
22889 7.882663
22911 8.775699
22929 9.297931
22949 7.7590666
22967 3.0116453
22989 0.5088072
23019 0.9472532
23028 1.8250151
23047 -0.081936836
23066 -3.6849337
23086 -6.065961
23105 -6.279935
23128 -5.125333
23144 -2.9119081
23164 -0.9989443
23183 -0.5730715
23206 0.16017437
23224 1.2148008
23247 2.4481077
23263 2.8324003
23283 3.4776182
23302 5.3005095
23324 8.389636
23343 9.08005
23361 7.5055723
23381 5.9577208
23401 6.459918
23420 11.303378
23440 13.1343565
23462 8.598834
23481 2.9972868
23499 0.053912163
23530 -1.3269472
23542 -2.2271547
23559 -2.982831
23579 -2.5159426
23598 -1.9446383
23617 -2.4665804
23636 -3.7316103
23657 -3.0250216
23681 -0.61706257
23698 1.9174986
23716 5.156848
23735 6.109454
23758 4.309619
23775 3.1687803
23796 4.6480894
23816 6.07323
23834 6.5583677
23853 7.4666777
23876 7.670474
23893 6.2923155
23912 3.0382872
23933 2.2733335
23966 2.6728697
23980 1.9360533
23991 1.1546507
24011 -0.295331
24030 -2.9011202
24051 -5.4120455
24069 -5.702634
24089 -4.0165377
24108 -2.389966
24129 -2.3058748
24148 -1.69415
24168 -0.42701435
24187 0.43370342
24209 2.5579405
24227 4.8291655
24246 6.631976
24266 7.89223
24285 8.561709
24306 8.371966
24325 6.927371
24344 6.2252684
24364 8.78078
24384 8.999255
24404 7.5250273
24424 4.4742002
24444 0.74644756
24473 -0.16813374
24484 1.5200682
24502 1.4781523
24525 -1.5125093
24543 -4.346631
24563 -4.9724092
24582 -4.1670504
24601 -3.9928713
24620 -2.7035952
24645 0.7398405
24662 3.397128
24682 3.792758
24700 3.235507
24720 3.468051
24739 5.389407
24759 7.4555845
24779 6.3647337
24798 3.5371733
24817 4.856082
24837 10.218799
24858 10.161044
24877 5.0518064
24896 2.6641874
24923 -0.43000507
24935 -1.6896639
24955 -0.46801472
24976 -1.2120028
24995 -3.6376467
25014 -5.1313295
25034 -5.7412386
25054 -4.990964
25073 -2.4938173
25094 -0.9067507
25116 -1.1680269
25132 -0.09333515
25152 1.4590178
25174 1.6900663
25194 2.523532
25213 4.898883
25231 8.018237
25251 8.690707
25271 7.1751585
25290 6.089404
25309 5.8062925
25331 6.300708
25352 7.864093
25369 6.7232695
25387 4.064212
25409 3.6832151
25431 3.4246397
25462 1.1055784
25471 -1.6929598
25486 -3.9288301
25506 -4.042859
25526 -3.4706392
25546 -3.8345766
25565 -4.141629
25585 -2.5416842
25604 0.28018475
25627 2.6199064
25645 4.3557005
25665 4.9727964
25685 4.5852537
25703 4.4733152
25723 4.9572477
25743 4.6088743
25762 4.578662
25783 6.517352
25801 8.733798
25821 6.7397337
25841 5.240054
25861 4.610675
25886 1.784915
25916 -0.27619648
25932 -1.3167696
25939 -2.297803
25960 -3.1881227
25978 -3.773816
25999 -3.6921206
26019 -3.215375
26037 -1.8204317
26057 -0.08883381
26079 0.3801298
26100 0.329257
26122 1.3369169
26137 1.8334074
26155 2.2341337
26177 3.1571074
26194 5.5061216
26214 7.35892
26234 6.6203184
26253 4.9713163
26273 5.5094175
26294 6.3779173
26314 6.480838
26333 4.7543364
26353 2.2206755
26372 0.44056988
26394 0.6285124
26413 1.7346373
26433 2.069232
26452 0.122439384
26470 -2.492322
26490 -4.069791
26512 -4.623746
26529 -3.6556063
26549 -1.7920046
26568 -1.3505831
26589 -0.96810627
26608 0.16017437
26628 1.4153318
26648 0.83801556
26668 -0.18279743
26687 -0.3554964
26707 -0.05053425
26729 0.6719084
26748 1.819644
26767 2.5351896
26786 1.3473692
26805 1.6454496
26824 3.9202604
26845 5.0718718
26864 4.8303556
26884 2.9440184
26905 1.2955961
26923 0.70094585
26943 0.7952299
26963 1.0612822
26994 -0.98577595
27004 -3.2189455
27021 -4.6102877
27041 -3.6086092
27065 -2.6658907
27080 -2.5710268
27102 -1.6591463
27120 -0.33034992
27139 1.1905546
27159 1.2974119
27179 0.66173077
27201 0.547122
27220 2.1024504
27237 4.37337
27257 4.350909
27277 3.223239
27298 3.8292723
27318 5.172122
27335 5.9990263
27356 5.5602903
27376 4.5409575
27396 6.0436125
27418 8.329181
27435 8.052356
27454 6.6813536
27474 4.192004
27500 1.5814238
27513 0.5608854
27533 0.042254448
27552 -0.022107124
27573 -0.29145527
27592 -1.484067
27614 -2.52493
27631 -2.366025
27653 -1.880002
27672 -0.4542513
27691 1.25072
27710 1.9561186
27731 1.9593992
27754 0.8448973
27771 0.3801298
27788 1.25072
27808 2.796771
27829 4.3209715
27848 5.5372496
27868 6.0082884
27887 6.0121946
27906 5.9634123
27926 5.884097
27948 7.578006
27968 9.836627
27985 5.998721
28005 -0.10140705
28032 -2.7015047
28045 -2.773633
28065 -2.3570528
28085 -2.1996126
28104 -3.1073275
28123 -4.4441957
28143 -5.09422
28163 -5.0705843
28182 -4.0877657
28202 -2.2430086
28221 -0.60000324
28241 0.3552885
28262 0.15297222
28282 0.65637493
28301 2.3313932
28320 2.1967344
28340 2.2721434
28359 3.515338
28379 5.5851164
28400 7.3038664
28419 8.666156
28439 8.237292
28458 6.1992216
28477 6.07265
28498 6.4434233
28517 6.1226225
28539 3.8490171
28556 1.5024137
28582 0.6997404
28596 0.4468565
28616 -0.4204378
28635 -1.8093538
28655 -2.7398195
28675 -2.7083864
28694 -2.0628633
28715 -2.2104006
28734 -2.1705904
28753 -1.152173
28772 0.76977825
28792 2.4948149
28812 4.1219664
28832 5.412448
28851 4.7121305
28872 4.5334654
28892 5.26192
28912 4.8504057
28934 4.207858
28950 5.6563444
28969 7.5417814
28990 6.892352
29009 3.9202604
29028 1.9291868
29061 1.4620085
29068 1.4236937
29087 1.0238829
29107 -0.24236774
29126 -2.347165
29146 -4.0679903
29166 -4.7359896
29187 -4.014722
29206 -2.6287813
29225 -0.97707844
29246 0.008135796
29266 0.64648724
29285 1.6966429
29305 2.511569
29324 3.2552671
29343 5.3325377
29363 7.4077177
29384 8.660769
29409 8.273517
29423 6.8504515
29442 4.649585
29461 3.205905
29484 3.9400053
29501 5.6455564
29521 4.5137205
29541 0.9691191
29568 -0.9773989
29579 -0.46981525
29599 -0.8325319
29619 -2.9903078
29638 -3.656476
29658 -1.8590517
29677 -1.082715
29699 -1.4619112
29717 -0.99114704
29738 0.6707182
29757 2.3987455
29776 3.1870146
29795 2.8015623
29817 2.8739958
29839 3.7673368
29856 4.5313597
29877 4.366473
29894 4.6651487
29914 5.239459
29936 6.1079435
29954 6.5113707
29973 4.313815
29992 3.1346464
30018 1.9348783
30033 0.14192486
30051 0.13772869
30072 -1.1823854
30090 -2.6542177
30111 -2.8679018
30130 -2.8367739
30151 -2.458478
30173 -1.8264284
30189 -1.0689669
30209 0.10060406
30229 0.48457623
30251 -0.18578815
30278 0.3947935
30293 3.2486753
30308 5.816165
30326 7.6127043
30347 7.7560606
30369 6.1765013
30392 5.614169
30408 7.363406
30425 7.920062
30445 5.906848
30465 1.8426695
30485 -0.66853046
30513 -0.2199068
30525 1.1447935
30543 0.107195854
30563 -1.9640932
30585 -2.1837587
30606 -2.3863802
30624 -2.7802095
30642 -3.074994
30662 -2.6557283
30681 -0.48537922
30703 2.8683043
30726 4.823764
30743 4.19559
30761 2.8446531
30781 3.2061949
30799 5.0724516
30819 5.2298765
30839 4.314395
30858 4.531375
30879 5.655444
30898 6.9183836
30920 5.4121428
30937 3.4108915
30964 0.47380352
30976 -1.0806398
30996 -1.0794344
31016 -2.1942415
31037 -3.5604372
31059 -4.548047
31078 -5.1388216
31095 -4.524686
31115 -3.2019014
31135 -1.2326632
31153 0.65396404
31172 0.7844572
31193 -0.16964436
31212 0.99963665
31232 4.0995207
31253 5.8625364
31273 6.868411
31293 6.7941923
31313 6.4979124
31331 5.6348143
31351 4.773486
31370 4.63103
31390 3.9902678
31409 2.405902
31429 0.96760845
31454 1.8055754
31469 2.593875
31488 1.8860807
31508 0.22212505
31527 -1.3628511
31547 -2.9729586
31567 -3.9728212
31588 -4.089856
31612 -2.608426
31628 -1.579526
31647 -0.76998615
31665 1.4458342
31687 2.733615
31706 3.745181
31726 4.962634
31744 4.9853697
31764 5.191272
31783 4.040866
31806 3.4608488
31830 5.8742094
31843 8.969638
31862 6.7708464
31882 1.4512205
31903 -1.2622805
31932 -3.5341005
31943 -3.4862185
31960 -1.4325838
31981 -0.17919636
31999 -2.556363
32020 -5.303403
32044 -5.0322847
32060 -1.6417665
32079 -0.64638996
32099 -2.674573
32118 -3.4796267
32137 -3.0845919
32158 -1.8668184
32177 3.187625
32197 7.823413
32216 6.72478
32237 4.907565
32256 5.644992
32276 8.119983
32296 7.382266
32315 2.8961363
32334 0.19935894
32357 2.132968
32375 2.2541838
32394 0.9328947
32419 1.2611876
32432 0.83502483
32452 -1.4388704
32472 -1.6016665
32493 0.7182951
32512 -1.5717592
32532 -5.4237185
32551 -5.8738375
32571 -3.6540956
32591 -1.4627962
32612 0.9927397
32631 2.6130247
32653 2.777606
32676 1.5464048
32689 1.8938627
32709 1.7541075
32729 3.6332579
32747 6.2686796
32767 6.298892
32788 6.3587523
32806 6.6870604
32826 4.979388
32846 2.448413
32874 0.56717205
32885 -0.6487856
32905 -1.7390413
32924 -2.9008303
32946 -3.4595766
32964 -3.0582552
32984 -3.0893526
33006 -2.9654512
33024 -2.3139467
33046 -0.9306917
33062 0.10148907
33082 -0.35221577
33101 -0.87144184
33122 -1.0997744
33142 -1.7935152
33160 -1.3906832
33179 0.19577312
33200 3.5955381
33221 7.050967
33240 7.492114
33261 6.338702
33280 4.704074
33299 4.887805
33317 6.6807737
33339 6.5074797
33357 2.2799253
33377 -0.4979372
33397 -0.13522053
33429 0.8242521
33436 -0.12862873
33457 -1.9006624
33481 -3.0522585
33496 -3.1321535
33515 -1.9512148
33534 -1.0560884
33556 -1.5983706
33574 -1.4268923
33594 -0.4285097
33614 1.3752165
33633 3.6553984
33653 4.3640776
33673 4.081561
33692 3.480914
33713 3.3585234
33731 4.0001707
33751 4.010623
33774 4.3640623
33792 6.346469
33811 6.5700407
33831 4.002246
33850 0.7218962
33876 -1.5938845
33890 -1.8626375
33909 -0.6511812
33928 -2.0006075
33948 -4.6815157
33967 -6.7524996
33987 -6.348172
34007 -4.448682
34027 -2.6593142
34046 -1.4936342
34066 -0.6808138
34086 0.27180767
34107 0.4253111
34127 -0.623929
34146 -0.52187824
34164 1.4907255
34183 4.0746794
34203 6.014285
34226 6.022067
34243 5.4713926
34263 3.539279
34282 4.417651
34301 7.366107
34323 7.037799
34341 2.8994322
34361 -0.24236774
34381 -1.3389101
34409 -0.24625874
34420 0.3801298
34440 0.047945976
34465 -2.100278
34481 -4.2807894
34500 -4.660886
34518 -4.3723726
34539 -1.7875338
34558 -0.17472553
34579 -0.66045856
34598 -0.769681
34617 -0.81338215
34637 -0.02329731
34665 2.8748808
34676 5.6249266
34698 6.8663054
34715 6.9327574
34734 4.8539915
34756 5.555789
34776 6.840869
34795 4.3515043
34815 1.3455839
34833 -0.5467348
34853 -1.2458315
34885 -1.1551638
34894 -2.5569582
34912 -4.55943
34932 -6.164731
34952 -6.3819857
34972 -4.375638
34992 -2.2535067
35015 -1.2260714
35031 -0.94775105
35049 -0.9169283
35070 -1.5989656
35089 -1.9790773
35114 -0.52131367
35130 2.1249113
35148 3.83945
35168 4.151889
35187 3.9028807
35208 4.3326445
35228 4.827365
35248 5.0670958
35266 3.671237
35286 2.961978
35305 2.5684233
35325 1.3952665
35345 0.65126324
35369 -0.4102602
35384 -2.7281618
35404 -4.1625795
35426 -3.4667482
35444 -2.5988588
35463 -3.061841
35484 -3.1944246
35503 -2.80058
35522 -1.8324251
35543 0.035082817
35561 1.8687315
35581 2.0043058
35601 1.8459806
35620 1.9923124
35640 2.4609709
35665 2.9194822
35681 4.606189
35701 6.4194975
35719 6.2067137
35738 3.8065062
35759 0.9813719
35778 -0.0011415482
35807 -0.14719868
35817 -1.4678926
35837 -2.5057802
35857 -3.1890383
35876 -3.682538
35896 -4.251157
35915 -5.205838
35935 -6.6887636
35955 -5.8005037
35976 -3.2465029
35995 -1.5612764
36015 0.04854107
36035 0.85238934
36053 1.036746
36073 1.7229795
36092 2.5055723
36115 2.6187162
36133 3.2932768
36151 4.276965
36171 2.77254
36191 0.99963665
36211 2.5190306
36231 3.7559385
36250 2.5860624
36270 1.25101
36289 0.1781187
36318 0.24215984
36328 1.1282988
36348 0.45253277
36368 -1.0543032
36388 -2.4273653
36408 -3.8671846
36431 -4.0476503
36448 -3.8827486
36474 -3.0429964
36486 -1.6830721
36506 0.76588726
36527 1.0777464
36545 0.30021954
36565 -0.94357014
36584 -2.0044985
36604 -2.2726412
36627 -0.14150715
36645 3.3695707
36663 2.824008
36684 0.3056059
36702 -0.86666584
36722 -0.7266054
36749 0.15655804
36762 -0.018231392
36782 0.245471
36801 -1.1539736
36821 -3.2261477
36841 -4.7760897
36863 -2.472577
36880 1.8938627
36900 1.4261045
36919 -1.7174807
36939 -3.2204561
36958 -4.9146547
36980 -4.8030214
36998 -3.5688295
37019 -3.8214083
37037 -5.013715
37057 -5.1432924
37079 -2.5743074
37097 1.1498594
37116 1.5484953
37136 -1.6414614
37156 -3.4365206
37175 -1.0459261
37195 1.8941679
37214 2.097659
37234 1.0837278
37254 0.6904783
37273 0.8443022
37293 0.75212383
37313 0.215518
37337 -0.21421528
37351 -0.4368868
37372 -0.79931355
37391 0.5193052
37412 1.5520964
37431 0.5195799
37451 -0.5997133
37471 -0.5000429
37491 0.25323772
37509 1.1687193
37530 1.3967619
37551 1.5272398
37568 1.8136473
37589 1.4275846
37608 1.0146055
37628 0.93258953
37648 1.4162016
37668 0.7820463
37687 0.34091473
37706 0.076067924
37726 0.80299664
37746 2.1012754
37766 2.048007
37785 2.6444578
37804 3.4770231
37824 2.7898893
37844 1.8977537
37865 2.3469572
37884 1.6415586
37903 -0.16964436
37923 -1.7246675
37942 -2.1508608
37963 -1.2377596
37981 -0.102612495
38002 -0.73795795
38023 -1.4771852
38041 -1.5412111
38060 -0.24416828
38080 0.8284483
38100 -0.070858955
38120 -0.25822163
38139 -0.016400337
38158 0.46272564
38181 0.023989677
38198 -1.1734133
38218 -1.4116335
38237 -0.09571552
38257 0.8610716
38277 1.425189
38297 2.175479
38317 3.3300962
38336 3.1816435
38355 2.8141356
38375 4.1821165
38396 4.7405577
38415 2.9018126
38436 1.5640593
38455 0.17123699
38473 0.11946392
38499 -1.4203157
38513 0.15236187
38533 4.673831
38553 5.8448973
38572 3.8553038
38592 2.010272
38612 0.66922283
38631 0.2978239
38654 -0.14449787
38670 -0.21423054
38690 -0.95522785
38710 -2.4803438
38731 -3.362012
38749 -2.3875551
38769 -1.6402864
38788 1.2719755
38808 4.6130705
38828 4.8261595
38849 2.457385
38868 1.6083555
38887 3.0550566
38906 4.105212
38926 3.3860502
38948 1.9393492
38968 1.2947111
38986 2.2793303
39006 2.0345182
39025 3.8565092
39051 5.100299
39065 3.1723661
39084 0.13592815
39103 -2.2870302
39122 -3.7627535
39142 -3.6403475
39162 -3.8507357
39182 -4.907468
39202 -4.835065
39223 -3.8094301
39241 -3.0570498
39261 -1.9404573
39283 -1.7013369
39300 -2.5683413
39320 -3.39404
39340 -3.515561
39359 -2.052991
39379 -0.3761568
39400 -0.16694355
39419 -1.2263918
39438 -1.5532045
39457 -1.6160402
39477 -0.65057087
39499 1.100482
39517 2.0746183
39537 1.4162169
39557 -1.042325
39575 -3.647519
39595 -5.137906
39616 -5.1777163
39635 -4.9335146
39655 -3.9569674
39675 -2.6536226
39694 -2.0724306
39713 -1.0091219
39733 0.289752
39754 0.62582684
39774 -0.14690876
39793 -0.34830952
39811 0.547122
39832 -0.2573061
39852 -1.1904573
39871 -1.5606661
39891 -1.3110628
39910 -1.2272921
39932 -1.0638857
39949 -0.59611225
39970 0.35739422
39988 -0.73858356
40008 -1.7369356
40028 -0.54523945
40049 0.37803936
40068 1.239047
40088 1.1513548
40106 0.55998516
40127 1.0376463
40147 0.30110455
40166 -0.5503206
40186 -0.66943073
40206 -0.8217592
40225 -1.7507296
40246 -1.788434
40265 -0.39469624
40285 -0.003827095
40304 -0.7011385
40323 -0.4551363
40343 0.56987286
40363 1.4461393
40384 1.9210997
40403 1.7053251
40422 1.6511412
40441 1.2959013
40461 0.24457073
40480 -0.7879305
40500 -0.61555195
40521 1.6176481
40540 2.7177763
40559 2.0084867
40579 1.2501249
40600 0.84761333
40619 2.3502684
40643 4.677127
40658 5.5500975
40678 3.7616453
40697 0.6710081
40717 -0.47788715
40737 1.8037901
40758 2.81174
40780 1.2450285
40796 1.0684538
40817 2.8685942
40836 5.397189
40856 6.4395475
40875 5.954425
40894 2.1503477
40913 0.75241375
40934 -4.1200686
40953 -5.9456606
40974 -1.0887117
40993 2.1063566
41012 0.9029722
41032 -1.8488741
41052 -1.863553
41072 1.8636351
41092 6.4691954
41110 8.771197
41130 6.4156065
41149 1.3713255
41170 -2.6332827
41191 -2.0484896
41214 1.8609495
41228 5.2068357
41248 5.7865324
41267 4.445178
41287 1.7337523
41314 2.6163054
41326 5.6871824
41346 7.6528196
41368 5.9756804
41386 3.061633
41407 1.6047544
41426 2.2107725
41445 3.0858793
41464 1.7525969
41486 0.416049
41506 -0.6164675
41524 -2.485135
41543 -2.7164736
41563 -3.0878725
41583 -2.172391
41602 -1.7228823
41623 -2.3788881
41642 -2.739499
41662 -3.955472
41681 -4.3415346
41703 -4.1006136
41720 -4.1296663
41742 -5.0170107
41761 -5.2704897
41779 -3.5580263
41799 -1.5487032
41819 -1.1542482
41838 -1.6884737
41858 -2.5973635
41878 -2.6446505
41897 -1.2257814
41920 -0.0672884
41937 0.67340374
41957 0.8963804
41976 1.6804838
41996 3.9830961
42016 5.591403
42036 7.341571
42055 9.637607
42074 8.295657
42094 5.7640867
42114 5.037448
42134 7.627368
42154 8.548846
42174 6.6044645
42192 3.203189
42212 0.057513237
42241 -0.895978
42252 -0.43301105
42271 -1.0504274
42291 -2.6060457
42311 -5.0445223
42330 -5.9932375
42350 -4.480405
42370 -2.872098
42390 -2.3160524
42409 -3.8701754
42428 -4.2227297
42448 -3.5631075
42473 -3.3443422
42488 -2.4555025
42507 -0.5838442
42526 2.0833006
42546 3.8567991
42566 4.3479185
42586 3.6221647
42611 1.808856
42627 2.8300047
42646 5.614154
42665 6.282138
42685 6.772937
42705 5.0188932
42724 1.626605
42745 0.27896404
42768 2.504077
42783 3.4815092
42804 0.029986382
42823 -3.0534487
42842 -4.0156374
42862 -4.398999
42882 -5.3563967
42903 -6.2060213
42928 -6.4774446
42942 -5.879834
42960 -3.4706392
42980 -1.5169802
43000 -0.27198505
43021 0.16285992
43039 -0.67901325
43060 -1.4254122
43080 -1.0031252
43098 1.7481108
43117 4.6082945
43141 4.8210783
43158 5.410342
43177 5.890689
43197 5.4749784
43224 4.507739
43236 3.096652
43256 1.5565672
43277 0.5884123
43295 -0.7583132
43314 -1.8363161
43349 -1.3209658
43357 -1.0548983
43375 -2.093976
43393 -3.6250582
43413 -5.332135
43432 -5.433881
43452 -4.984082
43476 -3.4024324
43493 0.5644865
43512 3.1989927
43531 2.7692442
43551 0.020098686
43570 -1.9817476
43591 -1.8078737
43610 -0.5437441
43629 0.37832928
43649 3.4426146
43668 8.619449
43690 10.936175
43708 5.452533
43729 -1.6187563
43751 -3.9797182
43767 -1.6298037
43789 0.04703045
43806 -0.965436
43827 -2.1233187
43846 -3.0842867
43865 -3.9219484
43885 -2.5904665
43906 -1.5436068
43924 -0.7972231
43944 -1.3568697
43964 -0.5715761
43983 -1.7160006
44003 -2.2373323
44023 0.8311186
44044 3.1723661
44062 4.2575407
44082 4.0591154
44101 4.45148
44125 4.8530912
44143 3.577899
44161 1.5481901
44180 0.89337444
44200 2.8694792
44219 4.718417
44240 2.8377714
44260 -0.62603474
44281 -1.5364351
44298 -1.4340792
44318 -1.9186068
44338 -2.1562319
44357 -1.3439913
44378 -2.414487
44397 -4.0290804
44417 -4.2900667
44435 -3.7525606
44456 -2.4198885
44477 -1.5914888
44497 0.7748747
44517 3.6245756
44535 4.500842
44554 2.7946959
44574 2.9697447
44598 5.6324186
44617 7.850024
44634 8.453082
44652 6.50809
44673 0.005724907
44694 -4.7315035
44720 -4.443616
44732 -2.1876497
44751 -1.5307589
44771 -1.8060884
44790 -1.8084688
44812 -2.6599092
44831 -2.7781343
44849 -2.4848146
44870 -2.7547884
44888 -2.9777498
44910 -1.8500795
44928 -0.4976473
44948 -0.28127766
44967 -0.03046894
44986 -0.07597065
45008 1.0690641
45031 2.7025023
45046 4.7905455
45065 6.5230436
45086 5.1005735
45105 4.0944395
45127 5.030261
45145 6.176181
45165 5.3058805
45184 0.6132536
45203 -3.96626
45235 -6.61395
45244 -4.808408
45262 -0.92561054
45282 0.6413908
45303 -1.2096224
45321 -3.4604769
45341 -3.7630434
45361 -3.808835
45381 -3.9581728
45400 -3.0516481
45419 -0.04963398
45439 2.3685179
45459 2.048892
45481 0.7835417
45499 1.065753
45518 3.1669645
45537 4.2739897
45558 5.365756
45577 6.9252806
45597 5.741946
45616 2.4828215
45636 0.3459959
45656 -1.1898775
45684 -1.37782
45698 -0.85081196
45715 -0.98606586
45734 -2.2029085
45754 -2.1786928
45776 -1.3915834
45794 -1.2257814
45814 -2.3432894
45833 -2.8116426
45853 -3.501462
45872 -4.196103
45892 -3.6220827
45914 -0.79394245
45933 0.91343975
45951 -0.3833437
45971 -1.1045809
45993 0.7033415
46012 3.2127562
46032 5.499545
46051 3.888217
46071 2.274539
46089 2.945819
46110 5.266391
46128 7.327197
46149 6.3916655
46167 1.3111601
46187 -3.2584658
46213 -4.959531
46228 -4.047925
46247 -2.6524324
46265 -2.442029
46286 -3.2135897
46305 -4.184125
46328 -2.1116304
46345 -0.78735065
46365 -2.9268618
46384 -4.9460726
46404 -3.678052
46423 0.19696331
46444 3.646411
46464 3.476718
46483 0.8419218
46505 -0.46412373
46522 1.4102201
46542 5.424411
46562 6.3004026
46581 4.8147764
46600 3.8505125
46620 3.1894102
46640 0.22600079
46661 -2.5105867
46685 -3.088788
46699 -1.7866182
46719 -0.76609516
46738 -1.5510988
46760 -3.4108095
46778 -4.3259706
46801 -4.118573
46818 -3.248273
46836 -3.4541903
46856 -3.6205873
46878 -3.148038
46896 -2.9971895
46916 -2.4165926
46935 -1.4637117
46954 -0.21783161
46978 1.7804289
46996 3.6847105
47014 3.871173
47035 3.0906706
47053 3.452777
47072 3.6212645
47094 4.2733946
47121 6.495532
47133 7.090472
47151 4.726489
47171 0.22539043
47191 -2.255002
47219 -4.0084505
47231 -3.801343
47250 -2.7610598
47269 -3.0274324
47289 -4.169446
47308 -4.318799
47329 -3.7687197
47350 -3.521222
47370 -3.7699099
47387 -3.0902834
47407 -0.066082954
47428 4.1468077
47447 5.844592
47468 2.5806913
47487 -0.65806293
47505 0.91762066
47525 3.633853
47545 5.3792295
47566 5.1077757
47584 4.066287
47604 3.8930235
47624 1.8920622
47645 -0.74932575
47675 -0.3593874
47683 1.4470396
47702 0.8466978
47722 -2.6856508
47742 -5.2447634
47763 -5.6164675
47783 -4.3292513
47802 -2.338193
47821 -2.0682344
47840 -2.6679811
47862 -2.8810854
47880 -2.4129915
47903 0.009020805
47920 2.3843718
47938 1.3515806
47958 -0.7747774
47980 0.20834637
47999 4.303027
48018 6.2860136
48037 5.543231
48057 5.591708
48076 6.208209
48097 5.0087156
48116 4.2057676
48135 3.116397
48155 -1.0324526
48178 -4.019223
48195 -3.525403
48214 -2.3307009
48234 -2.2603884
48253 -3.0953646
48272 -3.8468294
48292 -3.654111
48313 -3.5810823
48332 -4.3167086
48354 -4.483411
48371 -3.6247835
48391 -0.16933918
48412 2.8934507
48431 4.332965
48451 4.128253
48470 3.1253843
48490 4.5541105
48510 7.1754637
48529 6.5499754
48549 4.6055784
48569 3.0682096
48589 1.9620848
48608 -1.0088167
48638 -2.6661959
48649 -2.5931673
48667 -2.6084414
48686 -3.03938
48705 -3.2773256
48725 -3.4119844
48748 -2.4402437
48770 -2.9606905
48785 -4.523511
48805 -5.3177767
48825 -3.9372225
48843 -2.5479708
48865 -1.7549105
48883 -0.9722872
48904 0.55969524
48922 2.3361998
48942 3.7023802
48964 3.3680906
48982 2.490924
49003 3.0143461
49021 4.3557158
49040 6.4625883
49060 7.469638
49082 4.9724913
49101 1.5332212
49119 -1.9796724
49143 -4.1461
49158 -5.013425
49180 -3.5547457
49198 -2.259778
49220 -3.55235
49239 -4.1826143
49257 -3.656186
49276 -3.3281832
49298 -4.2227297
49317 -5.46951
49336 -4.1778383
49355 -0.55302143
49375 2.064746
49396 2.9987822
49415 3.2139616
49437 3.1882353
49454 4.4305296
49473 7.551364
49493 7.824893
49514 4.6474943
49534 3.6793242
49553 2.2215605
49572 0.020388603
49592 -0.43868732
49616 -0.7648897
49632 -1.2428408
49650 -1.4185152
49684 -1.5618868
49691 -1.8075686
49711 -1.8584566
49733 -3.3281984
49749 -4.879636
49769 -4.099118
49789 -2.9235811
49809 -2.4513216
49828 -1.5358248
49847 -0.46741962
49867 -0.37106037
49886 -0.73466206
49907 0.06618023
49927 2.206912
49947 3.1750517
49971 4.265918
49985 4.323367
50004 4.3012266
50024 5.898471
50045 6.983035
50066 5.255023
50086 1.5218534
50106 -1.5666628
50127 -2.5342073
50142 -2.7206545
50162 -2.0071993
50183 -1.9922304
50202 -3.5822725
50221 -4.869748
50241 -4.702756
50262 -3.4706392
50282 -2.8786745
50300 -2.6760683
50320 -0.6508608
50339 1.5841093
50359 2.6752806
50379 2.1718931
50399 1.2555113
50418 1.6451445
50438 4.012744
50457 5.9897337
50477 6.022067
50497 4.702853
50521 2.3942442
50539 0.63211346
50556 -0.35130024
50582 -1.9943209
50596 -3.3135347
50618 -3.8372622
50636 -4.14462
50655 -5.098111
50674 -6.383786
50696 -7.1511507
50714 -7.5701265
50734 -7.6048403
50753 -6.703412
50773 -5.1304293
50791 -3.8378572
50813 -3.4278536
50834 -3.3284883
50852 -4.3265657
50872 -4.9730196
50891 -3.8220034
50910 -0.5730562
50931 3.6021147
50952 5.4202147
50969 3.8352537
50989 2.6602964
51009 0.94665813
51029 -1.5495882
51047 -4.528302
51067 -5.6257296
51086 -4.867078
51107 -3.6026278
51126 -1.4068575
51147 0.11018658
51168 0.23498821
51185 0.6662321
51207 0.7883482
51225 -0.5356569
51244 -2.2962923
51265 -4.0248995
51285 -4.2137423
51304 -3.1486177
51323 -2.6527224
51349 -2.1283998
51364 -2.374692
51384 -2.6255007
51402 -0.6083803
51422 2.0192595
51441 2.523837
51461 1.1971464
51481 -0.5943117
51501 -0.4829836
51522 1.1642332
51540 3.0107603
51560 3.6236753
51580 2.741992
51601 2.4684477
51619 -0.07029438
51641 -1.631299
51662 0.7192106
51677 3.3677855
51697 2.0159483
51721 -2.0000277
51737 -4.6474123
51756 -6.184781
51776 -5.8822145
51796 -4.7000856
51816 -4.32298
51835 -3.2500887
51854 -2.550397
51874 -2.5422945
51894 -2.796979
51914 -2.4142122
51936 -1.812665
51953 -2.532712
51973 -1.8749208
51992 0.37173748
52012 2.4080076
52032 4.2048674
52053 4.3128996
52071 4.610965
52092 5.718005
52113 6.015506
52130 5.1020994
52154 3.1418333
52169 2.1099424
52188 4.1425962
52208 4.1461973
52228 0.8065977
52255 -0.52009296
52272 0.3244505
52287 -0.5545168
52307 -1.9949312
52326 -1.5478029
52347 -1.3697329
52366 -2.986127
52386 -4.545636
52405 -4.18353
52425 -1.7692537
52445 0.44328594
52465 1.2435331
52484 1.1525602
52504 0.9125395
52524 1.4509306
52543 4.033389
52563 5.7129087
52583 4.0857573
52604 3.2633543
52621 3.6224852
52642 4.173724
52661 4.628024
52681 3.283084
52701 1.1175413
52727 1.2282743
52739 1.7220793
52760 0.6228361
52779 -0.28335285
52799 -1.3041964
52820 -2.9367342
52838 -4.2188387
52858 -4.5019503
52878 -3.7878847
52897 -3.1719637
52917 -2.361539
52937 -1.5624819
52957 -1.1536531
52976 -0.60807514
52995 -0.8112917
53016 -0.6442995
53038 1.0933104
53056 4.690295
53076 7.3364897
53094 7.374194
53115 6.038226
53135 5.6156645
53155 6.8381834
53173 8.209781
53192 6.41022
53212 4.903079
53232 3.3564177
53255 0.7192106
53277 0.45105267
53290 2.9481993
53311 2.8272886
53331 -0.11637592
53350 -3.1689577
53370 -5.4781923
53389 -5.4737062
53409 -4.9613466
53429 -3.2033968
53448 -0.28036213
53468 1.8004942
53488 1.9363585
53507 0.63389874
53527 -0.43809223
53548 0.16733074
53567 2.4810362
53587 3.314517
53605 2.2918882
53625 2.994296
53645 7.0330076
53665 8.044269
53685 6.05289
53707 3.527606
53730 2.777316
53743 3.301364
53763 2.8608122
53784 0.46452618
53810 -1.3910036
53823 -2.3384676
53842 -2.951108
53862 -3.3284883
53881 -3.6457186
53902 -3.460782
53924 -1.7920198
53942 0.021883965
53961 -0.3411379
53979 -1.6405764
54000 -1.326047
54022 0.33822918
54039 4.385028
54062 8.376468
54079 8.108905
54098 7.191928
54118 6.182788
54138 4.7582426
54157 3.6164885
54176 2.1775846
54196 2.1712828
54216 0.72427654
54236 -0.61825275
54259 0.57796
54275 2.8898497
54294 3.6269712
54314 1.863925
54335 -0.59492207
54357 -2.4100008
54375 -3.4470034
54392 -3.2261477
54412 -2.10954
54432 -0.5329561
54453 1.2171965
54473 2.4196806
54494 2.5804014
54511 2.2104979
54531 1.6017637
54551 2.6193113
54570 5.149371
54589 5.9927397
54612 5.054797
54630 5.609973
54648 7.2529783
54669 7.908084
54691 6.535632
54710 4.4152555
54727 1.8468809
54752 -0.015805244
54767 -1.0399294
54786 -2.014371
54808 -3.11868
54829 -4.663251
54847 -5.519498
54865 -5.2618227
54885 -4.3960085
54905 -2.5863008
54925 -0.044537544
54945 0.7458525
54963 -0.44526386
54982 -0.12414265
55003 2.1512327
55024 5.109576
55043 7.6659727
55063 8.843631
55082 8.394427
55103 7.222766
55128 6.310565
55142 5.305606
55162 2.789279
55181 2.847949
55199 2.449008
55220 1.1929502
55251 0.09700298
55271 -0.122036934
55278 -0.8002138
55298 -2.4833345
55317 -3.7073793
55338 -3.9078798
55358 -2.7909975
55381 -1.0872164
55398 -0.6532717
55416 -0.9555483
55437 0.1212492
55460 2.844058
55477 5.1616545
55495 5.9729795
55515 4.9700956
55534 3.4737272
55555 3.2890806
55574 4.724124
55594 5.4633207
55614 5.2648954
55633 4.7893553
55653 4.2551603
55673 3.8804502
55691 5.132022
55715 2.1126432
55732 -0.87232685
55751 -1.6396761
55771 -2.081708
55791 -3.602933
55810 -4.6168795
55831 -4.00784
55850 -3.3033571
55869 -4.425931
55888 -5.066983
55909 -3.1249819
55927 -0.6526766
55947 -1.12045
55967 -2.5560732
55987 -1.7875338
56008 0.9277983
56026 4.1845274
56047 7.6716795
56066 7.638751
56085 5.9041624
56105 4.2249174
56127 3.5320768
56144 4.6600676
56164 4.476306
56183 3.480914
56203 0.64348125
56223 -1.2673769
56251 -0.8160677
56262 1.5182829
56281 1.3829985
56301 -0.670331
56322 -3.3467379
56342 -4.529477
56361 -4.826062
56384 -4.5842714
56401 -4.0952272
56420 -2.9741488
56439 -0.45066547
56459 1.6571379
56483 2.827304
56499 1.9504423
56518 0.2729826
56543 2.9257689
56558 8.368075
56577 9.094409
56596 7.226062
56617 4.8695707
56636 3.7343931
56656 1.2854338
56680 -0.3890047
56709 0.09791851
56725 1.2938261
56735 0.6587553
56756 -1.4029512
56778 -3.0073671
56793 -3.6298647
56813 -3.8363466
56833 -3.7765017
56852 -4.3253756
56872 -5.021497
56894 -4.6964846
56913 -3.6987123
56931 -3.0393953
56951 -0.65087605
56970 0.8655577
56990 1.4542112
57010 4.231204
57031 6.168109
57049 6.0726347
57069 4.7471495
57089 2.3643064
57110 -0.2770815
57133 0.5540037
57149 3.9956694
57167 3.1807432
57186 -1.0267763
57214 -1.9958315
57226 0.25862408
57249 0.73746014
57269 -0.19448566
57285 -2.006299
57305 -3.4401217
57324 -4.4316225
57345 -4.162259
57366 -3.5855837
57384 -1.8485842
57403 0.6560545
57423 2.4316587
57443 3.025714
57462 3.9400053
57482 3.2274504
57502 2.8015623
57522 3.5826902
57542 4.72771
57562 6.405734
57581 6.195956
57600 4.6244535
57621 1.4967222
57640 -1.8862886
57666 -2.62222
57679 -1.5535097
57699 -0.84299946
57718 -2.1508455
57739 -4.484296
57757 -6.1318026
57779 -5.8618593
57797 -4.6776247
57818 -4.700986
57836 -5.6218386
57856 -4.3678713
57876 -1.6462526
57901 -0.46622944
57916 0.03805828
57935 0.4779997
57954 0.5342436
57975 2.3385801
57995 5.7506285
58014 9.176425
58033 9.27698
58053 7.144931
58072 7.835681
58092 7.995776
58111 6.6915464
58132 2.7788115
58152 -1.9682894
58175 -4.3759584
58190 -2.7006044
58213 -0.505414
58230 -1.5118837
58251 -4.4989595
58269 -6.917096
58289 -7.3570375
58308 -5.1977663
58331 -3.030118
58348 -2.0176668
58370 -0.6706362
58388 1.3850889
58406 2.5220366
58428 3.3710966
58447 3.9420958
58467 4.338641
58486 5.2328825
58505 6.1818876
58525 6.713992
58545 7.602847
58564 8.356723
58584 5.0087156
58604 0.44534588
58631 -0.60540485
58642 -1.145566
58664 -0.71522236
58683 0.15208721
58703 -1.491559
58722 -4.318204
58741 -6.2571993
58763 -7.1708803
58780 -6.592679
58801 -3.640027
58822 -1.639081
58840 -1.1303072
58859 -0.6236391
58884 0.04913616
58901 -1.2530184
58920 -1.702527
58939 1.4069395
58958 4.5643034
58977 5.709338
58998 6.2049284
59018 7.0871763
59037 5.594989
59057 3.7032804
59076 2.562747
59097 1.915698
59115 0.28076458
59135 -0.20347309
59154 0.8511839
59178 1.1666136
59194 -0.2109499
59214 -2.0885897
59234 -3.3039522
59253 -3.9464998
59272 -3.7226381
59292 -3.4565706
59315 -2.6263857
59331 -1.5669527
59352 -0.832242
59373 0.7024412
59391 3.2690458
59411 4.267413
59431 2.483142
59450 2.277835
59469 4.2075377
59489 7.271823
59508 9.186618
59529 6.86423
59548 1.978549
59568 -1.8515749
59593 -2.6255007
59607 -2.0359163
59627 -1.701047
59648 -1.8270235
59666 -1.9952211
59686 -2.1430635
59707 -2.2082949
59726 -2.89845
59746 -3.4592867
59767 -4.1458254
59785 -3.7031832
59806 -1.4170198
59824 -0.3121004
59844 -1.2464266
59863 -1.8231325
59884 -0.35128498
59902 3.2798033
59922 4.8231688
59942 4.0453367
59966 3.7469816
59982 4.1701384
60004 4.033679
60021 4.1120634
60041 5.2167234
60061 5.661731
60080 2.6327696
60101 -0.8307314
60121 -1.7094088
60141 -0.8247347
60158 -1.291913
60178 -3.0115633
60199 -4.3729677
60217 -5.0421267
60237 -5.3485994
60257 -4.4675264
60276 -3.51225
60297 -3.031003
60317 -1.690259
60339 0.88141155
60356 1.8654356
60375 1.4784727
60395 2.9251585
60415 4.8497953
60434 4.84711
60454 4.188998
60472 5.3074064
60492 7.2646666
60512 8.259143
60532 5.04523
60553 1.5134611
60573 1.0507994
60594 -0.14182758
60610 -1.6693087
60633 -2.911603
60651 -3.915082
60671 -4.3325624
60690 -4.069791
60712 -4.450757
60729 -5.58801
60752 -5.1669283
60768 -3.0379
60788 -0.7981081
60808 -0.08166218
60828 -0.9597292
60847 0.20297527
60866 1.2369566
60887 1.4967222
60906 3.1325712
60926 3.918765
60947 5.977771
60967 8.155002
60985 8.006549
61004 6.8663206
61024 3.5590239
61044 -0.3447237
61064 -2.2561922
61090 -0.2546358
61103 2.1111326
61122 2.2278624
61143 0.9505491
61162 -0.9959383
61183 -2.9520082
61201 -3.8573275
61221 -3.43324
61242 -2.7017946
61260 -2.5434847
61279 -3.2294283
61300 -1.6845522
61319 1.0301542
61339 1.7741423
61358 0.8395262
61379 1.1765013
61398 3.9681273
61418 6.718173
61437 7.519641
61459 5.9002714
61477 8.275897
61497 10.504001
61516 6.9414244
61535 0.78773785
61560 -2.6081362
61575 -2.5536776
61595 -2.7296267
61617 -3.239606
61638 -3.9405184
61654 -4.3367586
61674 -3.7864046
61693 -4.1164675
61714 -4.6213655
61735 -4.129361
61755 -2.7362337
61771 -1.4062471
61792 -0.008923531
61812 1.2327604
61832 1.385684
61858 1.6194334
61870 3.4668455
61890 4.831546
61909 5.060199
61929 5.385211
61948 4.001376
61970 2.9772367
61988 4.2560453
62008 6.4904356
62029 4.068988
62049 -0.025677681
62074 -2.4201937
62087 -2.801465
62106 -1.4466524
62126 -0.9346132
62150 -2.1299105
62165 -3.5469637
62185 -3.8204927
62205 -2.2690554
62225 -0.9782686
62244 -1.8506594
62263 -1.8270082
62283 -0.047833443
62303 2.330203
62323 3.8984098
62342 3.1427336
62362 1.1860685
62382 1.3102751
62403 2.8653135
62421 5.267886
62441 6.8340025
62465 6.137576
62481 2.8039427
62504 -0.15797138
62531 -1.7291536
62542 -3.2560549
62559 -3.1677675
62578 -2.844266
62598 -3.1946993
62621 -3.0513582
62639 -3.0085726
62662 -3.8001375
62677 -4.248456
62697 -3.67056
62716 -1.5933046
62736 -0.6574526
62756 -1.0528078
62775 -0.6912813
62795 1.6385832
62815 3.871173
62835 5.0230894
62854 4.8411283
62873 4.002551
62893 4.1222715
62913 4.21445
62933 4.43291
62953 6.6511564
62973 8.541965
62993 4.879733
63012 -1.4466677
63038 -4.8835115
63054 -3.8432436
63071 -2.0505953
63092 -0.84660053
63112 -1.1548433
63130 -2.7027102
63149 -3.5610323
63171 -3.2611513
63188 -3.145337
63208 -3.8354769
63228 -2.8697176
63248 0.10209942
63270 3.5027647
63287 4.985965
63309 4.779483
63326 4.210849
63346 4.6405973
63365 6.037936
63386 8.151095
63405 7.587573
63425 6.3680143
63445 4.337741
63464 2.042285
63484 1.6281157
63511 -0.3994875
63524 -2.4519167
63543 -3.3201113
63562 -3.9096804
63582 -4.438504
63605 -4.577359
63622 -4.6174746
63643 -4.351407
63661 -2.6260805
63681 -1.3389254
63700 -0.9381685
63721 -0.34562397
63744 0.97926617
63761 1.5389128
63780 1.8064909
63799 4.6085844
63818 7.7710295
63838 7.7327147
63862 7.1832457
63879 7.3909483
63897 8.642215
63916 5.7410307
63938 0.41694927
63957 -2.9571047
63980 -3.278821
63995 -0.94445515
64015 1.5224485
64034 2.5415068
64054 0.95112896
64074 -1.1249208
64096 -2.488431
64113 -3.0058718
64133 -3.1902437
64152 -3.0765047
64173 -2.2011232
64193 -0.60358906
64212 1.4578123
64232 3.2364073
64252 2.8461637
64271 2.8542356
64292 3.236102
64311 3.9525785
64330 4.997943
64349 5.6416807
64369 5.919116
64391 7.08031
64411 6.2228575
64430 2.8787718
64448 0.8143797
64473 0.040743828
64489 -0.08166218
64507 -0.66705036
64527 -2.1044436
64546 -3.0438967
64566 -4.0691957
64585 -5.512601
64607 -5.412656
64626 -4.0392733
64648 -1.7031374
64664 0.17122173
64684 0.32594585
64706 0.02937603
64724 -0.23608112
64744 0.42232037
64765 3.6188993
64783 7.0838957
64802 5.732669
64826 4.3865385
64846 4.2357054
64861 5.3046904
64883 8.095141
64901 7.2296324
64920 2.9888945
64940 -0.47640705
64963 -1.1793947
64979 0.32236004
64999 0.6737089
65018 -0.99833393
65038 -2.4435396
65059 -2.6251955
65078 -3.2605562
65097 -3.0986605
65117 -2.5237246
65142 -2.729642
65156 -2.3280153
65177 0.524066
65195 3.0035734
65215 3.2735167
65235 2.5516691
65256 2.8587217
65275 3.8002348
65295 3.9058867
65314 3.7424803
65334 4.2844725
65353 5.6407804
65374 6.270465
65393 4.532855
65417 2.6205015
65437 0.86256695
65451 -1.0052156
65474 -1.1847811
65495 -2.2400331
65513 -2.998105
65534 -3.0010805
65549 -4.216428
65569 -4.6063967
65591 -3.1267824
65611 -1.6636171
65628 -0.110669136
65648 0.76588726
65667 0.81946087
65688 0.16972637
65708 0.6644316
65729 3.2762175
65748 6.041507
65766 7.5450773
65786 7.9332457
65807 6.8181486
65825 5.6177397
65846 5.5378447
65866 5.4860563
65884 2.8410673
65904 0.15057659
65928 0.27029705
65945 1.5850248
65963 0.9322996
65982 -0.47219563
66002 -0.92890644
66024 -1.1470766
66043 -2.3908663
66066 -3.192914
66082 -3.5451784
66101 -2.8430758
66121 -1.0821352
66143 0.28285503
66160 1.9546232
66179 3.6179838
66199 4.488574
66219 4.5457335
66238 2.8293943
66258 2.7001219
66278 4.621173
66297 6.4057493
66317 9.477206
66337 10.534244
66359 6.5703306
66376 2.9820433
66396 1.6355772
66422 -0.0672884
66435 -1.0411348
66455 -2.2058992
66475 -4.0210238
66495 -5.5069246
66514 -5.8379183
66534 -4.675824
66553 -3.3009462
66573 -1.9509401
66593 -0.045147896
66613 1.7894163
66632 2.1602201
66652 1.7196836
66671 0.972415
66694 1.6744871
66714 4.6041136
66731 7.481036
66750 7.3358946
66770 6.0280485
66790 6.295291
66809 5.504031
66829 2.6806517
66848 1.1405821
66872 -0.25314045
66888 0.092822075
66908 2.0716276
66929 3.8466368
66949 2.9335508
66967 0.7269926
66986 -0.9378786
67006 -2.0209627
67026 -2.6733675
67047 -3.1097078
67068 -3.3952303
67098 -3.010068
67111 -1.705823
67125 1.7065153
67144 5.40137
67166 7.0288267
67182 5.1841
67202 3.1020384
67222 3.6350431
67243 6.7705564
67262 8.430942
67283 8.040378
67301 7.567233
67321 5.291522
67340 1.9207792
67360 -0.7397585
67388 -2.5686312
67401 -3.0734987
67419 -2.4947176
67439 -2.512967
67459 -3.3566103
67479 -3.9375124
67499 -4.2792635
67520 -3.8351717
67537 -2.4587984
67556 -1.5343294
67577 -0.3967867
67604 1.4787626
67617 2.8605223
67635 3.3399687
67655 4.1815214
67677 5.5836363
67702 7.2290525
67716 7.6564054
67736 6.672076
67754 6.25043
67773 8.605105
67794 8.733798
67814 5.7907286
67835 2.6402464
67855 1.8576689
67871 1.9905272
67894 0.46483135
67912 -1.3694277
67931 -3.1522188
67951 -5.1633425
67970 -6.0279512
67990 -5.3450136
68011 -3.1677675
68030 -1.7216921
68049 -0.9052553
68071 0.5097227
68088 2.3694181
68108 2.8338804
68129 2.3819761
68150 2.843463
68167 5.425021
68186 7.312854
68206 5.8727293
68226 4.986575
68247 6.919589
68266 7.2520933
68285 3.8295774
68305 1.25072
68327 1.393466
68344 1.5485106
68365 0.4968443
68383 -0.9600496
68403 -2.89964
68423 -5.100217
68442 -5.8109713
68463 -4.780881
68482 -3.1662722
68502 -1.4547243
68521 -0.40546894
68541 -0.5078249
68561 -0.8133974
68580 -0.60867023
68601 1.3889799
68619 4.2204313
68639 5.711108
68659 6.579623
68679 6.5685453
68706 5.9687986
68720 4.5957212
68738 3.7125578
68757 2.0764189
68778 1.8642302
68797 2.0168638
68816 2.1413755
68835 2.297
68858 1.479373
68875 0.45375347
68896 -0.5338564
68915 -0.2737856
68934 0.22120953
68954 -0.5844393
68974 -1.5029116
68997 -1.3428011
69014 -0.25672626
69033 0.6449919
69052 1.1884794
69072 2.2960997
69091 2.445117
69113 2.9153013
69131 5.374118
69150 6.020282
69171 4.484683
69190 4.141116
69209 4.6367064
69230 5.681796
69250 5.4423704
69271 4.0677977
69289 1.8004789
69313 -0.31986713
69329 -1.326047
69348 -2.0398226
69367 -2.401639
69387 -3.2596712
69406 -4.359494
69426 -4.9891787
69448 -3.615201
69466 -1.6280184
69487 0.47978497
69505 0.97149944
69524 0.7814512
69547 -0.2184267
69564 -0.24865437
69584 1.8154478
69603 5.582736
69623 8.243869
69643 8.873248
69663 8.469531
69687 6.3686247
69703 4.9210386
69722 3.6643705
69741 3.5934477
69761 3.4294462
69781 3.159503
69802 2.7489042
69822 1.5934019
69843 0.10361004
69860 -1.409833
69880 -2.3800783
69899 -3.0337038
69918 -2.8828707
69938 -2.4163027
69958 -2.4958925
69977 -2.5458956
69998 -1.3197451
70021 1.2246885
70039 3.904086
70056 4.5831633
70078 3.3827696
70098 3.3216887
70115 4.029193
70135 4.1270475
70155 5.618045
70174 7.9173765
70193 8.255862
70213 6.3746214
70233 4.659152
70252 2.630374
70279 0.61715984
70297 -0.7478304
70316 -1.3475771
70336 -1.4511538
70352 -1.7022371
70370 -2.9911928
70390 -3.6292543
70410 -4.1323366
70431 -3.936017
70449 -3.4984865
70469 -2.7820253
70489 -1.3293276
70509 0.6180601
70530 1.7481108
70548 2.943408
70569 3.3770628
70588 3.7332182
70607 5.112567
70626 7.5190306
70646 8.185824
70666 6.081012
70688 5.732959
70706 8.548236
70725 8.283679
70745 4.159976
70765 0.6671324
70794 -1.3317232
70805 -3.3455477
70823 -4.655484
70843 -4.2412844
70863 -2.9376497
70883 -1.5741396
70909 -1.0372286
70924 -1.2449465
70941 -2.6748781
70961 -2.584485
70982 0.1820097
71000 3.422244
71021 3.8149137
71041 2.290698
71060 1.5867949
71080 2.302371
71100 3.8936186
71118 5.3080015
71138 6.90314
71159 6.9755735
71177 7.8180113
71200 7.765048
71217 5.132327
71236 1.5802183
71259 -1.244626
71276 -2.2726564
71296 -2.06944
71315 -2.491437
71336 -3.9931917
71356 -4.50105
71374 -4.358609
71394 -3.8525057
71415 -2.8592196
71434 -1.7575808
71454 -0.5293703
71474 1.2704649
71492 2.2377348
71512 1.2154112
71533 1.2106199
71552 2.8389769
71573 4.610385
71590 5.9795713
71611 6.523654
71630 6.0469084
71652 7.166217
71672 6.2522
71690 2.2942991
71709 -0.54583454
71733 0.7353697
71748 3.278018
71768 3.8059263
71790 1.7077208
71810 -1.0680666
71827 -2.5237398
71846 -2.4001284
71866 -1.0686617
71886 -0.80650043
71905 -1.6929445
71925 -1.53613
71945 0.47709942
71964 2.8563108
71987 3.7619352
72006 2.7548704
72024 1.2989073
72043 2.266162
72063 4.4858885
72085 4.825259
72103 4.871646
72122 6.377017
72144 7.7994566
72161 6.8268003
72181 2.8105192
72205 -0.6957674
72221 -1.6686983
72239 -1.83183
72260 -1.5337191
72279 -1.65524
72300 -3.5155458
72319 -5.419217
72339 -6.212613
72361 -5.718213
72378 -4.191907
72397 -1.974576
72418 -0.30730915
72441 1.8447752
72458 2.0943632
72476 0.9640074
72496 1.4955168
72518 3.2723265
72544 5.405856
72556 7.266162
72576 8.334552
72594 9.272494
72614 9.002536
72637 8.50545
72653 6.4198027
72673 3.1894255
72693 0.7353697
72720 0.2328825
72736 0.4456663
72753 1.0256681
72772 0.8784056
72791 -0.80079365
72811 -2.442624
72831 -3.5709047
72854 -4.121274
72870 -3.5277987
72889 -2.403119
72909 -2.1672945
72929 -1.3700228
72949 0.8356199
72971 2.8299894
72990 3.1711454
73009 3.282794
73027 3.4075804
73048 3.974124
73069 5.4190245
73090 6.465579
73109 7.409213
73125 7.326312
73145 7.0315123
73165 4.4733
73185 1.0498991
73213 -0.9091463
73225 -1.6303988
73243 -1.7794313
73263 -2.14845
73283 -2.8290071
73303 -3.6113253
73324 -4.1479006
73343 -3.4787264
73364 -2.3292055
73381 -0.69038105
73402 -0.14869404
73425 -0.08285236
73441 0.68420696
73461 1.3563566
73479 2.261981
73498 3.2001982
73518 4.7842436
73539 5.8622465
73559 6.7591734
73578 7.2568846
73598 5.6291075
73618 4.487689
73638 3.7876616
73658 2.4858274
73677 1.2219877
73701 1.5200682
73716 0.5216856
73738 -0.5569124
73759 -1.1671114
73777 -1.9515352
73795 -1.7923098
73815 -1.6169405
73836 -1.9248934
73855 -2.094571
73875 -2.6302614
73895 -2.5485659
73912 -0.8142824
73932 2.3981352
73953 3.6102018
73971 2.807559
73991 1.9094267
74014 2.5941496
74034 4.724704
74055 5.5216703
74071 5.9044676
74090 7.697711
74112 8.005664
74129 5.3642607
74149 2.4621763
74169 0.3525877
74194 -1.2955141
74210 -2.3908815
74228 -2.430066
74247 -2.2349367
74266 -2.4701662
74287 -3.1342592
74307 -3.742383
74327 -3.6328554
74346 -3.19621
74365 -2.3262148
74387 -0.6787081
74406 0.60579205
74426 0.67610455
74444 0.10689068
74463 -0.800519
74483 -0.25762653
74504 1.2881346
74523 2.7231474
74543 4.715747
74562 6.2767515
74582 7.325122
74601 6.437167
74621 3.7837858
74641 1.4730864
74660 1.8417692
74680 3.061923
74700 1.9291868
74721 1.5114012
74740 2.638461
74763 1.8456907
74779 -1.1060762
74798 -2.8280916
74819 -2.9331484
74839 -2.590497
74858 -3.3775911
74877 -3.873166
74896 -3.2815065
74916 -2.002698
74940 -1.1296968
74958 -1.5415163
74976 -2.5476809
74995 -2.5192537
75015 -1.6169558
75034 -0.55779743
75054 0.3451109
75074 1.1965361
75094 2.040515
75113 2.492114
75133 1.8019743
75152 2.0737333
75172 2.6881285
75193 2.6794462
75212 3.7906675
75231 1.5472898
75251 -0.9800844
75274 -1.5849276
75290 -2.0520906
75313 -2.6835604
75330 -2.693738
75349 -3.738492
75369 -5.2896547
75389 -6.3018007
75409 -6.274564
75429 -4.729413
75450 -2.9475222
75468 -1.2572145
75487 -0.7026491
75508 -0.90794086
75529 -0.8480959
75546 -0.6311159
75566 -0.57127094
75586 0.38852215
75606 1.54671
75624 1.9803648
75644 2.6336699
75664 2.7049131
75683 2.104556
75705 3.3671904
75724 4.6121855
75743 5.0341673
75764 4.4218473
75782 2.578311
75802 2.4864225
75822 3.8894224
75843 3.456668
75862 2.1506224
75884 0.6249418
75900 -0.59551716
75920 -1.0710573
75940 -0.43749714
75959 1.9644957
75979 1.5649595
75998 -2.5318117
76018 -4.264325
76038 -2.6671114
76058 0.345706
76078 1.3360167
76100 0.4387846
76117 -1.1282167
76136 -1.0605898
76157 0.39958477
76177 2.460681
76195 2.6175108
76214 1.5954771
76234 0.13112164
76255 -0.31660175
76274 0.92781353
76297 3.0972471
76313 4.6779966
76333 5.4456663
76353 5.647662
76372 6.8345976
76392 5.8658476
76412 1.8684111
76435 -1.4550447
76451 -3.7866793
76471 -5.3955965
76492 -4.9221315
76511 -4.4397097
76533 -4.2448854
76550 -4.24487
76569 -4.387616
76591 -4.789853
76608 -4.79675
76628 -4.46185
76648 -2.6006594
76668 0.095217705
76687 1.2115202
76707 0.3705473
76727 -0.5733614
76747 0.92599773
76766 3.1582975
76786 3.7942686
76808 3.7903624
76826 4.436816
76845 5.548602
76865 7.2050962
76884 6.662509
76904 4.5544157
76931 2.8027678
76943 3.077777
76964 2.7435026
76983 1.3994627
77007 0.19249249
77021 0.29454327
77042 -0.1427126
77062 -1.3224459
77082 -1.3553743
77103 -1.4406557
77120 -1.9757662
77141 -2.1107302
77159 -2.1451693
77179 -1.7662783
77199 -0.6586733
77218 -0.369565
77239 -0.7717867
77259 0.9858732
77281 3.4028196
77301 5.2520475
77317 5.483386
77336 5.08652
77358 5.536044
77376 5.532443
77397 2.5726347
77415 1.3428831
77435 3.4132872
77455 2.7551603
77475 -0.8035097
77501 -3.5867739
77515 -3.674756
77533 -2.1493502
77553 -1.6687136
77572 -2.5069857
77593 -2.0787172
77613 -1.7650576
77633 -1.540021
77652 -2.1152315
77671 -2.8699923
77695 -3.9533815
77711 -2.0284395
77730 1.1310148
77750 2.6812468
77769 1.791812
77789 0.43699932
77809 1.4392576
77829 3.7002897
77849 6.287204
77868 7.171893
77887 4.409564
77909 0.97539043
77926 -0.27410603
77947 0.6389799
77971 1.3764067
77986 -0.10648823
78006 -0.73406696
78026 0.3879118
78045 -0.5156069
78066 -2.4671907
78086 -3.9698305
78104 -3.2569704
78124 -3.101346
78144 -4.1820345
78164 -4.4310274
78182 -2.527341
78202 -0.7403536
78222 0.84819317
78242 2.8656034
78263 3.4061003
78282 2.5726194
78301 2.5540495
78321 4.1536894
78341 7.3313932
78361 9.089038
78380 6.9606047
78399 2.3735838
78418 0.92332745
78438 1.598773
78458 0.6626463
78482 -0.94744587
78499 -2.8580294
78517 -3.5646029
78537 -3.2467928
78557 -2.9008303
78576 -3.5299196
78597 -4.079358
78616 -3.4667482
78635 -2.3950624
78656 -1.6199312
78677 -1.2329683
78694 -0.7837496
78716 -0.1328249
78734 0.65336895
78753 1.0759459
78773 1.1977568
78795 2.3966398
78815 4.274905
78833 4.847415
78851 6.268359
78871 7.679736
78891 6.9372587
78912 4.404483
78932 2.3864622
78953 2.1649961
78969 4.0588255
78989 3.9818907
79009 2.0384092
79034 0.1541624
79049 -2.3253298
79069 -4.1464205
79088 -4.4522524
79107 -4.298154
79129 -3.738202
79148 -2.8855562
79169 -2.2023134
79186 -1.5696535
79206 0.02458477
79229 1.0502043
79245 0.29243755
79265 -0.32915974
79284 1.1241331
79304 2.5432768
79324 2.4508085
79349 3.2929716
79364 6.576602
79384 8.128375
79403 7.650729
79422 6.043002
79442 2.8853483
79463 0.4935484
79486 -1.1045809
79505 -2.1966372
79521 -1.4415712
79541 -0.9199343
79562 -1.3032808
79580 -2.7568636
79600 -4.140424
79620 -4.552823
79639 -3.9449892
79658 -1.797101
79678 -0.41894245
79703 -0.38032246
79719 -0.8268404
79741 -1.2239962
79758 -0.5871248
79777 2.4711637
79798 5.785037
79817 6.5308256
79837 6.0044127
79855 6.097186
79875 6.164813
79896 5.4666166
79915 3.8184996
79935 0.749423
79954 -1.7561007
79976 -0.8471956
79993 2.8069487
80014 4.646899
80037 3.0562468
80052 -0.2070589
80071 -2.7832155
80091 -3.82977
80113 -3.7669191
80131 -3.1189852
80155 -3.7717257
80171 -3.7447786
80190 -0.55720234
80209 1.6756773
80229 -0.12205219
80250 -0.61018085
80268 1.4739866
80288 3.0732908
80308 3.9899626
80328 5.7601957
80347 7.5576353
80368 6.1663084
80387 2.3439817
80406 0.8266325
80426 0.9484587
80456 1.0912046
80469 -0.29983234
80485 -2.2675753
80505 -3.1103182
80525 -3.9216585
80544 -4.9362
80564 -4.737485
80584 -3.464963
80604 -2.3711061
80623 -2.4584932
80644 -3.227933
80666 -3.2922945
80682 -1.7629976
80702 0.19398785
80722 0.7883482
80741 0.7054472
80760 0.8505888
80785 0.961627
80802 1.4362516
80821 2.1569395
80839 2.1494322
80859 3.696704
80878 1.9040251
80898 -1.192563
80918 -0.922925
80941 2.0713377
80961 2.6201963
80977 0.07905865
80998 -3.5209322
81016 -6.184186
81036 -5.5066347
81057 -2.9648714
81076 -2.228345
81095 -3.6125154
81118 -4.473523
81139 -3.05824
81154 -0.420743
81174 1.7107115
81193 2.348178
81213 1.492526
81233 1.5730314
81253 2.3724089
81272 3.4096708
81292 4.271594
81312 4.9596434
81332 5.0033293
81351 3.9881926
81370 1.1357908
81391 -1.7219973
81415 -2.4890413
81431 -2.737729
81457 -2.7095919
81471 -2.7505922
81490 -3.7456942
81508 -5.52966
81528 -6.665723
81548 -6.006406
81568 -4.034787
81589 -2.4656801
81607 -1.4349794
81626 -0.22739887
81646 1.3940763
81667 3.5769835
81687 3.480914
81707 2.1180296
81725 2.3062468
81744 3.579669
81765 3.6976042
81784 1.9710722
81805 1.2971067
81824 1.9474516
81842 2.1506376
81862 -0.7254
81890 -3.089963
81903 -1.4152193
81922 0.5312681
81941 1.0711546
81961 -0.6487856
81981 -3.3090334
82002 -4.1000185
82021 -2.7317324
82040 -2.6748781
82059 -3.853116
82079 -4.627042
82099 -4.773694
82119 -2.1978273
82138 -0.61466694
82157 -2.3277102
82177 -4.003354
82197 -4.9882784
82217 -2.9540987
82237 1.3294401
82257 5.967593
82276 7.75307
82295 3.5042448
82316 -0.6523714
82336 -2.4587984
82360 -3.0271273
82374 -2.8311129
82393 -3.773511
82413 -4.6025057
82434 -3.7010927
82457 -3.7630281
82474 -4.2777987
82493 -3.5804873
82512 -3.4849977
82532 -4.7084475
82552 -5.334531
82572 -4.258054
82592 -3.4862185
82610 -3.1037264
82630 -2.5360231
82649 -2.2956972
82677 -2.2920961
82690 -2.4836397
82708 -0.95374775
82728 1.5045042
82747 1.7813292
82768 1.8268156
82789 1.4823637
82810 2.2030058
82827 2.9287443
82846 -1.1707125
82867 -3.7947664
82891 -2.259183
82907 0.43429852
82925 0.26668072
82945 -2.1469393
82966 -4.7347994
82984 -6.003705
83004 -5.7562075
83023 -4.2975435
83043 -3.5296144
83063 -3.4308443
83084 -3.4284487
83103 -3.2384157
83122 -2.4896212
83141 -1.5798159
83160 -1.0947084
83180 -0.75861835
83201 -1.2455416
83221 -2.0251436
83240 -0.504529
83260 2.8548307
83279 5.1978483
83299 3.3914366
83324 -0.8151827
83340 -3.5502596
83362 -4.0518465
83378 -4.58035
83397 -5.0286684
83417 -5.865445
83437 -6.3532686
83457 -7.0634584
83476 -5.98277
83496 -5.379117
83516 -5.2725954
83536 -4.604596
83557 -3.224042
83577 -1.9398623
83594 -0.8633547
83614 -0.6098757
83637 -1.254529
83657 -1.7210817
83673 0.14250469
83692 3.3016386
83712 3.3986082
83732 3.0679197
83753 4.0280027
83774 4.216235
83793 2.8847532
83810 1.5877104
83830 0.70543194
83852 -0.0038423538
83870 -0.5616884
83890 -0.7385683
83914 -0.08105183
83929 -0.97407246
83948 -2.3839846
83968 -3.7678347
83987 -4.458249
84007 -4.872754
84027 -4.622266
84048 -3.7714205
84069 -3.4880037
84087 -2.5491762
84106 0.03984356
84125 2.0123777
84145 2.598651
84165 1.5981627
84187 1.9525023
84203 1.9863462
84224 1.623004
84244 2.1482267
84263 5.623431
84283 9.976092
84303 7.168582
84323 1.5032988
84341 -2.1657991
84365 -3.6693697
84381 -3.8390474
84403 -3.63136
84422 -3.5472689
84442 -3.9084902
84461 -4.730893
84479 -5.2187166
84499 -4.6491823
84519 -2.8266115
84539 -0.39799213
84558 0.38553143
84578 0.03177166
84598 0.23259258
84617 1.6388731
84637 2.7827024
84658 4.1698484
84677 6.841174
84696 8.296557
84716 7.1949186
84735 4.607379
84757 4.35332
84775 3.7514677
84796 2.782092
84814 1.6490355
84834 0.94098186
84859 -0.04484272
84874 -0.6036043
84893 0.25563335
84913 0.67880535
84932 -0.075665474
84954 -1.4041567
84972 -1.5738344
84992 -2.5198488
85011 -3.394925
85031 -3.3135347
85051 -1.5983553
85071 0.5581999
85090 1.8962584
85109 1.8361082
85129 1.8298216
85149 2.5453672
85168 3.1538115
85187 3.1436338
85208 4.3751554
85227 7.1949186
85248 7.7431974
85266 6.3635435
85288 2.4343443
85307 -0.60748005
85332 -3.0010958
85345 -3.8067293
85365 -3.15582
85385 -2.7481966
85405 -2.868207
85425 -3.488904
85444 -4.2783937
85463 -4.3334627
85483 -3.3177156
85504 -1.5908937
85524 -0.108288765
85544 0.6114683
85563 0.83531475
85582 0.03326702
85601 0.7847624
85622 2.6172209
85641 3.621585
85661 4.8261747
85681 5.227481
85701 5.0195036
85719 3.8430357
85739 3.4294462
85759 2.15903
85780 0.13083172
85802 -0.67690754
85817 0.81766033
85839 2.3801908
85857 1.3641386
85878 -0.7858553
85896 -2.6650057
85916 -3.7585573
85936 -4.228421
85956 -4.058408
85975 -3.437726
85995 -3.2985659
86015 -3.022336
86034 -2.141263
86055 0.09402752
86073 2.3152342
86094 1.7229795
86114 -1.2216005
86135 -0.7903414
86152 0.97868633
86176 2.1820707
86195 4.2374907
86211 5.3959837
86231 4.307803
86251 2.6686735
86270 1.9680662
86291 1.0597868
86313 -1.2919283
86329 -3.0528688
86348 -3.2931795
86369 -3.3952303
86391 -3.9222536
86409 -4.2382936
86428 -4.272992
86447 -3.508954
86467 -2.4201937
86487 -1.8557558
86508 -1.2374544
86527 0.45523357
86548 1.2468138
86565 0.44656658
86585 1.0298643
86607 3.5383787
86626 5.831439
86645 6.872302
86664 4.9991484
86684 3.3133268
86703 3.5000792
86724 1.2878294
86742 -0.42013264
86764 -0.3480196
86782 0.20265484
86802 1.5090055
86821 1.9474363
86841 0.98585796
86863 -1.1225252
86883 -3.2506838
86900 -4.1377535
86921 -3.9459047
86941 -3.1854525
86959 -2.169095
86979 -1.5777407
86998 -0.754117
87018 0.9852629
87038 2.2775297
87058 1.4572172
87078 0.6746092
87098 0.15117168
87118 0.38971233
87136 1.0867186
87156 1.847476
87176 3.9316282
87197 5.5734587
87217 4.6636534
87234 1.6017637
87254 -0.46532917
87281 -1.8132601
87293 -2.5195436
87314 -1.3000002
87333 -1.3302431
87353 -2.12811
87373 -2.678464
87393 -3.1411562
87412 -3.0783052
87432 -3.227048
87452 -3.097455
87473 -1.9628878
87491 -0.3842287
87510 -0.9106417
87531 -2.2528963
87549 -0.70174885
87569 1.8022947
87588 3.9657316
87609 5.576144
87630 5.1493864
87648 4.483203
87667 4.2159452
87686 5.0230894
87709 5.0362577
87735 2.6740751
87749 -0.590436
87765 -2.1933413
87788 -1.1177492
87805 1.4093199
87826 2.1470518
87845 0.720706
87865 -1.5858126
87884 -3.086667
87903 -3.4517794
87923 -3.3949099
87944 -3.9566774
87963 -3.4796267
87984 -1.4633913
88002 0.9840727
88022 2.5504942
88044 2.8814726
88062 2.9754362
88082 3.2016935
88102 3.116107
88121 2.7034025
88140 2.6369505
88159 3.406085
88180 4.35271
88200 3.847827
88218 1.7957182
88238 0.42111492
88265 -0.2692995
88278 -1.2015505
88297 -0.9687166
88317 -1.3200502
88336 -2.6407595
88356 -3.9710512
88378 -4.513913
88401 -3.3497286
88417 -2.1023684
88435 -1.3559694
88454 0.30861187
88477 1.2944059
88495 0.66803265
88515 -0.15646076
88534 0.6482725
88553 2.302661
88572 4.7860594
88593 6.9842253
88612 6.4874296
88632 5.5019407
88652 5.733859
88672 5.631213
88690 3.9920835
88717 1.563159
88731 -0.669446
88753 -1.9829531
88769 -1.9162111
88789 0.030856133
88811 0.8281431
88829 -0.08137226
88849 -1.6175356
88868 -2.3722963
88887 -2.061658
88907 -2.231351
88929 -2.2606936
88952 -1.3915834
88966 0.11406231
88986 1.5736418
89005 3.0358763
89025 3.0505552
89046 1.6858702
89068 1.8399992
89085 2.0129728
89104 1.453021
89124 3.0239286
89144 6.1585417
89166 7.377475
89183 4.216235
89202 0.31488323
89222 -0.19448566
89242 0.105685234
89261 -0.43301105
89281 -1.4107332
89303 -2.005704
89321 -2.5946627
89340 -4.0491457
89361 -5.2228975
89380 -4.596814
89400 -2.4510164
89419 -0.11428547
89439 0.7281828
89459 0.31608868
89481 -1.303586
89498 -1.0267763
89517 2.7081938
89536 6.216586
89556 6.9686613
89579 5.34151
89596 4.816287
89617 5.2499266
89636 6.0005064
89655 2.8943357
89675 -1.4996157
89699 -4.2972536
89714 -2.8646364
89734 0.41214275
89753 2.2682524
89773 1.7346525
89792 0.027270317
89816 -1.0201693
89833 -1.7710543
89852 -2.4543123
89871 -2.361539
89891 -1.4553347
89913 0.071261406
89930 1.2731657
89953 2.3511534
89970 1.8220396
89990 -0.14631367
90009 -1.3814211
90029 -0.5616884
90049 1.1630278
90067 2.460391
90087 4.579562
90107 5.9936247
90128 4.499057
90146 1.3210478
90167 -0.41445637
90188 -1.7920198
90206 -2.6461458
90225 -1.7563906
90245 -1.6753054
90265 -2.7547731
90284 -3.5735903
90304 -3.4526796
90324 -2.532117
90345 -2.105359
90363 -1.7201815
90384 -1.4104433
90404 -0.8663454
90422 -0.19657612
90442 0.29303265
90463 -0.28338337
90483 1.017581
90503 3.488696
90522 5.1766233
90540 5.9876585
90562 5.7416563
90580 5.0853148
90603 4.467929
90620 2.0997648
90639 -0.4596529
90662 -1.476285
90679 -0.74096394
90698 1.2157164
90718 2.2350492
90738 1.6520567
90757 -0.8442049
90776 -2.9211702
90797 -3.5661135
90820 -3.3530245
90836 -3.4909945
90855 -3.4670687
90874 -2.3764925
90894 -0.7499361
90914 1.143878
90935 1.8917723
90953 0.5950041
90973 -0.27019978
90993 0.51300335
91014 0.9499388
91033 1.2531309
91053 1.8331175
91072 3.2564573
91092 4.7387724
91112 2.8838682
91132 1.1890593
91152 0.8616667
91174 -1.8129702
91189 -4.1805544
91209 -4.568982
91232 -3.8782625
91250 -4.1269655
91269 -4.6662416
91288 -4.326276
91308 -3.5125246
91328 -2.370511
91349 -1.2772646
91366 -0.35517597
91389 0.43101788
91407 -0.20077229
91426 -0.75173664
91446 0.28166485
91465 2.7743254
91485 4.5771666
91504 5.313998
91524 5.315173
91543 4.9754972
91566 4.864764
91584 3.6089964
91603 1.1139402
91623 -1.401761
91645 -2.0066042
91661 -0.41235065
91682 2.7114897
91702 3.130786
91722 2.0979795
91740 -0.16636372
91760 -2.1810884
91782 -3.7513704
91799 -3.2898684
91819 -3.5739107
91839 -4.430417
91858 -3.464963
91878 -1.1066713
91898 0.5204954
91919 0.64618206
91939 0.3932829
91958 0.64378643
91977 0.78085613
91999 0.43339825
92017 -0.7996187
92037 0.3011198
92056 3.250476
92076 5.5052214
92095 3.837634
92115 1.8588438
92134 1.6014585
92156 0.77548504
92173 0.8251524
92193 0.47261333
92215 -1.3107576
92232 -2.8972445
92253 -3.3614168
92273 -3.215375
92292 -2.656003
92312 -2.0712252
92334 -0.7744875
92350 1.2605925
92370 2.2634764
92390 1.9459257
92409 1.1687193
92429 1.4649992
92449 3.0861692
92469 5.1781034
92488 6.089694
92508 5.622546
92528 5.0404387
92547 4.1228514
92567 2.6689787
92589 0.12007427
92610 -1.5609713
92626 -0.8624697
92646 1.9695768
92668 2.922473
92698 2.0713377
92707 0.5581846
92724 -1.125226
92744 -1.9605074
92766 -2.149335
92784 -2.3444643
92805 -2.278943
92823 -1.4370699
92842 1.1043882
92862 3.3947325
92883 3.5461607
92902 1.4542265
92923 -0.45516682
92942 -0.254941
92961 1.1887693
92980 2.986514
93000 4.86716
93020 5.9146147
93041 5.275668
93059 2.3104582
93078 0.022479057
93107 -0.0732851
93118 -0.60267353
93138 -0.9079561
93158 -1.0668764
93177 -1.4535341
93197 -1.8440981
93218 -2.2726412
93238 -2.3097658
93258 -2.202939
93275 -1.91113
93295 -1.1366091
93315 -0.7131319
93336 -0.87951374
93356 -0.30430317
93376 0.816165
93393 2.4654722
93413 4.121661
93435 5.410342
93453 5.6473722
93473 4.942584
93492 4.8797483
93512 5.0706816
93532 4.4580564
93557 2.355319
93572 0.061694145
93590 -1.6301241
93613 -0.26601887
93629 2.8518553
93653 3.9005003
93669 2.4819365
93689 0.5148039
93708 -0.9887667
93728 -2.3217287
93749 -3.3682985
93768 -2.6230898
93788 -1.1913576
93807 0.22270489
93828 1.5628538
93846 2.048007
93869 2.0003996
93886 2.2518034
93906 2.1320982
93925 1.1387815
93945 0.78773785
93964 2.0575743
93984 4.655566
94004 7.228442
94023 6.538333
94043 1.7621794
94063 -1.7013369
94084 -2.764966
94103 -1.291028
94122 1.0879087
94142 1.5781279
94162 0.57675457
94181 -1.3419008
94203 -3.0402956
94220 -3.9821138
94239 -3.3204165
94259 -1.6309938
94279 0.75212383
94298 3.125369
94323 3.2124662
94338 3.8298826
94357 3.8176146
94377 5.4950285
94396 6.792697
94416 6.957904
94437 7.5627317
94456 7.83179
94475 7.611224
94496 7.231723
94517 5.4869566
94536 4.2931547
94554 3.1852293
94578 1.5260649
94594 -0.096310616
94614 -0.14899921
94633 0.48996258
94653 0.15956402
94674 -0.6113558
94692 -0.5838289
94712 -1.4514437
94731 -3.0783052
94753 -4.1269655
94771 -3.9740267
94791 -1.8354006
94810 0.26941204
94830 2.1096373
94850 2.1135435
94871 1.1315947
94893 1.2375364
94909 4.0833616
94942 5.646777
94947 5.2247953
94967 2.5115538
94993 0.85057354
95007 2.8988218
95027 3.3459349
95071 2.400836
95071 0.9556303
95088 -0.86965656
95108 -1.6435823
95124 -1.4909487
95144 -1.4942293
95177 -1.7746553
95184 -2.026639
95204 -2.1382875
95224 -1.8743105
95244 -0.0011415482
95263 0.53096294
95283 0.5225706
95311 0.072772026
95322 -0.111569405
95341 1.3099852
95361 3.2352018
95381 4.3392363
95400 4.4712095
95421 5.579135
95440 5.493228
