6443.438033650524 1442.840840843067
6358.863682444933 1441.7033145564126
6274.316231897164 1439.285990876818
6189.748565449872 1437.7288654614565
6105.307730478568 1432.8441712797853
6020.9505454332375 1426.6813651715952
5936.539137839651 1421.312089990646
5851.986868962962 1419.0696190981937
5767.4314049224795 1416.9510467491564
5682.9474339584185 1412.8799906155411
5598.634827174897 1406.1346822262453
5514.057701361578 1405.226586935266
5429.513895793097 1407.7681982151687
5344.964743487099 1405.4111466169425
5260.426881493843 1408.1433137985991
5175.987897273436 1403.2267304600168
5091.585528767621 1397.717189779692
5007.7777353133015 1386.2992826064203
4923.8515547812885 1375.7868580902857
4841.040715287445 1358.5682719048789
4757.456403985561 1345.6153667446772
4674.6540806342455 1328.3558738342938
4591.469359108236 1313.0451928389982
4508.562675963127 1296.2941708470175
4424.628434747472 1285.8463002768121
4340.723649079329 1275.1644563403727
4256.4462302283755 1267.9928791274904
4172.087800917459 1261.8471283926663
4087.521450864443 1260.2200799575808
4003.1863090751085 1253.7626263362013
3918.607255210855 1253.0565843211016
3834.0570294744994 1250.7383574489602
3749.5041605740043 1248.5186257996056
3665.0454500363203 1243.9534245760967
3580.4670899654434 1244.7381892672743
3495.9301670197615 1247.499259127893
3411.440760335223 1251.4558998740367
3326.863073157751 1252.310112733427
3242.3347657426616 1255.3234320725505
3157.7546207391683 1255.883716899623
3073.1970446303294 1257.9162450045437
2988.8630679767093 1264.388897450494
2904.3421345346665 1267.6024092343832
2819.7983350260984 1270.1442220824185
2735.2207791757783 1271.0113404626948
2650.700100363942 1274.2315424883138
2566.1481724408322 1276.4868323554213
2482.077648281536 1285.7745562682312
2430.35161790815 1352.6963959747948
2414.0612071634982 1435.694813825197
2395.737790172119 1518.2682189727348
2378.0640535453153 1600.9831141340405
2355.739525145291 1682.5657733185506
2334.2151529856155 1764.3631831249204
2314.0581906736074 1846.508248212555
2296.8581182031307 1929.3229350435136
2283.5905755649133 2012.8578807862534
2272.7410893545725 2096.7411538320225
2257.7815180790085 2179.9897338508476
2248.0965593112373 2264.0154229082186
2248.868653955242 2348.5938995897013
2250.314351658732 2433.1635442977736
2249.9690844994934 2517.7448403299827
2248.942919087313 2602.3206160133677
2245.178714187177 2686.818814866179
2235.0906585395487 2770.7970619373687
2226.6320420923375 2854.9550482232726
2213.4932540128216 2938.510341865872
2213.354525313975 3023.0922288290244
2228.9445154072623 3106.2250566216035
2236.69698739936 3190.4510266422044
2238.118731431442 3275.0210774392012
2233.324749656757 3359.467111014754
2227.2942837753444 3443.8338599692597
2224.2738419982484 3528.3619131786563
2212.7948885538854 3612.1613670892966
2192.4896818094467 3694.2699137026975
2175.6987469504966 3777.1685225840406
2155.429797312292 3859.286026981479
2135.814497578628 3941.562116243536
2116.987692527197 4024.022205131766
2104.715546340431 4107.709177091982
2089.2480883759717 4190.8648900166945
2079.644268916437 4274.899891651062
2075.1279334258397 4359.361229324792
2070.966735344681 4443.840808386413
2064.017910811884 4528.136885907919
2051.682817874154 4611.814602954436
2038.8089468385524 4695.411123769946
2030.409142461278 4779.575000429252
2026.3371131072513 4864.0589244908115
2034.6261299244916 4948.233784443786
2117.9173309393113 4962.9542016052765
2202.489789852524 4964.224650845641
2287.066159521454 4965.200633183559
2371.480912669992 4970.517051034974
2456.0031278215497 4973.69667267492
2540.4674400496615 4978.157032271575
2624.7943725415735 4984.720819623703
2709.2220643477517 4989.82764879457
2793.1263657076365 5000.513296234431
2877.1083594904417 5010.570113234075
2961.568080985662 5006.023653858997
3046.0637836995684 5002.2038278443
3130.537842760148 4997.932037384889
3214.819137790952 4990.806158082655
3298.9723818842053 4982.300491942912
3383.2310678666067 4974.9120763875635
3467.569896538715 4968.502955846009
3551.760604894595 4960.376488321028
3635.685667702136 4949.8551442695425
3719.76433172724 4940.641398904433
3804.0915409279455 4934.081167481695
3888.3283733989974 4926.447629432838
3972.719404861991 4920.767078710287
4057.2975438179396 4919.9588345345455
4141.853836101166 4917.873580781882
4226.370144623553 4914.540647892043
4310.516663418909 4905.968703974695
4394.936611011424 4900.735416635319
4479.378763245888 4895.8735472509115
4562.9552174337405 4882.870041827942
4646.703718655718 4871.02506859151
4730.698878426208 4861.078813867774
4814.453550113325 4849.277550440385
4898.135947616038 4836.974250228757
4981.996104812064 4825.947515310515
5065.862566988763 4814.968837345308
5149.980139154311 4806.117345896214
5234.015437383021 4796.516122041353
5318.251390246512 4788.8728836518185
5402.649773502049 4783.302627665708
5486.705021937273 4773.877657724528
5570.464809369831 4762.112758355973
5654.2711313927675 4750.684056028621
5736.559912419893 4731.122068272537
5817.833484346627 4707.697266156631
5900.592452279512 4690.231068099148
5983.537663894763 4673.671879773609
6065.890573363569 4654.381645199556
6117.411392394807 4587.30169249944
6110.930308870475 4502.968363356983
6099.5394327083895 4419.156891659133
6087.24863320799 4335.4726572087875
6074.261787325903 4251.893612694422
6068.462885042169 4167.510631115178
6061.8138436763775 4083.1903779323543
6054.5671361126815 3998.919386023005
6043.649737739122 3915.04492470937
6035.382964856199 3830.867877279554
6019.925362439451 3747.710331768487
6001.843802082838 3665.0836289238887
5982.286474893294 3582.7937401094023
5957.778993024321 3501.8400608826905
5935.879709593868 3420.142225947289
5908.119459738745 3340.245521535401
5881.6982348084775 3259.8960739885533
5864.000540163305 3177.186301578362
5853.8895216914 3093.210816147433
5850.350845602913 3008.7028720271305
5854.724374777036 2924.234019244211
5863.154571589426 2840.0731813823895
5870.282685032362 2755.7920752752434
5878.94243972708 2671.654547996824
5885.488782072142 2587.3262594466546
5892.6958424154545 2503.0518675526323
5896.682397529267 2418.563867066031
5904.434133886002 2334.337829338051
5907.8222109383305 2249.823713465098
5915.103510561341 2165.555703380017
5912.787274999104 2081.0054230687156
5911.351746838516 1996.4356051263812
5909.353182276412 1911.8772194535782
5905.117343440586 1827.4013500158724
5901.76851306394 1742.8856699144387
5896.459228238012 1658.4704678324879
5891.739039587962 1574.0202773826886
5892.090127254495 1489.4390053104987
5891.124820388488 1404.8625131241124
5889.600535439126 1320.2942483713546
5887.945880686764 1235.728433968903
