232 11.285065
233 11.550812
233 10.427017
233 10.809509
301 11.694168
301 7.701828
301 7.7556915
340 6.093216
340 7.171509
352 11.12735
370 16.767456
389 7.07695
409 2.507309
428 4.0626373
448 8.142059
469 11.606766
497 11.004639
507 7.166443
527 8.017853
547 5.882538
566 2.5500946
586 4.863205
606 6.9449615
625 5.3997955
653 6.926712
664 12.225082
684 12.774246
704 11.469406
723 10.5772705
743 9.43074
763 13.648117
783 12.98764
803 13.570618
822 13.4075165
842 12.606049
861 12.512985
881 11.904251
901 11.494553
920 12.042221
940 12.675781
960 12.565048
979 12.106857
999 11.644485
1019 11.20903
1039 11.178818
1058 11.2677
1078 11.525681
1097 12.298706
1117 13.561035
1137 14.201782
1156 13.530823
1176 12.545898
1196 11.871628
1215 11.630432
1235 12.150253
1255 12.253799
1274 12.0520935
1294 12.245422
1314 12.27565
1333 12.350769
1353 12.284637
1373 12.015869
1393 12.0520935
1412 12.020065
1432 11.836014
1452 12.093979
1471 12.485443
1491 12.818832
1511 12.6970215
1530 12.606949
1550 12.768555
1570 12.837997
1589 12.709
1609 12.557861
1629 12.345673
1648 12.211304
1669 12.168518
1688 12.117035
1707 12.078735
1727 11.9644165
1748 12.058365
1769 12.094589
1789 12.142487
1809 12.124207
1827 12.224777
1846 12.19873
1866 12.381607
1885 12.516281
1906 12.360062
1925 12.259796
1945 12.240021
1965 12.250809
1985 12.35495
2004 12.420502
2023 12.444443
2043 12.2777405
2063 12.092499
2083 11.9219055
2103 11.935074
2124 11.895569
2142 12.01947
2161 11.99913
2181 11.874313
2201 11.78363
2220 12.120331
2242 12.238556
2260 12.132294
2279 11.914124
2298 11.843796
2319 11.583145
2339 11.869858
2358 11.950333
2377 12.084412
2397 12.267273
2417 12.167313
2440 11.728592
2457 11.517303
2476 11.687866
2497 11.764481
2516 11.752533
2535 11.922501
2556 11.982361
2574 12.120316
2594 12.103882
2613 11.864151
2634 11.578033
2654 11.688171
2674 11.843185
2692 11.916809
2712 11.906647
2732 11.987457
2751 11.847992
2773 11.584335
2791 11.452026
2811 11.767471
2833 12.040131
2849 12.279541
2870 12.183777
2891 12.0598755
2909 12.250519
2928 12.208313
2948 12.126923
2968 11.934189
2987 12.243317
3009 12.163712
3026 12.155945
3046 11.7638855
3066 12.007202
3086 11.751038
3108 11.860245
3125 11.97937
3144 12.023056
3165 12.015289
3184 12.120926
3204 11.912018
3231 12.658722
3243 12.067368
3263 11.739059
3282 11.210831
3303 11.349396
3325 11.471207
3342 12.056274
3362 12.572525
3381 11.644165
3401 13.392838
3420 14.293961
3439 13.8354645
3459 13.1241
3479 13.438934
3499 14.087158
3519 12.838577
3538 11.56427
3558 11.571747
3578 8.97345
3598 7.061081
3617 6.1845093
3637 7.870331
3658 9.3164215
3679 9.518127
3696 10.172043
3715 10.536545
3735 8.215683
3755 5.6844177
3775 3.9091187
3794 6.785736
3814 10.290558
3833 11.712418
3853 10.543457
3875 12.905014
3893 11.803406
3912 13.449417
3932 12.899338
3952 11.437683
3972 11.325455
3993 11.057602
4011 10.550049
4030 9.875153
4049 9.3203125
4070 8.75647
4089 8.839386
4109 9.712051
4129 11.204239
4149 11.930283
4168 11.855484
4188 11.718094
4209 11.824646
4229 11.964111
4246 12.543808
4266 12.541107
4286 12.084717
4305 12.581207
4326 12.383102
4345 11.717514
4364 11.541229
4384 11.111176
4405 10.81221
4426 10.437225
4443 10.51442
4463 10.528793
4483 10.137939
4502 9.737793
4522 11.254227
4543 16.628296
4562 16.615753
4582 15.837036
4603 14.366074
4621 13.50238
4643 12.633591
4660 11.9721985
4680 11.914139
4699 11.805786
4719 11.569656
4739 11.6723175
4760 11.876724
4778 12.135895
4799 12.202927
4818 12.263397
4837 12.227463
4859 12.526459
4877 12.2565155
4897 11.935074
4916 11.765686
4936 11.668137
4955 11.873428
4979 12.133499
4994 12.428879
5014 12.595291
5034 12.729355
5053 12.901733
5073 12.8897705
5094 12.736542
5113 12.477982
5132 12.310379
5151 12.206223
5173 12.093994
5194 12.263077
5211 12.209518
5230 12.140366
5251 11.9683075
5270 11.742355
5290 11.56337
5313 11.430786
5329 11.520874
5349 11.291931
5368 11.445755
5389 12.102371
5407 12.415115
5428 12.208908
5447 12.250504
5467 12.167618
5487 12.334305
5506 12.385178
5527 12.319351
5545 12.345673
5565 12.378006
5585 11.445175
5604 11.54332
5624 12.604263
5645 9.58815
5663 7.6237183
5683 9.427444
5703 12.31517
5723 11.91922
5746 10.271713
5762 9.408279
5781 7.0748444
5801 5.1896973
5821 6.0546265
5841 9.971237
5861 10.049942
5880 9.911682
5900 11.796234
5919 10.775986
5939 10.193008
5959 7.458206
5978 8.827393
5998 10.049332
6018 11.686386
6037 12.137085
6057 13.686737
6079 13.239624
6096 11.3329315
6116 10.448868
6136 10.10202
6155 8.801651
6178 9.461853
6196 10.649689
6214 11.222809
6234 8.390457
6254 3.4679718
6274 2.2247925
6295 4.493286
6313 9.894913
6332 9.822479
6352 11.1324005
6372 9.500763
6392 7.1005707
6412 6.9186096
6432 7.378601
6451 7.6446686
6471 8.339874
6490 8.564636
6509 8.36113
6529 7.9532166
6549 5.903778
6569 3.8148499
6588 4.808136
6608 10.401306
6631 15.502441
6648 17.400146
6667 15.567673
6687 12.980133
6707 11.07225
6726 10.705048
6747 10.101105
6766 9.005463
6785 7.0473175
6805 5.4198456
6825 5.0406647
6847 5.3429413
6864 5.313614
6884 5.662567
6903 6.128845
6923 6.091736
6943 6.1707306
6963 6.9569397
6982 8.129791
7003 9.243088
7022 10.314804
7041 10.899292
7060 10.816086
7080 10.348618
7100 9.672546
7120 9.807831
7140 10.108292
7160 10.8936
7178 10.778671
7199 10.905884
7218 10.698166
7238 10.035873
7257 9.236801
7277 9.139236
7297 10.015244
7317 11.639694
7337 12.771835
7356 11.745941
7376 9.379868
7397 7.353485
7415 6.5412445
7435 5.729889
7454 5.641617
7474 6.7040405
7493 9.282593
7514 11.082443
7532 11.733673
7553 11.457733
7572 11.216522
7592 11.091721
7614 11.001648
7631 11.789032
7651 12.409134
7670 12.6766815
7690 11.863556
7710 10.906769
7733 10.816406
7749 11.423019
7769 12.111649
7789 12.833206
7809 13.32373
7829 13.565826
7851 13.531723
7868 13.790588
7887 13.735825
7907 13.859116
7931 13.653824
7947 13.795959
7966 13.622086
7986 12.780823
8005 11.565765
8025 10.344421
8045 9.636353
8064 9.598328
8085 10.209747
8103 10.87265
8123 11.102203
8143 11.163544
8164 11.500534
8182 12.266373
8202 13.121399
8221 14.279312
8241 15.057114
8261 15.019104
8281 14.404694
8300 13.762451
8320 13.557449
8340 13.459885
8359 14.009064
8379 14.717148
8399 15.076569
8419 14.220642
8438 12.479446
8457 10.959137
8477 10.3246765
8498 10.3591
8516 10.37706
8536 10.209763
8556 9.672272
8576 9.018646
8595 8.086685
8615 7.641083
8635 8.098068
8654 9.0746
8674 10.008041
8694 10.571579
8714 10.77478
8733 10.459351
8753 10.331848
8772 10.87175
8792 11.727386
8812 12.201447
8833 12.412735
8852 12.2939
8871 12.1870575
8891 11.979965
8910 11.509201
8930 11.120743
8950 10.946869
8970 10.914246
8989 10.819382
9009 10.749344
9028 10.798737
9049 11.312286
9068 12.076035
9088 12.852661
9107 13.55835
9127 13.826492
9147 13.823517
9166 13.6987
9187 13.466171
9205 13.051697
9225 12.821548
9245 12.281647
9268 11.849487
9284 11.469406
9306 10.985489
9323 11.226105
9343 11.557098
9363 11.810577
9383 11.879105
9402 11.581619
9422 11.551102
9442 11.548401
9462 11.144684
9481 10.894791
9501 10.787949
9521 10.724503
9540 11.020187
9560 11.107895
9579 11.144989
9601 11.146484
9619 11.293442
9639 11.152466
9658 10.804413
9678 10.776886
9698 10.689499
9717 10.748154
9737 10.678421
9756 10.580261
9776 10.674515
9796 10.772995
9817 11.071075
9835 11.249435
9857 11.632523
9874 12.199356
9894 12.340607
9914 12.394775
9936 12.821213
9954 13.04599
9973 13.252792
9993 13.364731
10012 13.9848175
10034 14.199997
10052 14.159592
10072 13.742706
10091 13.024139
10110 12.422302
10130 11.965012
10150 11.462509
10170 11.039658
10189 10.728989
10209 10.547043
10229 10.796936
10248 11.270981
10271 11.836029
10289 12.27565
10308 12.6401825
10327 13.039703
10347 13.545471
10368 14.198502
10386 14.31192
10406 14.062637
10425 13.328506
10445 12.428284
10465 11.493042
10485 10.985779
10505 10.967514
10524 10.925018
10543 11.106979
10563 11.240158
10586 11.271881
10602 11.361374
10622 11.60289
10642 12.339386
10662 13.1866455
10681 13.921066
10704 14.197281
10722 13.787598
10741 12.861923
10760 12.170013
10779 11.394287
10799 10.674835
10820 10.183411
10840 9.946396
10858 9.932022
10878 10.230103
10898 10.798126
10921 11.610657
10937 12.761963
10957 14.050659
10976 15.665543
10996 16.387695
11015 16.36885
11036 15.929199
11056 15.372238
11075 14.616577
11094 13.811249
11114 12.505203
11134 11.133316
11153 10.110107
11176 10.064301
11195 10.352219
11213 10.667648
11232 10.837631
11254 11.349396
11272 12.143372
11291 13.210281
11311 13.30188
11331 13.808853
11350 14.472931
11370 15.18132
11390 15.954361
11409 17.126297
11429 18.378174
11448 19.31401
11468 19.633041
11488 19.523819
11508 18.514648
11528 16.866241
11547 14.697693
11567 12.476776
11588 10.727509
11607 9.76265
11626 9.292786
11646 9.047668
11665 8.906418
11686 8.409027
11705 7.4618073
11724 6.8848114
11744 6.9006653
11764 7.0874176
11783 7.823944
11804 9.688721
11824 11.13092
11843 12.672195
11862 13.67926
11881 13.391052
11902 12.856537
11923 12.737137
11941 12.873001
11960 14.057236
11980 18.467056
11999 21.320053
12021 21.46939
12040 20.57753
12059 18.950699
12079 17.388763
12098 14.7009735
12118 10.927704
12138 7.2771606
12157 5.1187744
12177 4.8733826
12196 5.97171
12216 7.565674
12237 8.999786
12256 9.742294
12276 10.137024
12295 10.520996
12314 11.125534
12334 11.501419
12355 11.6645355
12374 11.859955
12393 12.188858
12413 12.248123
12432 11.691162
12452 10.861267
12473 10.39801
12492 10.430618
12511 10.525192
12531 10.79184
12551 11.152496
12571 11.38501
12590 11.7591095
12609 13.277634
12629 15.150803
12649 16.46611
12669 16.615753
12690 15.065201
12708 12.837402
12728 10.879837
12747 10.355499
12767 11.583725
12788 13.171082
12806 14.422653
12826 15.021515
12846 15.369568
12866 14.968536
12885 13.630768
12905 12.165802
12925 10.94986
12945 10.392319
12964 10.568588
12984 11.176712
13005 11.89856
13023 12.239426
13043 12.357346
13062 12.663528
13082 13.4517975
13102 14.334671
13122 14.870956
13142 15.143295
13161 15.995056
13180 17.124817
13200 17.8721
13219 18.51944
13239 19.422333
13260 19.419647
13279 18.091476
13298 14.756638
13318 10.184021
13339 6.875534
13357 5.8930054
13377 6.3954926
13397 8.558044
13417 9.554932
13437 8.329117
13456 6.057312
13476 4.6043243
13495 4.2682495
13515 5.0448456
13535 6.9952393
13556 8.604126
13574 9.313721
13594 9.2451935
13613 8.504486
13633 8.764847
13653 11.918015
13673 16.570862
13692 21.165604
13712 26.4628
13731 27.1203
13751 24.119766
13771 21.616623
13793 21.243729
13811 22.312454
13830 19.209549
13849 13.507767
13869 8.294098
13890 5.835251
13911 4.651306
13928 5.47493
13948 6.01091
13968 7.056015
13987 7.936447
14007 8.550293
14027 8.405121
14046 7.912216
14066 7.362152
14086 6.747452
14108 5.9603577
14126 5.338455
14145 5.0885468
14164 5.4315186
14183 6.9772797
14204 9.095261
14224 11.707031
14244 14.672241
14263 19.238892
14282 25.092102
14302 28.249481
14322 27.496506
14342 22.173294
14362 15.080154
14381 9.326279
14402 6.388611
14421 6.0668793
14442 7.1750946
14460 8.233643
14479 8.308472
14498 8.082809
14518 7.5587616
14538 7.040146
14559 7.065567
14578 7.835602
14597 9.4938965
14617 10.682602
14636 10.543747
14658 10.043945
14676 9.946701
14696 10.440201
14716 11.375427
14735 13.173492
14754 15.256729
14775 17.066742
14795 18.567017
14815 21.335312
14834 23.97702
14853 24.303528
14875 21.969177
14896 18.057343
14913 13.794479
14933 11.532257
14952 10.715836
14971 10.292053
14992 9.699188
15014 9.081497
15031 8.404831
15050 8.589478
15070 8.884277
15091 9.562134
15110 9.709656
15129 9.315521
15148 8.489822
15168 7.8589325
15187 8.130081
15208 9.600143
15228 11.106995
15249 11.950928
15266 13.398834
15286 16.085434
15306 20.296234
15329 24.35231
15345 21.72107
15365 20.092712
15384 18.273727
15404 14.576172
15424 9.998779
15444 6.6184387
15464 5.1573944
15482 5.2717133
15503 6.259918
15522 7.658432
15545 8.857925
15563 9.27124
15581 8.513153
15601 7.6874695
15621 7.402252
15641 7.376816
15660 7.5450134
15681 7.859558
15703 8.444031
15719 8.596664
15738 8.864212
15758 10.317184
15778 11.860855
15798 13.163895
15817 14.023422
15837 14.802414
15857 15.885498
15880 18.706772
15898 18.712769
15916 16.035461
15936 13.371307
15956 11.806976
15976 11.006424
15996 8.518845
16015 5.9639435
16034 4.970047
16054 5.6245575
16073 8.052582
16093 9.398117
16113 8.636169
16135 8.36293
16152 8.911209
16171 10.221741
16191 13.0238495
16215 14.369385
16232 13.810623
16251 11.896774
16270 12.193954
16290 13.534103
16310 14.819199
16329 16.133621
16349 18.514343
16368 21.437073
16388 22.223862
16408 17.717682
16429 11.388596
16447 8.391357
16467 8.183365
16486 10.146317
16506 12.153854
16527 12.976852
16546 11.701645
16566 10.696381
16585 9.201202
16605 8.314743
16624 7.638977
16644 8.034637
16664 8.22467
16684 9.085678
16703 10.8307495
16723 11.621429
16764 12.41333
16764 14.720734
16782 17.23883
16801 18.56163
16821 20.564377
16840 25.666138
16862 28.104904
16882 25.574234
16899 20.65178
16919 14.499863
16939 11.067474
16959 10.324982
16979 10.069992
16999 9.644424
17017 9.307434
17037 9.011459
17057 10.606293
17078 12.834702
17097 13.73642
17117 13.718475
17136 12.329224
17155 11.393082
17175 11.2057495
17196 11.473587
17223 11.617538
17234 11.301514
17254 10.213654
17274 11.3676605
17293 14.174545
17314 17.398651
17333 20.545212
17352 24.94339
17373 26.689041
17392 21.984451
17414 16.36673
17432 12.43248
17451 10.831345
17470 10.49556
17490 10.995956
17510 10.840622
17531 10.263916
17550 10.578171
17569 8.749298
17588 7.9535217
17608 7.845169
17629 7.2289886
17648 7.903244
17668 9.369095
17687 11.13002
17706 13.06514
17726 14.50853
17748 15.974396
17766 17.860428
17785 19.940094
17805 21.62082
17825 22.983719
17847 24.005737
17865 23.14412
17885 19.976303
17907 16.966782
17923 14.034195
17942 11.433792
17964 9.6605835
17982 7.982849
18003 7.467209
18022 7.519577
18041 8.0035095
18061 7.507309
18083 7.4429474
18100 7.148468
18119 7.480057
18139 8.852554
18159 10.647308
18180 12.225082
18199 13.879761
18226 15.151077
18237 16.61905
18257 18.311737
18277 18.253387
18297 19.358902
18320 22.86879
18337 23.365906
18356 21.094986
18375 17.544693
18400 13.295273
18415 10.586243
18435 10.225006
18455 10.87146
18474 10.669754
18494 9.971817
18515 9.31044
18534 8.579605
18553 8.63855
18573 8.909119
18592 9.348434
18612 9.411285
18637 9.528305
18653 10.302231
18671 10.325882
18690 11.199768
18710 12.513275
18731 14.4002075
18749 15.960617
18769 16.617233
18789 16.790802
18808 18.650513
18828 22.9879
18849 24.077576
18870 20.1846
18887 15.860077
18907 13.1651
18927 12.614426
18947 11.550522
18966 10.185532
18986 9.150604
19005 8.603546
19025 8.276733
19045 8.648422
19065 9.3520355
19084 9.689911
19105 10.26152
19124 11.058792
19143 12.6297
19163 13.932144
19182 14.957153
19206 15.845398
19222 15.885498
19241 16.48346
19261 16.954224
19282 17.123306
19300 21.20842
19321 25.903442
19340 25.134903
19359 19.31012
19378 13.905518
19399 11.083038
19419 11.2221985
19438 12.061386
19457 12.07753
19477 11.259613
19497 10.039185
19517 9.15332
19537 9.135056
19556 9.205383
19575 8.836395
19595 8.737335
19615 9.27034
19635 10.128647
19654 11.613953
19674 12.874496
19694 13.930069
19714 15.541336
19736 17.705399
19754 19.642014
19774 20.39589
19793 22.268158
19812 23.948883
19834 21.31047
19851 19.240402
19871 19.75035
19891 17.825104
19910 13.385666
19930 10.248657
19951 9.145538
19970 9.261673
19990 9.200912
20009 9.427155
20029 8.995285
20052 8.945023
20070 9.598343
20089 10.8741455
20106 12.034729
20127 13.520935
20146 14.381943
20166 14.604904
20186 15.448563
20206 16.64656
20227 17.897842
20245 18.99199
20264 21.521759
20285 26.792007
20307 25.45752
20323 21.142578
20343 17.224762
20363 13.911484
20384 11.816559
20408 10.874741
20423 10.486282
20442 9.907791
20461 9.365494
20481 8.615234
20501 7.831726
20522 7.4836426
20540 7.6392975
20560 8.009186
20579 8.492523
20601 8.916901
20620 9.850021
20639 11.572357
20659 13.46347
20678 15.450378
20697 17.843369
20719 19.640823
20738 20.869934
20756 23.598145
20776 27.226852
20796 25.896576
20817 23.436203
20835 20.705338
20855 17.23285
20874 13.543976
20894 10.522202
20914 8.71817
20934 8.288101
20953 8.082199
20974 8.087601
20993 7.9370575
21013 7.811661
21035 8.522446
21054 9.771027
21071 11.05191
21091 12.279541
21111 13.755264
21130 14.857513
21152 15.602707
21170 16.406845
21190 17.251404
21209 19.085068
21228 21.577118
21249 25.142395
21269 26.044708
21289 24.127258
21308 20.341125
21327 16.488235
21347 14.391525
21369 13.572113
21387 14.042572
21430 13.721451
21430 11.983276
21445 9.876968
21465 8.371002
21485 7.724869
21505 7.544403
21524 7.9295807
21544 7.7960815
21564 7.6847687
21585 8.746887
21606 10.71463
21622 13.107346
21642 16.371521
21662 19.268814
21681 21.674698
21704 22.897827
21720 24.46843
21741 25.106476
21760 23.236908
21780 19.131134
21800 15.373154
21820 13.971054
21839 14.201492
21859 13.268051
21878 11.493057
21898 10.190918
21919 9.80574
21941 9.54718
21958 9.03421
21977 8.855255
21996 8.986008
22016 10.310028
22037 12.363922
22056 14.280792
22076 15.863647
22095 16.400269
22114 15.556015
22134 17.146652
22154 18.315323
22175 19.972412
22192 22.819717
22213 25.731674
22246 25.79393
22252 21.09439
22272 15.250748
22293 11.172226
22311 12.790115
22331 12.952606
22351 10.31929
22374 10.422241
22390 9.422668
22409 8.756485
22429 8.698715
22449 8.6879425
22473 8.900726
22489 8.801071
22509 9.216766
22527 10.242981
22547 11.294617
22569 12.47467
22589 14.39093
22610 16.668411
22626 17.814346
22645 19.360992
22665 20.911835
22685 21.781525
22704 21.658829
22725 17.76825
22744 14.74498
22764 12.550674
22783 11.494843
22805 9.997269
22826 8.335083
22842 6.666321
22862 7.020981
22882 8.576904
22906 9.3203125
22925 9.627075
22942 9.615692
22960 10.861877
22980 12.450745
23000 14.325699
23022 15.727509
23039 15.769394
23060 14.820084
23080 14.322983
23099 16.44397
23118 21.220978
23139 24.184113
23157 23.983307
23177 21.986832
23196 16.900955
23216 13.44043
23245 12.830795
23257 12.179596
23276 11.30809
23296 9.863495
23315 8.770828
23334 7.357666
23355 6.7160187
23374 6.400879
23393 6.2811584
23413 5.9636383
23433 7.124832
23454 9.420273
23473 11.499634
23493 12.930466
23512 13.903397
23532 14.407394
23551 16.833313
23572 20.234589
23590 21.973373
23610 24.37535
23629 23.269836
23649 19.447174
23669 15.289642
23690 12.634766
23709 12.479752
23735 11.0959015
23748 9.146454
23768 8.420685
23786 7.9636993
23806 8.009476
23826 8.101959
23847 7.408554
23865 6.203964
23885 9.115021
23906 10.79364
23927 12.704514
23945 14.2855835
23964 16.40625
23984 17.441742
24004 18.645432
24025 18.598434
24046 19.551346
24062 22.972946
24082 26.044113
24101 24.068314
24123 17.442947
24141 12.575211
24161 10.770004
24180 10.911545
24200 10.920242
24219 9.923355
24243 8.0867
24260 6.941086
24280 6.9763794
24298 5.9923706
24318 5.136444
24338 5.506027
24358 6.22641
24378 6.649582
24397 7.938568
24417 8.959381
24436 10.623062
24457 13.548172
24475 17.649445
24496 21.82582
24515 24.37474
24534 28.042969
24555 30.682571
24574 29.141602
24594 24.138016
24613 17.990616
24632 14.985291
24652 13.881271
24673 11.408066
24694 8.892654
24713 7.445053
24732 6.9919586
24752 7.0392303
24771 7.693741
24792 7.8580627
24814 8.325226
24831 9.352325
24849 10.938202
24869 13.162704
24892 16.493942
24910 18.628067
24929 18.76065
24947 19.278397
24968 19.767715
24988 19.302032
25011 21.76207
25027 27.703293
25047 30.313263
25066 24.572266
25085 18.397934
25106 16.16713
25126 15.548248
25146 14.970627
25168 13.457779
25184 11.62085
25204 10.010132
25224 8.386871
25244 7.014694
25272 6.9563446
25282 6.7674866
25301 6.8656464
25321 7.1990356
25344 8.073837
25361 9.1539
25380 11.219803
25400 14.5785675
25420 17.969055
25442 20.935791
25459 22.913086
25479 25.233673
25499 28.24588
25518 27.519241
25538 22.486938
25560 18.483215
25577 19.257751
25597 18.476929
25617 16.209625
25637 13.378174
25656 11.463425
25677 10.680511
25696 10.563202
25715 10.567978
25735 10.491974
25755 10.114288
25774 10.071487
25794 11.3763275
25814 13.447937
25834 15.0047455
25853 16.168915
25872 17.577911
25893 17.90741
25912 19.444809
25933 21.421799
25952 24.45076
25971 28.064224
25992 28.468231
26018 23.824402
26030 18.75975
26050 15.313889
26079 13.563141
26090 12.771851
26251 7.39299
26251 6.966202
26251 7.4223175
26346 8.456604
26346 9.524109
26346 11.376617
26346 13.646027
26346 15.95433
26376 18.175278
26387 20.383026
26398 22.208588
26418 25.12741
26438 28.61908
26458 27.78859
26477 24.008743
26497 18.961166
26517 16.249435
26537 15.652679
26556 15.398575
26576 13.83667
26596 11.234482
26615 9.201202
26635 7.9077454
26662 7.4740753
26674 7.477371
26694 8.111237
26717 9.485214
26734 11.190781
26753 13.850433
26773 16.17102
26793 17.381897
26812 17.92897
26832 19.396301
26852 21.930252
26871 22.247803
26890 25.199554
26910 28.938995
26930 26.393356
26950 22.006287
26970 17.385788
26989 14.58815
27009 13.347656
27030 12.801773
27049 11.986557
27068 9.914978
27088 7.903549
27107 6.4559326
27127 5.8340454
27147 5.611679
27167 6.0818634
27186 7.5467987
27206 9.403519
27225 11.12793
27246 12.796707
27265 14.167984
27285 15.876831
27304 17.912506
27327 20.026886
27345 21.220688
27364 23.912079
27382 26.48973
27402 23.43953
27421 17.979248
27441 14.477127
27461 13.68074
27481 12.238831
27501 10.170242
27520 10.14183
27540 11.311386
27561 12.67189
27580 13.353638
27600 12.59108
27619 12.180786
27639 12.364532
27659 13.433853
27698 15.080765
27698 15.375839
27717 13.971054
27736 12.878693
27757 13.34436
27776 15.344727
27799 21.101273
27816 29.034775
27835 29.839523
27855 29.044327
27875 21.225769
27897 12.827194
27917 8.491623
27935 7.510269
27954 7.547409
27973 8.36203
27993 8.234238
28013 6.956314
28032 5.785858
28051 5.339035
28071 5.4348145
28092 6.1464996
28113 7.619812
28131 8.852539
28152 10.098129
28170 11.748932
28189 13.507172
28209 15.908859
28229 19.40799
28250 22.216095
28268 22.849335
28289 21.584015
28308 21.830917
28330 24.421143
28347 19.522903
28367 12.818237
28386 10.314789
28406 9.9930725
28426 8.3159485
28447 6.9452667
28465 6.686386
28484 7.0910034
28504 8.184555
28524 9.413086
28544 9.758453
28564 10.65239
28583 12.181976
28603 14.050354
28623 15.471329
28642 16.50351
28662 17.209488
28682 17.803253
28702 18.115707
28721 17.839188
28741 16.865631
28760 17.779938
28780 19.86827
28800 18.75766
28819 13.825302
28838 10.497055
28859 9.092575
28878 9.325394
28898 9.408905
28918 8.793289
28938 8.019363
28958 7.4276886
28976 6.935089
28997 6.7190094
29016 6.4344025
29036 7.270584
29056 8.948914
29075 10.526398
29094 11.991638
29115 13.455399
29136 15.299225
29154 16.874924
29173 18.011276
29193 18.514328
29214 18.160904
29236 18.254578
29254 19.136536
29272 19.765915
29292 17.437546
29311 14.282272
29332 12.106262
29355 11.318878
29371 9.56662
29390 7.9409485
29410 7.2145996
29431 7.9412537
29454 8.632278
29469 8.886353
29489 8.63678
29509 9.072815
29528 10.374664
29549 12.295105
29568 15.961548
29587 18.404205
29614 18.448502
29626 18.693298
29646 20.488052
29666 21.184769
29686 20.369858
29705 20.798126
29724 21.795593
29744 19.334976
29767 15.176819
29788 11.870132
29804 10.520996
29823 9.949081
29843 9.612106
29862 8.808563
29882 8.185165
29903 7.802368
29922 7.2729645
29941 6.883896
29961 6.994629
29982 7.990341
30000 9.701294
30020 12.033844
30041 13.909988
30059 16.099197
30078 18.572113
30105 20.307892
30124 20.501526
30139 19.878433
30160 19.178436
30177 18.919266
30196 19.226028
30217 17.485138
30236 15.450958
30256 13.813614
30277 13.196533
30296 12.501617
30317 11.66156
30345 10.884933
30356 10.501846
30373 10.49556
30393 10.615265
30414 10.333664
30433 10.00325
30452 10.486588
30472 11.729767
30492 14.1670685
30512 16.578644
30532 17.35495
30551 17.073318
30571 16.52835
30598 16.652252
30610 16.64746
30629 17.02066
30650 19.718033
30669 20.00563
30689 17.325607
30708 15.107712
30728 14.746475
30747 15.469208
30769 14.643204
30788 12.229874
30807 10.221741
30827 9.15271
30846 8.586182
30870 7.7757416
30886 7.222992
30907 7.296921
30931 8.271637
30945 9.515747
30964 10.047241
30984 10.832565
31005 13.507187
31023 16.783325
31043 19.193405
31062 20.943558
31084 21.349075
31102 22.787094
31122 22.31932
31141 19.84729
31161 17.11943
31181 14.649506
31206 12.758072
31220 11.154266
31240 9.712082
31263 9.333176
31279 9.552856
31298 10.1107025
31319 10.717331
31338 10.424042
31357 10.692795
31377 12.121521
31397 13.966263
31420 15.742752
31437 17.049408
31458 16.91504
31476 16.484955
31495 17.161331
31515 18.274338
31535 18.236938
31555 19.768005
31574 23.02591
31606 22.819412
31616 18.595734
31635 15.160355
31653 13.812439
31673 12.80986
31694 11.276062
31712 9.736008
31732 8.316254
31752 7.381607
31772 6.874634
31792 6.752533
31810 7.5132904
31830 8.555664
31850 9.692017
31870 10.863968
31890 11.924286
31909 13.376389
31935 15.144211
31949 16.461609
31969 17.68985
31987 19.57228
32010 20.219635
32027 20.550613
32046 21.775253
32066 21.277542
32087 19.239487
32106 16.124344
32126 13.954285
32145 12.843674
32167 11.666611
32185 10.780792
32204 10.225311
32224 10.290268
32243 10.337845
32266 9.654007
32283 9.337372
32305 9.7836
32322 11.085739
32342 13.258163
32361 14.671646
32380 15.682007
32401 16.752808
32420 17.681778
32441 18.38536
32460 18.722046
32480 21.509476
32499 23.258438
32520 21.496918
32539 17.244522
32558 14.238892
32579 13.140259
32598 12.850555
32617 12.000916
32637 10.329468
32658 8.457214
32676 6.7423553
32696 5.5880585
32716 5.116394
32736 5.4081726
32755 7.1427765
32775 9.073105
32796 11.015106
32815 12.348373
32833 13.452408
32853 15.317795
32873 18.14862
32892 20.741852
32912 21.625916
32937 25.490448
32955 25.363846
32972 19.716232
32995 14.754837
33011 13.901321
33030 15.197479
33051 13.75946
33070 10.655685
33090 8.552963
33111 7.835022
33129 7.72847
33149 7.9687805
33168 8.376404
33189 9.126678
33209 10.986969
33227 13.360825
33247 15.553009
33270 16.914108
33287 16.954834
33308 16.94136
33327 18.299759
33346 19.188324
33366 19.172745
33384 21.956009
33405 25.93608
33425 24.273605
33443 17.995392
33463 13.331192
33483 11.179703
33503 10.803513
33523 10.452469
33549 9.205704
33562 7.608734
33581 6.9527435
33601 6.764801
33622 6.236267
33641 6.749832
33662 8.673874
33680 9.905701
33699 11.373047
33719 14.082993
33739 17.220276
33759 18.800156
33778 18.770218
33798 19.449585
33817 21.077042
33838 21.64177
33857 22.271149
33877 21.829697
33897 16.8432
33916 12.835892
33939 10.643997
33956 10.531784
33979 10.97261
33995 10.402191
34014 8.912689
34034 8.546692
34057 8.6987
34074 8.763351
34096 9.453781
34113 10.196884
34133 10.626953
34152 12.395966
34172 15.895981
34196 17.630585
34213 17.360641
34231 17.336105
34250 18.294662
34270 18.54367
34291 18.483505
34314 21.176392
34333 24.601913
34348 22.960083
34368 17.724564
34389 14.454666
34409 13.695404
34430 13.498184
34447 12.028748
34466 10.327667
34487 8.840881
34510 7.1149445
34527 5.8029327
34546 5.731415
34565 7.271164
34585 8.663101
34606 10.020615
34625 11.039658
34645 12.182877
34665 15.028397
34683 18.495773
34703 19.415771
34725 20.505127
34742 21.29132
34764 21.739319
34783 23.073807
34802 22.683533
34822 17.753891
34843 12.953201
34862 11.36647
34880 11.093811
34900 11.002243
34920 11.105484
34940 11.202759
34958 11.839905
34978 12.164902
34998 11.486465
35018 10.214249
35037 9.6528015
35058 9.84166
35080 11.546005
35097 13.798965
35116 15.474304
35136 15.744568
35156 15.302826
35176 15.166641
35195 15.6341095
35214 18.498474
35235 21.48404
35254 21.97667
35275 19.82817
35297 16.528946
35313 14.4118805
35336 13.49939
35352 13.288406
35373 12.383408
35392 10.720627
35413 9.296371
35431 8.295593
35451 7.424988
35471 7.180191
35491 8.139069
35510 9.041977
35530 10.302536
35549 11.893494
35569 13.185745
35589 14.194916
35610 15.506622
35629 16.17163
35648 17.880188
35674 18.272537
35687 18.256683
35708 18.8591
35726 18.105225
35746 15.288147
35766 12.031738
35785 10.703552
35805 10.247467
35825 9.622879
35849 8.8103485
35867 8.767548
35884 9.35083
35903 9.841949
35923 9.481018
35943 8.742096
35963 9.143127
35988 10.566513
36002 12.165222
36022 12.796997
36043 12.377121
36061 12.401047
36081 14.196991
36100 14.833862
36120 13.89505
36139 15.897781
36159 18.554749
36179 17.410904
36198 14.294861
36218 11.716888
36238 10.421341
36259 9.438812
36277 8.746597
36301 8.599365
36319 8.18605
36336 7.385193
36356 7.066162
36376 5.9492645
36395 6.3069153
36415 7.816742
36435 9.810226
36454 11.157562
36476 11.64209
36494 11.95932
36515 13.596954
36534 15.00235
36553 16.272781
36572 16.716309
36593 17.083206
36613 17.753296
36633 18.706772
36651 15.173523
36671 11.847687
36690 10.604507
36711 10.4192505
36731 9.759064
36750 8.16301
36769 7.7970123
36788 8.48204
36810 9.201492
36829 9.809021
36851 9.365204
36867 8.989014
36887 9.170059
36907 10.335159
36928 11.939865
36947 12.631195
36970 12.216415
36986 12.375305
37006 13.248001
37026 14.328079
37045 14.214951
37065 16.104279
37084 18.325806
37105 16.989822
37123 13.787598
37143 12.086182
37163 11.881805
37184 11.393997
37202 9.730026
37222 8.495789
37241 7.7272644
37263 7.2717743
37282 7.03804
37303 6.3398438
37320 6.014221
37340 6.685196
37361 7.1595306
37379 8.080719
37399 9.340363
37418 10.587738
37438 11.947052
37458 13.97403
37479 15.371063
37501 16.914124
37517 18.768127
37537 20.366852
37556 19.353806
37581 16.44664
37598 13.726547
37620 12.203537
37635 11.143494
37654 10.505753
37675 9.510345
37696 8.958786
37714 8.296783
37733 8.642151
37753 6.9877625
37773 10.211548
37794 10.259735
37813 8.266266
37834 9.383179
37852 10.206177
37871 10.788269
37891 10.67363
37913 11.533447
37930 12.832611
37958 13.66069
37971 14.513031
37989 17.759872
38009 20.219025
38029 19.03627
38049 15.602692
38068 14.408295
38088 13.906403
38107 12.874817
38127 12.419601
38152 11.365555
38167 9.397522
38187 7.8676147
38206 7.33461
38225 6.9524384
38245 6.455063
38266 6.412262
38289 6.6052856
38304 7.9960175
38324 9.023743
38344 9.544479
38364 10.544632
38390 11.915634
38404 13.489502
38422 15.250748
38442 18.214462
38463 21.78392
38481 19.500443
38502 15.504517
38521 15.169937
38540 14.736588
38560 11.574158
38580 11.212631
38604 11.068085
38627 9.359512
38638 8.783707
38658 9.274521
38680 9.28978
38698 9.160492
38718 9.109314
38738 9.204483
38757 9.98262
38776 11.471497
38798 13.118423
38819 13.586182
38836 13.892944
38855 15.4123535
38875 15.9145355
38895 16.024078
38915 19.25145
38934 21.856949
38956 21.557678
38973 17.27713
38993 13.532013
39014 12.175995
39032 11.769272
39052 11.443069
39072 10.537155
39091 8.887848
39111 7.2059326
39131 6.0234985
39153 5.5892334
39171 5.9798126
39190 6.551422
39209 7.0823364
39230 7.3795013
39250 7.922699
39270 8.750198
39288 10.009537
39308 11.736359
39327 13.654419
39348 16.621735
39372 19.500168
39390 22.515945
39406 23.635849
39426 21.437653
39447 18.579285
39465 15.257324
39486 13.8585205
39505 12.975647
39524 10.769989
39544 8.639145
39564 7.455841
39583 7.8173523
39603 7.9526367
39624 7.720093
39642 7.485153
39662 7.638687
39682 8.364716
39705 10.447403
39721 12.86763
39741 13.980026
39760 13.866913
39782 14.134445
39800 14.936798
39820 16.758804
39842 18.274307
39859 21.040527
39878 22.802063
39899 20.806198
39918 16.144989
39938 12.644348
39959 11.862961
39976 11.931778
39998 11.971298
40016 10.770599
40036 9.270935
40055 8.4207
40075 7.3355103
40095 6.2611237
40115 6.425125
40135 6.741455
40158 6.417923
40174 6.6959686
40194 7.3352356
40213 8.286316
40233 9.944305
40252 11.695068
40275 13.804947
40291 15.57695
40311 16.81865
40333 18.50386
40351 20.61316
40371 19.831146
40390 16.849182
40409 14.829971
40429 14.288284
40452 13.909988
40473 12.489029
40489 11.162048
40508 10.37677
40528 10.442886
40547 10.059814
40567 9.392731
40587 8.651718
40606 8.660721
40628 9.797058
40646 11.471207
40667 12.749405
40686 12.975067
40707 12.149948
40725 11.438873
40744 11.963211
40764 13.204315
40784 14.220337
40806 16.807877
40824 20.408157
40843 22.363022
40862 19.373245
40883 14.656387
40902 12.76947
40922 12.797882
40942 13.0555725
40960 12.045517
40980 10.4991455
41001 9.452896
41023 8.2213745
41040 7.247528
41059 7.2517242
41079 7.5656586
41100 8.229752
41118 8.492218
41142 9.15152
41158 10.14183
41177 11.423309
41197 13.458679
41217 15.110092
41236 15.7170105
41256 16.853378
41279 17.916397
41295 18.652603
41315 19.765915
41336 18.582275
41356 15.790329
41374 14.070404
41395 13.312958
41413 12.81015
41436 11.999405
41453 11.229385
41473 11.401474
41492 11.04953
41512 10.242081
41531 9.181152
41551 8.693024
41572 8.795074
41590 9.829376
41610 11.474503
41629 13.22406
41650 13.951889
41675 14.399902
41689 14.733597
41708 14.90509
41728 15.065491
41748 16.104889
41769 17.899048
41787 20.056839
41807 18.50476
41827 13.4487915
41846 10.359085
41866 10.712845
41885 11.276367
41906 11.160553
41925 10.81398
41944 10.684113
41964 9.952988
41984 9.000381
42005 8.270462
42024 8.458694
42043 9.243698
42063 9.9535675
42082 10.69548
42103 11.259323
42125 11.608566
42143 12.529724
42161 13.566132
42181 14.6091
42201 14.820404
42221 15.381531
42240 16.437973
42260 17.98822
42283 19.50824
42299 17.308258
42319 14.396622
42339 13.352737
42358 12.021561
42378 10.486877
42397 9.848236
42419 10.924118
42438 12.154755
42460 11.736359
42476 10.789749
42496 9.973923
42515 9.23143
42536 9.200012
42554 9.806335
42574 10.429733
42594 10.792465
42613 10.965424
42633 10.642822
42655 10.717926
42673 12.19725
42697 13.2743225
42712 13.768127
42731 13.981522
42753 16.242538
42771 18.612198
42792 17.712296
42811 13.944107
42830 10.059509
42850 8.289597
42870 7.966385
42895 7.574341
42911 7.4552307
42928 8.26506
42948 8.985428
42967 9.42894
42993 9.553146
43008 10.699066
43027 10.645203
43046 10.294159
43066 10.57695
43087 11.117752
43107 11.306
43125 10.752945
43145 10.573074
43165 11.106384
43184 12.027557
43205 13.424271
43227 14.366684
43244 14.108124
43263 14.880249
43285 14.078491
43304 11.973679
43322 11.200958
43346 11.898865
43362 11.9288025
43381 11.971603
43401 12.136795
43425 11.852493
43444 11.159058
43460 10.137024
43480 8.85434
43499 8.729843
43519 9.169174
43538 10.377655
43558 11.24646
43578 11.040253
43597 11.833618
43618 14.029999
43637 15.368668
43656 15.711044
43676 16.350296
43696 16.144089
43716 16.196457
43735 18.492493
43759 21.352371
43778 20.295639
43798 14.446899
43814 9.145828
43834 8.097763
43855 10.660751
43874 10.558395
43893 8.682266
43912 7.1194305
43932 6.64151
43952 6.9919434
43973 7.426193
43992 7.0520935
44012 7.1182404
44030 8.374298
44050 9.8629
44070 11.272186
44090 12.25322
44110 12.613525
44129 12.697342
44148 14.403198
44168 15.883423
44188 17.035034
44207 18.495193
44228 21.4664
44247 21.427795
44267 17.860428
44287 14.502243
44309 12.59108
44329 10.876541
44346 10.499466
44365 10.314789
44385 9.823395
44406 9.686325
44424 9.366989
44444 9.121597
44464 8.939056
44483 8.901016
44502 9.382568
44523 10.377655
44542 11.867447
44562 13.942032
44582 14.779694
44601 14.734802
44623 14.693192
44641 14.694107
44663 14.689026
44680 14.479828
44700 15.799622
44719 18.924942
44740 21.869812
44759 18.9402
44778 12.21579
44798 7.061676
44817 5.5249023
44837 7.225067
44865 9.164383
44885 9.344254
44901 8.034332
44916 7.0314484
44936 6.3440247
44957 6.6516724
44975 7.1541595
44995 7.90773
45014 8.871399
45034 9.810532
45054 10.769989
45074 11.904861
45097 12.857742
45116 13.983322
45132 15.253433
45153 15.848404
45177 16.42511
45192 16.873413
45216 18.909683
45233 18.30603
45251 14.583359
45270 12.364548
45291 10.872345
45316 10.500046
45330 10.426727
45349 10.3573
45369 9.601639
45388 8.857346
45408 8.872589
45429 9.085083
45447 9.440613
45467 9.571396
45487 9.201492
45508 9.916168
45526 11.532852
45549 13.050781
45565 13.1106415
45585 12.441162
45605 12.634186
45624 13.095367
45651 13.951599
45665 14.400497
45684 16.52835
45703 20.541336
45722 21.110565
45744 16.3853
45765 11.90155
45783 10.37854
45802 11.205429
45822 11.489151
45843 11.144394
45862 10.393814
45880 9.602234
45900 8.839981
45920 8.329407
45940 8.717865
45960 9.495087
45990 10.29863
46004 10.785873
46018 11.26561
46038 11.799194
46059 12.322952
46078 13.075607
46098 14.467834
46116 15.861572
46137 16.316177
46155 17.031143
46175 17.735031
46197 19.569595
46215 20.196274
46235 16.724976
46254 12.852646
46275 10.9214325
46296 11.709122
46315 12.327744
46332 11.538834
46352 10.37915
46371 9.839264
46393 10.333359
46411 10.560516
46431 10.5155945
46450 10.503952
46471 10.484787
46490 11.530762
46511 12.879272
46531 13.865997
46550 14.144913
46569 14.519928
46588 16.430801
46608 18.554459
46628 18.673859
46653 17.742523
46667 20.8098
46687 23.12526
46706 20.503922
46731 14.380157
46747 9.889236
46766 9.260452
46785 10.645523
46805 11.44696
46827 11.304199
46849 10.669449
46867 10.124451
46884 9.827576
46903 9.643234
46923 9.80394
46944 9.635437
46963 10.078064
46986 11.194077
47002 12.183182
47022 13.133392
47044 14.158691
47061 15.476395
47081 16.570251
47100 16.768661
47122 16.814163
47139 17.156525
47160 18.511353
47182 20.601196
47198 16.852173
47219 11.554993
47238 8.658615
47258 9.470551
47278 11.633713
47301 12.040421
47321 11.754303
47337 11.544815
47356 10.954056
47378 10.3207855
47395 10.537155
47416 10.958832
47434 11.440369
47454 12.786224
47474 14.269424
47495 15.167557
47516 15.876236
47534 16.113556
47553 16.183594
47572 16.591507
47593 16.512787
47612 17.8694
47632 20.421936
47656 20.270187
47671 15.045151
47691 10.790649
47712 9.891327
47730 11.559784
47750 11.951538
47769 11.183594
47789 10.561111
47808 10.350113
47829 9.728531
47849 9.079697
47868 8.614914
47887 8.454788
47907 8.762161
47931 9.713852
47949 10.1983795
47967 10.709534
47987 11.530457
48006 12.778152
48025 13.981812
48046 14.5815735
48065 15.583252
48085 17.161606
48105 20.1445
48126 21.832108
48143 16.679764
48163 12.307678
48183 11.977875
48202 12.131699
48221 11.013611
48241 9.954788
48262 9.984695
48281 10.802628
48307 11.187485
48321 10.43631
48340 10.190598
48360 9.9526825
48380 10.715836
48404 11.768402
48419 12.884094
48439 14.069809
48458 14.847931
48479 15.469223
48497 16.005524
48525 15.409073
48537 14.566895
48556 15.865448
48577 19.877838
48596 19.80333
48616 17.404037
48636 13.564926
48655 11.787537
48674 11.834808
48696 11.725601
48714 11.230576
48734 10.668243
48753 9.989792
48773 9.105728
48792 8.405121
48813 8.5784
48831 9.076706
48852 9.542084
48871 10.044556
48891 11.169235
48911 12.319946
48931 12.942749
48950 14.630661
48970 15.492264
48991 15.486282
49009 15.867264
49028 16.633408
49051 16.795013
49070 16.895569
49090 14.776978
49107 12.478561
49127 12.615021
49147 12.940353
49167 11.898865
49187 11.22728
49206 11.087845
49226 11.159363
49245 10.6688385
49265 10.396515
49286 9.939209
49306 9.730316
49324 10.459351
49343 11.704025
49364 13.254288
49383 14.363083
49403 15.303406
49422 15.368652
49442 15.352203
49462 16.015701
49483 16.112366
49506 17.500702
49523 20.329147
49540 20.822647
49560 16.612442
49582 12.62999
49600 11.316177
49620 11.058807
49640 10.845428
49658 10.23819
49678 9.50914
49699 8.726852
49718 7.9684906
49742 7.29303
49757 7.8658295
49777 8.821426
49796 9.496887
49817 9.670166
49836 9.974228
49855 10.467438
49875 11.028885
49894 12.5108795
49916 14.567795
49938 16.079147
49954 16.28775
49973 15.94986
49993 16.162628
50013 17.083801
50033 15.205856
50057 12.812256
50073 11.884201
50092 12.547684
50111 12.616531
50130 12.133209
50154 11.665131
50171 11.947067
50189 11.674713
50209 10.755051
50230 9.374771
50250 9.026733
50269 9.675858
50289 10.9561615
50308 12.021561
50327 12.700928
50347 12.921188
50382 13.010376
50387 13.466171
50408 14.131454
50426 14.625549
50445 15.666748
50472 19.400803
50485 21.205109
50504 18.853714
50524 14.800629
50544 12.576126
50563 12.703323
50584 12.59198
50604 12.199036
50623 11.475098
50642 10.459351
50662 9.175476
50683 7.8212433
50702 7.2532043
50722 7.3319244
50741 8.130692
50761 9.153915
50780 9.851532
50800 10.20137
50819 10.841827
50840 11.78244
50859 13.449417
50878 15.035568
50899 16.168625
50918 16.974579
50938 18.320404
50957 20.956741
50977 19.911072
50997 16.296417
51018 13.912964
51036 12.518951
51057 11.9769745
51075 11.7956085
51095 11.352692
51115 10.8508
51134 10.715546
51157 10.0634
51173 8.949509
51194 8.316849
51213 8.305466
51235 8.974655
51253 10.471329
51273 11.988647
51292 12.996002
51313 13.537704
51331 14.452576
51352 15.544037
51371 15.901367
51390 16.516098
51409 16.60199
51430 18.397324
51449 20.715805
51470 19.583954
51489 15.649689
51508 13.220169
51528 12.663528
51548 13.192322
51568 12.822144
51589 11.869232
51607 10.808594
51626 9.539688
51646 8.325516
51666 7.721878
51687 7.2585907
51706 7.5105896
51725 8.22406
51744 8.733139
51764 9.134766
51783 9.978409
51803 11.44635
51823 13.434448
51843 15.053818
51863 15.282761
51882 15.366562
51903 16.710907
51926 19.39392
51943 20.773575
51961 18.02922
51980 15.524872
52000 13.375488
52020 13.637054
52041 13.760971
52059 13.021149
52079 12.482452
52098 12.281036
52119 11.648682
52138 10.603592
52158 9.859894
52177 9.918564
52196 10.798737
52217 11.753723
52237 12.772446
52257 13.537094
52276 13.251297
52295 12.775742
52315 12.933762
52341 13.509567
52357 15.058609
52379 16.358368
52394 17.53511
52417 21.037842
52433 22.812836
52454 18.788483
52474 13.851624
52492 12.292114
52513 13.306946
52534 13.455994
52551 12.636276
52572 11.189285
52591 9.904175
52612 8.566727
52629 7.4423523
52649 7.2690735
52687 7.5734406
52694 7.9621887
52709 8.496414
52728 9.190414
52748 9.847931
52768 10.223526
52788 11.181488
52810 13.282715
52829 15.323181
52846 17.82869
52866 20.029266
52887 22.224762
52906 22.488739
52927 19.283493
52945 16.068665
52964 14.0407715
52984 12.823029
53011 12.784714
53028 13.259064
53045 13.202515
53063 12.143677
53082 11.618454
53102 11.394882
53123 10.318985
53144 9.538773
53161 9.529205
53181 9.933228
53200 10.274078
53222 10.601212
53244 10.908264
53261 11.175217
53281 11.461334
53299 11.571457
53318 12.431564
53359 13.91449
53359 15.325867
53381 16.918594
53397 21.518463
53418 24.164963
53438 21.01059
53457 16.056992
53478 13.296188
53496 13.434738
53516 14.129654
53535 13.872284
53556 12.457031
53574 10.9292145
53594 9.780304
53614 8.611633
53634 7.589905
53655 7.9325714
53682 8.397659
53694 8.352753
53712 8.286026
53732 9.044373
53753 10.160965
53772 11.04892
53791 12.005112
53811 12.634781
53830 13.519455
53851 13.863602
53869 14.388245
53890 15.12146
53909 16.478073
53929 19.358002
53948 20.951935
53968 18.732208
53988 16.303009
54015 14.647705
54027 13.116608
54047 11.690567
54066 11.82106
54086 12.626694
54111 14.218536
54129 14.52861
54154 13.005875
54165 11.712128
54186 10.173843
54205 9.811127
54224 10.597321
54243 10.216339
54263 10.163071
54283 11.273972
54304 12.581512
54325 12.827225
54346 11.887482
54362 11.713013
54381 11.949722
54401 11.042938
54421 11.64238
54445 11.670227
54464 12.3367
54480 13.418289
54499 13.240524
54520 11.805176
54541 10.9531555
54561 10.932785
54582 10.769394
54598 11.894684
54619 10.7912445
54637 7.47229
54657 6.677109
54679 12.0637665
54697 14.267319
54716 12.1041565
54736 10.851685
54757 11.657043
54776 12.726074
54797 11.82045
54814 10.978592
54834 11.339218
54854 11.3862
54873 11.176422
54893 10.080765
54912 10.186401
54932 12.321747
54953 12.6716
54974 11.766876
54992 9.659973
55013 9.270615
55030 10.217545
55050 11.315277
55071 11.337723
55090 10.998642
55110 10.696365
55129 10.9319
55148 11.579544
55169 11.199768
55188 11.187775
55208 11.143799
55228 9.403488
55249 9.09285
55267 8.711868
55287 10.14003
55308 10.137619
55326 8.478455
55349 8.164795
55365 8.873795
55385 8.311142
55405 9.074905
55425 10.518906
55448 9.718933
55463 7.8873596
55483 5.8732605
55505 8.161514
55523 12.488419
55544 11.533752
55562 11.306595
55582 10.111588
55602 11.706116
55622 13.578705
55642 13.899841
55664 13.00708
55682 12.328018
55699 12.552185
55719 12.463882
55739 12.133499
55762 11.511307
55779 11.669922
55798 12.015289
55817 11.694763
55838 11.755524
55858 11.695374
55877 11.061798
55896 10.591324
55916 10.241791
55935 10.204361
55956 10.303406
55979 10.535065
55995 11.06987
56017 11.056992
56034 11.306595
56054 11.388901
56076 10.859497
56096 10.406982
56113 10.743057
56133 11.396072
56152 12.106857
56172 12.39267
56195 12.41452
56211 12.280441
56231 11.95752
56250 12.37442
56270 12.540207
56289 12.5914
56310 13.104645
56329 13.549973
56349 13.289902
56369 12.854446
56389 12.645569
56410 12.969971
56428 12.313965
56449 10.458435
56467 8.28183
56487 6.318283
56507 5.230423
56530 5.5605164
56548 6.8542786
56569 7.8526764
56586 8.470978
56606 9.069809
56626 9.994263
56644 10.609894
56664 10.526108
56684 9.870956
56703 9.426865
56723 9.259857
56743 9.614197
56766 9.598633
56786 9.396637
56805 9.110825
56822 8.973145
56841 9.222748
56861 9.898804
56881 10.433319
56900 10.591934
56920 10.979782
56939 11.190186
56960 11.223099
56979 11.686981
56999 11.730377
57019 11.411957
57038 11.677704
57057 12.675476
57077 14.069214
57102 15.420441
57117 15.45546
57136 14.273605
57157 12.714081
57179 11.056091
57195 9.361908
57215 8.18367
57234 8.5009
57254 9.66777
57274 10.501251
57294 10.700577
57313 10.659561
57333 10.35939
57353 10.239975
57373 10.580872
57395 10.270218
57413 9.734207
57434 9.74469
57451 9.826691
57471 9.854507
57491 10.24028
57516 10.749359
57530 11.058502
57549 11.490936
57569 11.870728
57592 11.709442
57609 12.020981
57629 12.643448
57647 13.261475
57667 13.573593
57687 13.966568
57707 14.749466
57727 15.334244
57748 15.406982
57768 13.855835
57786 11.650467
57805 9.479202
57825 7.408249
57846 6.95932
57865 7.922394
57884 9.099747
57903 9.0282135
57923 9.345444
57943 9.8272705
57963 9.72522
57982 9.479523
58002 9.030029
58022 9.114716
58044 9.45018
58063 9.915878
58084 9.991287
58100 9.973648
58120 9.883255
58141 10.140015
58159 10.501541
58179 10.899887
58199 11.312881
58218 11.648376
58238 11.7157135
58258 11.948227
58279 12.667404
58298 13.511948
58317 15.04306
58336 16.139008
58356 15.779251
58376 14.423538
58399 12.994522
58419 11.863846
58435 10.139725
58455 9.443893
58474 9.717758
58497 10.757721
58514 11.235687
58537 11.160873
58553 11.153976
58572 10.546143
58593 9.355621
58614 8.649643
58633 8.551178
58656 9.164688
58671 9.137466
58693 9.158112
58717 9.46965
58730 10.690094
58754 11.7229
58772 12.436951
58789 12.644653
58808 12.956512
58831 13.4796295
58848 14.441208
58869 15.659851
58887 16.585815
58907 16.684875
58927 17.322937
58948 16.40416
58971 13.638535
58986 9.051559
59005 5.2699127
59026 4.950287
59046 7.0212708
59066 7.94693
59085 7.9173126
59104 7.5638733
59123 7.227783
59143 6.756714
59163 6.2970276
59183 6.408966
59203 6.854889
59222 7.7003326
59242 8.470978
59261 9.078201
59282 9.743774
59302 10.427032
59321 11.086029
59340 11.929398
59360 12.475281
59379 13.242004
59399 13.328201
59421 13.542191
59439 14.859299
59458 16.60736
59477 17.523422
59498 15.817276
59517 13.611313
59538 11.846481
59557 10.537155
59576 9.295776
59596 8.585602
59615 9.240112
59637 9.696503
59655 9.932632
59674 10.1145935
59695 10.152908
59733 10.105621
59733 9.439728
59754 8.682556
59773 8.767548
59792 9.544754
59812 10.202881
59833 10.7873535
59853 11.329041
59872 11.602585
59891 11.814178
59912 12.316956
59932 12.7643585
59951 13.247101
59970 14.182648
59989 14.753342
60010 15.365677
60034 16.332016
60056 15.840317
60068 13.564621
60088 10.613174
60107 7.9615784
60127 7.5497894
60149 8.426376
60168 9.787781
60189 10.530273
60206 10.149002
60225 9.278412
60245 8.685242
60266 8.118134
60284 7.757492
60306 7.606949
60325 8.498215
60345 9.603439
60369 10.489578
60384 11.007935
60406 11.452057
60422 11.901276
60442 12.3367
60462 12.798477
60483 13.280914
60504 13.461685
60522 13.38327
60544 14.213745
60560 16.522354
60580 18.084885
60601 16.76509
60619 14.510941
60641 13.00946
60658 11.179092
60678 9.923935
60703 9.456482
60717 9.682434
60741 9.998169
60757 10.220825
60776 9.9101715
60796 9.484924
60818 8.952484
60835 8.583786
60857 8.56105
60875 9.056641
60895 9.988602
60914 10.962448
60934 11.972504
60955 12.488144
60974 12.784119
60993 13.075607
61012 13.428162
61040 13.493103
61053 13.91748
61073 15.006836
61091 15.987564
61111 16.513092
61131 17.796387
61151 17.57283
61171 14.787476
61190 11.537048
61209 8.55835
61229 7.922104
61252 9.185638
61268 10.409958
61288 10.706848
61308 10.471313
61329 10.154083
61347 9.390335
61367 8.234848
61388 7.6009674
61412 7.6760864
61427 8.468857
61446 9.21019
61465 10.036484
61485 10.753525
61507 11.215027
61525 11.587601
61544 12.396851
61564 12.993317
61585 13.342575
61604 13.237549
61625 13.580811
61643 14.358612
61662 15.395889
61683 16.753708
61702 16.248535
61721 14.09375
61741 11.858459
61760 10.146591
61780 9.425354
61799 9.366394
61820 9.985016
61839 11.216827
61859 12.117035
61879 12.27565
61899 11.817169
61919 11.354172
61939 10.87384
61962 10.405472
61978 10.275894
61997 10.840927
62016 11.6714325
62041 12.211914
62056 12.763763
62077 13.562241
62095 13.921356
62117 13.8941345
62137 13.871979
62155 13.6957245
62174 13.961472
62194 14.655792
62213 16.577728
62234 17.3376
62255 15.525467
62272 12.843964
62292 10.484482
62314 8.279419
62331 7.1074677
62351 7.468994
62372 8.673569
62391 9.576187
62410 10.029007
62430 9.264954
62450 8.530533
62471 8.230057
62489 8.530823
62509 9.111404
62529 9.611801
62547 10.080475
62567 10.740067
62588 11.370041
62606 12.036835
62627 12.665314
62646 12.986725
62665 13.259384
62687 13.973145
62708 14.453781
62728 14.894608
62744 15.568588
62764 16.677979
62784 18.06514
62804 17.131088
62823 14.509445
62843 11.823456
62862 9.785385
62882 8.584991
62905 8.769333
62922 9.791977
62942 10.848404
62961 11.323364
62980 11.534348
63000 11.258408
63021 10.538666
63044 9.373581
63060 8.886963
63079 9.291
63098 9.800049
63119 10.462051
63138 11.320663
63161 12.304977
63177 13.10704
63197 13.700806
63216 13.799255
63237 14.158676
63257 14.887436
63279 15.987869
63296 16.201553
63315 16.359573
63339 16.935669
63355 16.230286
63381 13.644241
63394 10.772995
63413 8.329712
63434 7.558182
63452 8.363831
63472 10.090652
63492 11.211426
63512 11.868042
63532 11.361374
63552 10.282181
63571 9.224548
63597 8.691528
63612 9.001282
63630 9.535492
63650 10.16037
63670 10.894211
63690 11.558594
63712 11.994049
63729 12.390274
63748 13.227341
63767 13.852554
63787 13.682556
63807 13.707077
63827 14.239792
63847 14.756332
63866 15.078049
63885 15.960342
63906 16.308685
63926 14.393326
63945 11.460129
63964 9.891022
63984 9.625565
64004 10.976791
64024 12.526749
64044 13.367996
64063 13.286316
64082 12.335205
64102 11.597488
64124 10.91066
64149 10.232819
64162 10.418945
64181 10.819977
64200 11.160263
64221 11.657043
64240 12.070358
64261 12.39296
64279 12.791321
64299 12.918182
64318 13.396439
64338 14.029114
64358 14.437622
64382 15.065796
64398 16.1297
64417 18.616104
64437 19.376266
64458 16.243134
64477 12.667404
64496 9.499283
64515 7.362152
64535 7.7027283
64556 9.080597
64574 9.931137
64596 10.440491
64614 10.604797
64634 10.484192
64653 10.484772
64674 10.69487
64697 10.064316
64715 10.188522
64733 11.16893
64752 11.876129
64771 11.770172
64792 11.983566
64810 12.708405
64830 13.355438
64850 14.234116
64869 15.147797
64891 15.696365
64909 15.77478
64932 16.261993
64949 17.359436
64968 19.383148
64987 20.117569
65008 17.619202
65029 14.391541
65047 10.855286
65066 8.699905
65086 8.216583
65107 8.583191
65126 9.82428
65149 11.661835
65168 12.595261
65184 12.117325
65204 11.20993
65224 10.481781
65243 10.368668
65264 10.532669
65283 10.657471
65302 10.985779
65322 11.804001
65350 12.689255
65363 12.979553
65381 13.366516
65403 13.863312
65421 14.642624
65443 15.638321
65460 16.696854
65480 17.917297
65499 18.823486
65519 18.590652
65539 17.166412
65559 14.7512665
65581 11.096497
65598 9.235321
65617 9.970642
65638 11.848892
65658 13.231537
65676 13.132782
65697 11.753708
65716 10.862778
65736 10.408157
65755 10.00415
65778 9.927231
65796 9.992798
65815 10.551239
65834 11.164139
65853 11.847092
65873 12.465393
65894 12.781738
65914 13.305466
65932 13.942627
65952 14.270035
65972 14.216446
65993 14.851517
66012 16.66452
66031 18.325195
66051 19.393616
66070 20.434204
66089 19.608795
66110 17.197815
66130 14.15509
66149 11.652863
66168 10.757446
66188 11.062698
66212 11.928513
66231 12.3528595
66247 12.604553
66266 12.653641
66286 12.127213
66306 11.60437
66326 11.191971
66350 11.247055
66365 11.70253
66385 12.515961
66407 13.12561
66425 13.426956
66447 13.982727
66466 14.305939
66483 14.619568
66503 14.861694
66522 15.052933
66542 15.718231
66562 16.818039
66583 17.111328
66601 18.035492
66621 19.498962
66641 18.816315
66662 15.894196
66684 12.33313
66700 10.283081
66726 11.015717
66739 12.993622
66760 14.311325
66779 14.143433
66806 12.96907
66819 11.605576
66837 10.488983
66857 9.678253
66877 9.174881
66900 9.115311
66917 9.681824
66935 10.453674
66955 11.236588
66975 11.829437
66995 12.677887
67016 13.616409
67034 14.297256
67066 14.948471
67076 15.576355
67095 15.808899
67113 16.4673
67133 17.249313
67155 17.943634
67172 19.421753
67192 19.459442
67212 16.892578
67232 13.091766
67251 10.480896
67270 9.809036
67290 10.890625
67311 11.655563
67330 11.744125
67354 12.022156
67369 12.43425
67397 12.202026
67408 11.783356
67429 11.145004
67452 10.762512
67468 11.283844
67487 11.981155
67509 12.3914795
67526 12.823334
67546 13.512863
67565 14.138947
67585 14.515121
67604 14.3762665
67624 14.600723
67645 15.244171
67668 16.081223
67685 17.149963
67703 19.32779
67728 20.31688
67742 18.714859
67763 15.646103
67783 12.457321
67804 9.805435
67821 8.839066
67841 9.164688
67861 9.853622
67880 10.35878
67902 10.3285675
67920 10.118469
67939 9.878159
67959 9.575607
67990 9.811127
67999 10.451889
68018 11.187195
68038 11.851593
68065 12.598267
68080 13.289307
68098 13.727737
68120 13.558945
68140 13.511948
68156 14.021332
68175 14.449875
68195 14.414581
68214 14.556137
68236 15.371948
68254 16.477493
68274 18.175262
68293 17.810745
68315 16.120438
68333 13.861511
68355 11.610657
68372 10.190903
68400 9.841354
68412 10.483002
68432 11.683395
68452 12.797897
68470 13.328796
68491 13.036407
68510 12.448044
68531 11.794113
68550 11.246445
68569 11.249741
68590 11.60199
68608 12.319962
68628 12.796097
68647 13.122604
68668 13.271347
68687 13.434158
68707 13.621796
68729 14.13205
68748 14.944885
68766 15.650574
68786 16.36644
68805 18.141449
68825 18.317734
68844 16.558578
68864 13.809448
68884 11.040237
68903 9.235321
68923 9.476532
68942 10.93071
68968 12.187668
68982 12.931061
69002 12.933762
69022 12.728165
69042 11.8940735
69063 10.752945
69083 10.560196
69104 11.2144165
69121 11.415543
69139 11.299423
69159 11.228195
69179 11.143188
69199 11.463425
69219 11.96022
69240 12.683273
69258 12.772736
69277 13.234833
69299 13.931839
69320 14.832962
69338 15.556015
69356 16.531952
69376 18.372177
69398 18.367691
69416 16.404755
69436 13.576904
69454 11.338028
69474 10.903763
69494 11.662735
69515 12.804779
69533 13.896835
69555 13.605331
69573 12.357956
69593 11.136322
69612 9.9960785
69634 9.470856
69655 9.542969
69672 9.783005
69691 10.215439
69710 11.159348
69733 12.007492
69751 12.174194
69770 12.446243
69789 12.902344
69808 13.30217
69828 13.612213
69848 14.220352
69868 14.651901
69888 14.802719
69908 15.756531
69927 18.094162
69947 18.432037
69967 16.140198
69988 12.960678
70010 9.921249
70025 9.484909
70046 10.822357
70065 12.403442
70084 13.315353
70104 12.813141
70124 11.8414
70144 11.267395
70162 10.793945
70183 10.4153595
70202 10.546143
70222 10.907074
70241 10.881332
70262 10.762512
70281 11.144699
70301 11.9240265
70325 12.387268
70340 12.676086
70360 12.832611
70379 13.654114
70400 14.574982
70419 15.033173
70439 15.204956
70458 15.689789
70478 16.610947
70497 18.055542
70525 17.171783
70537 14.495377
70556 11.441574
70576 9.478607
70596 8.3524475
70618 8.484726
70635 10.392899
70656 12.259796
70674 12.325928
70694 11.591797
70714 11.828232
70735 12.102081
70757 11.021988
70773 9.819199
70793 9.039291
70812 8.992615
70832 9.850342
70852 10.7460785
70873 11.0950165
70894 11.172531
70911 12.05629
70931 13.137558
70951 13.816925
70970 14.070099
70989 14.281097
71009 14.955963
71034 16.34639
71049 19.1503
71069 19.914642
71089 17.73082
71108 14.461853
71127 11.8072815
71147 9.161987
71168 7.4270935
71186 7.345398
71206 8.713089
71225 9.551941
71246 9.927841
71265 9.256561
71285 8.820511
71305 8.97406
71326 9.178452
71344 9.424744
71363 10.105911
71386 10.864868
71403 11.072861
71423 10.945084
71442 10.990265
71462 11.353897
71481 11.6319275
71502 11.915329
71521 12.366638
71542 13.128891
71560 14.042587
71579 14.860199
71600 15.902557
71624 16.617233
71641 17.697021
71659 17.537216
71678 16.469696
71698 14.9496765
71719 11.963821
71738 10.111893
71758 10.068817
71776 10.636536
71801 11.473312
71819 11.4631195
71836 11.09082
71855 10.99176
71875 10.444107
71895 9.847931
71914 9.34993
71934 9.394836
71954 9.820709
71974 10.449783
71993 11.01001
72013 11.231781
72032 11.827942
72053 12.4752655
72072 12.656937
72092 12.47467
72111 13.06752
72131 14.108414
72151 14.895203
72171 15.787064
72193 17.670685
72209 18.95578
72229 18.335983
72248 15.622742
72270 12.497696
72288 10.182526
72308 9.454086
72328 10.1223755
72348 11.569672
72367 12.084717
72387 11.6010895
72407 11.300598
72426 10.929504
72447 10.169357
72465 9.433746
72486 9.209274
72505 9.316132
72525 9.526199
72546 9.662094
72564 9.970932
72583 10.584763
72604 11.331741
72623 11.703445
72642 11.970688
72662 12.853546
72682 14.028809
72704 15.010437
72722 15.782272
72742 16.711807
72770 18.486816
72779 19.279297
72800 17.887344
72821 15.508133
72839 12.738617
72859 10.585953
72879 9.590836
72898 9.670456
72918 10.391418
72938 11.584335
72958 11.641495
72977 10.901962
72997 10.400085
73016 10.206757
73038 10.008942
73056 10.132248
73077 10.807999
73096 11.209946
73115 11.469711
73134 11.787842
73162 12.348358
73176 12.722168
73193 13.022339
73213 13.291992
73233 13.7322235
73252 14.593842
73273 15.683502
73293 16.32515
73312 16.708206
73331 17.521637
73351 17.087402
73372 15.383026
73390 12.510269
73411 9.9410095
73429 8.423981
73449 8.26506
73469 9.036896
73489 9.924255
73509 10.100815
73528 9.542984
73547 9.084198
73567 8.991409
73589 9.110825
73607 9.522919
73628 10.051727
73647 10.51561
73665 10.886719
73685 11.180313
73709 12.058685
73725 13.088486
73745 13.577789
73764 14.188019
73784 14.982605
73806 15.333359
73824 15.292053
73846 15.614075
73863 16.44725
73882 18.224045
73902 19.025208
73923 17.085602
73941 14.537567
73961 11.8381195
73982 9.39064
74000 8.054367
74020 7.8212585
74041 9.239807
74060 10.995377
74079 12.088028
74098 11.844406
74118 11.441864
74140 11.125839
74158 10.787064
74178 10.438995
74197 10.455444
74216 11.1228485
74237 11.990143
74256 12.660217
74276 13.085205
74297 13.36142
74314 13.584091
74335 13.829498
74354 14.366989
74374 14.969147
74394 15.455154
74417 15.827148
74433 16.157257
74452 17.564453
74474 16.856659
74494 14.760529
74512 12.336395
74532 10.427032
74551 9.985306
74571 10.881622
74592 11.885101
74611 12.063477
74632 11.552628
74649 10.703278
74669 10.085846
74691 9.396927
74708 9.46965
74730 10.011032
74756 10.886124
74768 11.3069
74787 11.625931
74811 12.114059
74831 12.358566
74847 12.533615
74866 12.587479
74886 12.676987
74906 13.253098
74926 13.761856
74946 14.599823
74965 15.901077
74984 17.618317
75004 19.297241
75024 18.73999
75043 16.538223
75064 13.6175995
75088 11.577728
75103 10.508728
75122 10.371948
75144 11.259308
75173 11.895569
75184 11.70015
75201 11.16774
75220 11.216827
75240 10.749054
75260 9.753967
75284 9.780594
75299 10.694885
75318 11.6405945
75338 12.703018
75358 13.515259
75378 13.866898
75397 14.432236
75422 14.606415
75437 14.357117
75457 14.728806
75476 15.396194
75499 15.707748
75515 16.534042
75534 17.76735
75555 17.387283
75576 15.75592
75594 13.010971
75615 9.96106
75633 8.627792
75653 9.851532
75673 11.9374695
75694 13.266556
75720 13.426071
75731 12.638382
75755 11.886902
75771 10.838821
75792 10.145416
75810 9.820694
75831 9.792862
75850 10.137924
75870 10.567078
75889 10.717041
75910 11.048309
75929 11.672012
75952 12.442642
75968 12.981949
75988 13.702896
76007 14.404404
76027 14.957748
76049 16.036667
76069 17.624893
76090 19.740784
76106 18.68283
76127 16.66542
76151 14.533676
76166 12.064362
76184 10.257629
76204 9.482513
76223 9.68483
76244 11.2655945
76263 12.808075
76283 12.68956
76303 11.983551
76322 11.845886
76344 11.516083
76363 11.044449
76385 10.91098
76402 11.26619
76423 11.921921
76445 12.297791
76461 12.653046
76479 13.107056
76499 13.824402
76519 14.132355
76539 14.300247
76558 15.028381
76578 16.09111
76601 17.128403
76619 19.598022
76637 20.02568
76656 17.939133
76677 15.382736
76696 12.232254
76715 9.691406
76735 8.538605
76755 8.797485
76775 10.02002
76805 10.825668
76818 10.997452
76834 10.551819
76855 10.019409
76873 9.697998
76894 9.565109
76914 9.8246
76934 10.307007
76952 11.178818
76971 11.767181
76992 12.200836
77012 12.514786
77031 13.068436
77052 13.32132
77070 13.87648
77092 14.620773
77110 15.303116
77129 15.865158
77151 16.297623
77168 16.887772
77188 18.26654
77208 17.694626
77230 15.852295
77252 12.262787
77269 9.663864
77286 8.854935
77306 9.4427185
77325 10.133133
77346 10.8259735
77367 11.981171
77385 12.412415
77411 12.061676
77424 11.552612
77446 11.238663
77464 11.385315
77487 11.9721985
77503 12.262482
77523 12.697327
77542 13.280914
77569 13.780701
77585 14.153
77602 13.968353
77622 13.948013
77640 14.624649
77660 15.356094
77680 15.775085
77704 17.01529
77719 18.627472
77739 18.036392
77760 15.127136
77779 11.595398
77799 8.631073
77819 7.540512
77837 9.018646
77857 10.715836
77876 11.444855
77897 11.541534
77921 11.035461
77936 9.903
77956 9.212585
77975 9.005188
77996 9.042892
78015 9.463959
78035 10.139725
78056 10.75325
78073 11.491241
78093 12.182571
78114 12.937958
78133 13.7352295
78154 14.362503
78172 14.964645
78192 15.389618
78212 16.082733
78236 17.39775
78251 19.178436
78271 19.790451
78290 17.622787
78309 14.921234
78331 12.503693
78349 10.57547
78370 9.246689
78388 9.041397
78408 10.415665
78427 11.982956
78448 12.705414
78472 12.850861
78488 12.539032
78507 11.99733
78526 11.293716
78548 10.764908
78566 10.89299
78586 11.199753
78605 11.460724
78625 12.038925
78644 12.322937
78664 12.403748
78684 12.905029
78704 13.197723
78723 13.436844
78743 14.008469
78762 14.997559
78783 15.5984955
78806 16.457108
78822 18.465546
78841 19.264938
78860 17.044907
78881 13.424866
78902 10.704758
78920 9.652191
78939 9.855118
78959 10.87355
78978 11.928192
78999 11.853378
79019 10.784378
79038 9.969727
79057 9.497482
79077 9.221848
79098 9.369385
79116 9.546875
79138 9.677948
79159 9.92276
79176 10.345917
79195 10.85408
79218 11.34552
79234 12.086227
79254 12.683853
79274 12.939743
79293 13.649918
79313 14.500763
79333 15.444687
79354 16.321259
79372 17.923569
79392 18.360535
79411 16.648972
79432 14.677032
79451 13.021454
79477 11.68309
79490 11.036652
79510 11.068375
79529 11.985947
79550 12.996002
79570 12.993317
79589 12.073349
79608 11.391586
79628 10.601822
79648 9.946991
79667 9.671661
79689 10.299545
79707 11.241669
79730 11.784851
79746 12.056564
79766 12.527344
79786 13.049271
79806 13.388962
79825 13.5742035
79844 13.95549
79866 14.909561
79884 15.999847
79905 16.526855
79925 16.852173
79943 17.57521
79962 17.324432
79983 16.044113
80002 14.1979065
80023 11.950333
80044 9.417282
80061 8.216293
80081 8.549377
80101 9.773712
80124 10.479401
80140 10.524887
80159 10.366287
80178 9.343964
80200 8.213882
80218 7.7461243
80238 8.142075
80258 8.945023
80278 9.589355
80297 10.1657715
80318 10.589539
80340 10.787369
80356 11.431717
80376 12.060486
80395 12.543503
80415 13.021149
80436 13.593079
80457 14.266434
80474 15.648483
80494 17.722168
80514 19.153305
80534 19.15239
80553 17.967575
80572 15.457245
80592 13.186935
80612 10.998047
80632 10.676605
80651 11.237167
80672 11.706131
80691 11.343414
80710 10.740967
80730 10.128967
80751 9.45079
80769 8.542206
80791 8.112747
80808 8.483231
80829 9.338867
80848 9.895233
80869 10.331863
80888 10.898392
80907 11.474503
80927 11.86235
80946 12.331314
80969 12.898148
80986 13.445831
81009 14.380463
81028 15.447067
81046 16.820755
81065 18.001968
81084 17.97116
81106 16.815063
81126 14.615082
81144 11.680695
81164 8.426971
81182 6.736664
81204 7.11644
81231 8.596664
81242 9.474731
81262 9.993683
81281 9.584885
81302 8.804962
81320 8.283325
81340 7.9206085
81360 8.02475
81379 8.830399
81399 10.027786
81419 10.644592
81448 11.086334
81459 11.486771
81478 11.675003
81497 11.844086
81519 12.389969
81537 13.104645
81557 13.627487
81578 14.265839
81596 15.445892
81615 18.014862
81635 18.860611
81656 16.639389
81675 14.5271
81694 12.719482
81714 10.589218
81734 8.87619
81754 8.5260315
81784 9.572601
81797 10.833145
81812 11.435608
81832 11.924301
81853 11.330551
81871 10.403992
81891 9.495682
81911 9.145828
81930 9.337372
81950 10.028397
81970 10.913635
81993 11.513702
82009 11.72348
82029 12.052383
82049 12.596771
82068 12.973862
82088 13.822601
82115 14.895203
82127 16.263489
82147 17.621292
82166 18.620285
82186 18.12648
82205 16.771973
82226 15.1017
82245 12.523758
82265 9.773712
82285 9.010269
82304 9.887436
82327 10.816696
82345 10.774185
82363 10.442001
82382 9.755463
82405 8.949509
82422 8.626892
82449 8.65831
82463 8.944107
82482 9.295181
82501 9.797958
82521 10.451874
82541 10.789459
82559 10.820587
82579 10.983673
82599 11.813568
82621 13.035522
82639 14.100052
82659 14.742569
82679 16.077637
82698 17.774826
82717 19.499252
82738 19.92244
82757 18.713959
82784 16.735748
82796 14.082672
82816 11.863846
82837 10.807709
82856 10.586258
82876 10.981888
82895 11.279663
82914 11.0911255
82934 10.909775
82955 10.85318
82978 10.075394
82994 9.321808
83013 9.272125
83032 9.788986
83052 10.540146
83078 11.198563
83095 11.6839905
83114 11.95871
83131 12.367218
83150 12.641357
83171 13.089676
83194 14.173065
83210 15.3728485
83230 17.071533
83249 18.38446
83268 18.694214
83288 17.914886
83308 16.38739
83327 13.446701
83347 10.083771
83368 8.711288
83388 9.823395
83409 11.877609
83427 12.882889
83450 12.5177765
83465 11.028275
83485 9.605209
83506 8.544601
83525 7.9373627
83545 7.995102
83564 8.604141
83583 9.198822
83603 9.88176
83624 10.327972
83644 10.854691
83662 11.50322
83682 12.016464
83702 12.527344
83721 13.2453
83742 13.923767
83760 15.2495575
83783 17.107147
83800 19.914948
83820 19.387924
83847 16.83722
83859 14.515717
83879 12.905319
83899 10.998932
83920 9.759949
83940 9.776398
83958 10.37645
83977 10.749344
83996 10.5416565
84016 10.068802
84036 9.420578
84060 9.102432
84076 8.923782
84095 9.019241
84120 9.755463
84135 10.720032
84154 11.843216
84176 12.838287
84194 13.424271
84213 13.863007
84233 14.518723
84253 15.421631
84274 16.395172
84292 17.505768
84313 18.590057
84332 19.170639
84351 19.538467
84370 17.80806
84391 14.27182
84410 10.434219
84430 7.677887
84449 7.9086304
84468 9.086578
84489 9.911987
84509 10.228012
84531 10.301315
84548 10.490173
84567 9.806335
84587 9.016251
84608 9.120697
84626 9.692612
84647 10.626343
84665 11.2847595
84686 11.104294
84705 11.236588
84725 12.341187
84746 13.439545
84764 13.752579
84784 14.037491
84804 14.381363
84824 15.307327
84844 16.48526
84863 17.837692
84883 20.20047
84902 20.084946
84922 17.895126
84941 15.278564
84961 12.990326
84980 11.018692
85000 10.298935
85020 9.997574
85039 10.407883
85060 11.420914
85079 12.064072
85099 11.927292
85120 11.000748
85138 10.23819
85159 10.307632
85178 10.623062
85197 11.258133
85217 12.178696
85236 12.63089
85256 12.960098
85275 13.564636
85296 14.271515
85315 15.023895
85335 15.624542
85354 16.18898
85375 16.535538
85394 16.615143
85414 16.729767
85433 17.249603
85454 16.77945
85473 14.854507
85492 12.01857
85513 9.806625
85531 8.703506
85551 9.1622925
85571 10.974106
85591 11.982056
85611 12.16011
85631 11.817474
85651 11.428711
85669 10.901672
85689 10.444687
85709 10.531464
85728 10.625458
85748 10.998047
85768 11.399384
85788 11.957825
85807 12.758087
85828 13.382385
85847 14.012955
85868 14.285889
85886 14.520218
85905 14.960754
85926 15.658066
85945 16.86177
85965 18.44043
85987 20.101715
86004 19.635727
86023 17.82721
86044 15.353409
86064 12.181976
86083 9.423859
86102 8.563156
86122 8.891739
86147 10.13942
86162 11.718994
86181 11.66394
86201 11.230896
86220 11.225189
86240 11.501434
86261 11.650467
86279 12.016174
86299 12.462082
86318 12.804169
86338 13.311737
86357 13.998596
86377 14.262558
86397 14.3732605
86417 14.488785
86437 15.019424
86457 15.667938
86478 16.400558
86496 16.36435
86517 15.213928
86535 15.118774
86555 16.011185
86574 15.739151
86594 13.694199
86616 10.722107
86634 9.1197815
86653 9.814423
86673 11.957825
86694 13.080399
86712 13.457809
86733 12.694336
86752 11.789642
86772 10.943588
86791 10.143326
86811 9.68692
86833 9.802444
86853 10.064911
86870 10.6284485
86889 11.388901
86909 12.079025
86928 12.607254
86951 13.192627
86969 13.734634
86988 14.081177
87007 14.709045
87028 15.464142
87049 16.124039
87068 16.833923
87086 17.77066
87105 18.996475
87125 18.58049
87146 17.513855
87167 15.18222
87185 12.777527
87204 11.415237
87224 10.951065
87245 11.132126
87264 12.071533
87283 12.90593
87302 13.075317
87322 12.65004
87342 12.171509
87362 11.7986145
87384 11.489746
87402 11.364059
87420 11.753998
87440 12.144882
87460 12.646439
87480 12.993027
87500 13.435654
87519 14.076096
87538 14.420273
87558 14.710251
87580 15.380325
87598 16.115356
87618 17.026047
87639 18.321304
87656 18.984802
87676 18.455399
87696 16.947632
87717 14.57019
87736 11.83931
87757 9.994278
87775 9.640244
87796 10.376144
87817 11.4266205
87836 12.012283
87853 12.263992
87873 12.104172
87893 12.065262
87913 12.266083
87933 12.397461
87952 12.902649
87971 13.110626
87991 13.576004
88013 13.829773
88030 13.939926
88051 14.098236
88070 13.844147
88089 14.037201
88109 14.846146
88130 15.673019
88148 16.140198
88170 16.776459
88188 17.955902
88208 19.639923
88227 19.308014
88247 16.756699
88268 14.301758
88288 12.437546
88306 10.242676
88326 9.110504
88346 9.39093
88367 10.604797
88385 11.965012
88405 12.841888
88424 12.861038
88444 12.714096
88464 12.461502
88488 11.780945
88503 11.398483
88523 11.512207
88542 12.084137
88562 12.961899
88586 13.55806
88603 13.920471
88622 14.404999
88640 14.442108
88660 14.2846985
88681 14.853607
88700 15.409073
88735 15.658356
88740 16.669022
88759 17.323822
88778 16.534637
88810 14.875748
88821 13.069336
88840 10.859467
88857 9.322388
88877 9.441513
88903 10.450363
88916 11.071686
88937 11.10849
88956 11.04744
88976 10.501846
88995 9.573502
89019 9.141037
89037 9.23143
89054 9.732101
89073 10.553619
89093 11.221298
89115 11.611252
89148 12.313965
89160 12.561752
89172 12.451935
89192 12.492035
89211 12.784424
89232 13.134277
89251 13.371918
89271 14.648315
89290 17.404327
89309 19.157196
89329 17.15384
89349 14.556137
89370 13.056763
89388 10.99086
89408 9.143738
89427 8.409897
89449 9.865295
89472 10.724808
89486 11.117767
89508 11.235977
89527 11.028564
89546 10.755341
89566 10.386337
89586 10.415649
89605 10.360901
89625 10.903778
89645 11.625916
89664 12.095184
89684 12.106857
89703 12.157745
89724 12.349869
89743 12.446548
89762 12.45253
89783 12.950531
89810 14.571396
89822 16.884491
89841 17.499207
89860 17.15564
89880 16.11055
89902 14.317902
89921 9.945496
89939 7.148468
89959 6.7516327
89979 8.117218
89999 9.535187
90019 10.428513
90041 10.187607
90060 9.069824
90077 8.113632
90096 7.4357758
90117 7.2319794
90149 7.899948
90158 8.731033
90177 9.645035
90195 10.420456
90219 10.893005
90235 10.9292145
90254 11.08902
90274 11.914734
90294 13.159424
90313 14.059921
90341 14.342438
90356 15.531479
90372 18.176163
90392 19.173935
90412 18.063614
90434 15.854675
90452 13.359619
90477 10.887024
90491 9.54837
90510 9.1024475
90530 9.29007
90551 9.955673
90573 10.960358
90590 11.807892
90609 11.461929
90628 10.445297
90648 9.801239
90668 9.730621
90688 9.956558
90707 10.496155
90729 11.205139
90746 11.725281
90771 11.930893
90786 12.307373
90810 12.858948
90825 13.139374
90846 13.634659
90864 14.276901
90885 15.051422
90903 15.893295
90924 18.205795
90943 18.809433
90963 16.687561
90987 13.851334
91003 11.209045
91023 9.596237
91041 9.387344
91061 11.041138
91080 11.947937
91102 11.72348
91120 10.506638
91141 9.394241
91159 8.819321
91179 8.526337
91199 8.629288
91218 9.096436
91240 9.645325
91258 10.281265
91278 11.031845
91297 11.715408
91322 12.108658
91336 12.907425
91356 13.583786
91376 13.767838
91395 14.189209
91415 14.814697
91435 15.888794
91459 16.694153
91479 18.099564
91495 18.429352
91514 16.982056
91534 14.380753
91553 12.01799
91573 10.014923
91593 8.842957
91612 8.93544
91632 9.737198
91652 10.963623
91677 11.779755
91692 12.31218
91710 12.002716
91730 11.24855
91749 11.005524
91770 11.282364
91790 11.67981
91812 11.676498
91829 11.693558
91848 12.184082
91870 12.609055
91887 13.02504
91908 13.24202
91928 12.9804535
91947 12.882889
91967 13.38298
91987 14.794647
92010 16.66513
92026 19.891312
92045 20.69635
92065 17.860123
92088 13.805237
92105 10.543137
92124 9.027634
92144 9.872162
92163 11.355087
92182 12.205917
92203 12.3133545
92222 11.435577
92242 10.153198
92263 9.048264
92281 8.4991
92300 8.832504
92321 9.732422
92344 10.252853
92361 10.720322
92380 11.497833
92399 12.6024475
92419 13.611603
92439 14.164688
92458 14.331665
92481 14.599533
92498 14.891312
92517 15.322281
92542 16.889282
92558 19.15091
92577 21.478363
92596 20.367752
92616 17.225952
92635 13.845642
92655 11.271591
92677 10.204666
92698 10.184906
92714 10.588623
92733 10.7332
92755 11.273972
92777 11.361374
92793 11.023788
92812 10.685013
92832 10.566788
92852 10.545853
92872 10.866058
92893 11.442764
92915 12.105362
92934 12.661423
92950 13.130692
92972 13.3051605
92990 13.462891
93011 13.584976
93030 14.088959
93049 14.7560425
93068 15.567093
93089 16.362564
93108 17.812256
93127 20.284561
93148 20.184006
93166 17.448029
93186 13.229126
93206 9.675858
93230 8.387772
93245 9.360428
93265 11.181808
93284 12.340897
93305 12.07843
93328 10.544952
93345 9.610306
93363 9.247284
93383 9.377167
93404 9.628265
93428 9.985001
93444 10.537155
93462 11.30571
93482 11.832428
93501 12.43457
93522 12.921494
93541 13.286301
93563 13.565216
93580 13.825897
93599 13.928558
93619 14.582474
93640 15.660446
93660 17.281342
93679 19.23201
93698 18.901001
93717 16.700424
93737 14.051239
93757 11.872818
93777 10.860077
93796 10.93071
93816 12.01709
93835 13.076523
93856 12.934967
93875 11.659424
93894 10.171448
93914 9.125488
93934 8.713089
93954 8.907303
93975 9.618988
93997 9.998474
94014 10.6922
94032 11.666916
94053 12.198746
94074 12.537827
94092 12.758987
94113 12.965179
94131 13.397049
94150 14.220047
94170 15.224121
94190 16.07286
94210 16.772263
94229 18.335373
94250 18.93303
94270 18.056152
94288 14.874268
94308 11.655563
94328 9.933823
94348 10.312119
94367 11.656738
94387 12.19574
94408 12.020386
94427 10.895401
94446 9.596832
94466 8.646942
94485 8.108246
94508 8.1770935
94525 8.609222
94546 9.065323
94563 9.543274
94583 10.312103
94603 11.243164
94624 11.884811
94646 12.746414
94662 13.580795
94682 14.132965
94702 14.598328
94721 15.306717
94743 15.909454
94761 16.484375
94782 17.49231
94800 18.375183
94820 17.921783
94841 16.461914
94859 14.140732
94882 11.778839
94899 10.139114
94919 10.0451355
94938 10.772095
94957 11.393692
94978 11.955124
94996 12.193054
95016 11.745331
95036 10.789764
95057 9.72702
95076 9.5699005
95098 10.228912
95115 11.049225
95134 11.751022
95155 12.53064
95180 13.417984
95196 13.900406
95213 13.89444
95232 14.045258
95252 14.617493
95272 15.372864
95292 16.224884
95313 17.097565
95332 18.169266
95351 19.119476
95370 19.19191
95392 17.615906
95410 14.462463
95433 10.628738
95449 7.9265747
95469 7.6162415
95496 8.602951
95509 10.0876465
95528 10.96991
95548 11.241638
95567 10.370773
95587 9.267334
95607 8.739426
95626 8.652634
95647 9.208984
95666 9.818298
95685 10.353119
95705 11.064194
95726 11.926697
95749 12.485458
95764 12.7892
95784 12.952316
95803 13.057953
95830 13.805237
95843 15.216324
95866 17.098175
95882 18.981216
95902 21.219193
95922 21.419113
95943 19.728195
95961 16.914413
95980 13.538895
96000 10.192993
96020 8.611618
96039 8.75589
96059 9.907791
96083 11.09053
96099 11.596603
96118 11.297928
96138 10.148102
96165 9.223358
96177 8.886063
96197 9.178162
96216 9.682434
96237 10.449478
96257 11.05011
96276 11.8806
96296 13.156113
96317 14.200302
96335 15.076874
96354 15.67363
96374 16.177597
96394 16.982056
96415 18.292282
96437 19.779388
96453 20.734665
96472 19.891312
96498 17.342682
96513 14.188324
96532 10.995941
96552 8.272263
96571 7.4776764
96591 8.141464
96612 9.310135
96639 10.316895
96650 10.666458
96669 10.254349
96689 9.996063
96709 9.730621
96728 9.612991
96749 9.811417
96767 10.388428
96787 10.959152
96807 11.795624
96832 12.662903
96846 13.313858
96866 13.797165
96886 14.152115
96906 14.547455
96925 15.1026
96945 15.689499
96965 16.033646
96984 17.111359
97004 18.610123
97024 21.510391
97051 21.849777
97063 19.024323
97084 14.499268
97103 10.705673
97122 9.106323
97142 9.3164215
97174 10.556015
97185 12.45253
97201 13.594269
97221 13.800751
97240 13.110046
97260 12.292709
97280 11.566376
97300 10.894791
97319 10.913956
97338 11.423309
97358 11.932083
97379 12.461502
97397 12.774246
97418 13.227051
97441 13.508957
97456 13.832474
97478 14.482513
97504 15.819977
97516 17.792496
97537 20.551514
97555 22.924774
97575 22.887955
97594 20.531464
97614 17.331009
97635 14.293671
97653 11.651962
97673 10.436905
97692 10.243881
97713 11.343704
97732 12.37381
97752 12.341202
97771 11.62265
97791 10.69548
97811 10.627243
97835 10.59343
97851 10.405792
97870 10.652695
97889 11.261719
97909 11.785736
97929 12.15773
97948 12.76947
97970 13.329697
97987 13.767548
98008 14.379852
98027 15.524567
98048 16.481964
98073 16.769577
98086 17.106247
98105 16.979355
98125 17.754486
98148 19.439682
98173 18.394333
98185 15.622131
98204 11.968887
98224 9.580368
98244 9.528305
98264 10.187897
98283 11.36705
98303 11.218918
98322 11.628616
98342 11.575348
98364 10.610489
98382 9.101852
98402 9.714157
98421 9.813522
98440 10.625748
98460 11.718094
98480 12.227478
98508 12.800888
98523 13.635864
98539 14.375656
98558 14.873962
98578 16.223999
98598 18.866898
98619 20.213028
98639 17.915802
98658 15.7323
98676 16.948227
98701 16.964111
98716 14.754562
98736 12.189468
98756 9.793152
98775 8.504181
98794 8.7669525
98815 10.055618
98837 11.05249
98853 11.173431
98873 11.145599
98893 10.911865
98914 9.847031
98933 9.144333
98954 8.426086
98973 7.9316864
98992 7.705139
99011 7.72876
99032 8.417984
99051 9.64621
99072 11.087219
99090 12.5503845
99110 13.589172
99129 14.15361
99149 14.393036
99174 15.2022705
99188 16.527756
99208 17.594666
99227 18.704391
99248 20.437485
99267 19.642609
99287 15.946259
99306 14.498077
99326 14.3211975
99345 12.174805
99367 10.744553
99386 10.900787
99405 11.951248
99424 12.445953
99445 12.102661
99464 11.897659
99483 11.9027405
99509 11.487656
99524 11.506821
99542 11.727692
99561 11.602295
99582 11.88031
99605 12.177795
99623 12.523178
99641 13.024139
99660 13.478439
99680 13.884262
99700 14.554916
99721 14.836258
99740 15.782867
99759 17.90773
99778 19.141022
99800 19.241577
99818 18.664886
99851 15.562592
99857 11.609756
99878 8.5625305
99896 7.9241943
99919 9.207184
99937 10.358185
99956 11.215012
99976 11.606766
99994 11.513107
100015 10.832535
100034 10.343246
100054 10.386032
100073 10.25914
100093 10.034088
100113 10.313614
100133 10.742462
100157 10.948059
100172 11.2105255
100192 11.668716
100212 12.238861
100231 12.715897
100253 13.446411
100271 14.36969
100290 16.028564
100312 18.214172
100329 20.124146
100353 19.513336
100369 18.534393
100389 17.20021
100408 16.089905
100428 12.682068
100451 10.632645
100468 10.842728
100490 11.882111
100508 12.534531
100526 12.57373
100546 12.429474
100567 11.318573
100585 10.660767
100606 10.428223
100625 10.824768
100644 11.294327
100664 11.982071
100686 12.435471
100707 13.198624
100724 13.974045
100742 14.4591675
100762 14.947296
100782 15.173523
100802 15.510513
100822 16.183289
100841 16.925186
100861 17.260391
100880 18.388351
100900 19.731186
100920 19.204773
100940 17.126907
100959 13.498505
100979 10.094238
100999 8.504196
101019 9.238907
101040 11.032455
101059 12.212189
101077 12.17601
101097 11.018097
101122 10.4153595
101137 10.195694
101156 10.029587
101177 10.233093
101195 10.2013855
101215 10.442596
101235 11.310181
101258 11.736069
101276 11.900955
101294 12.642258
101314 13.552353
101335 14.310135
101359 14.650101
101374 14.806625
101392 15.302521
101412 16.637878
101432 18.476334
101463 20.684677
101473 20.597
101491 18.691223
101511 16.24823
101530 13.40152
101550 10.676926
101570 9.23053
101598 9.109314
101612 10.183411
101628 11.306885
101648 11.744736
101669 11.85817
101689 11.469406
101707 11.04921
101726 10.872345
101747 11.082733
101766 11.716904
101786 12.030228
101808 12.183472
101826 12.94902
101845 13.863312
101865 14.229919
101885 14.467545
101904 14.8736725
101924 15.354004
101947 16.116852
101963 16.78125
101982 17.505493
102003 18.214752
102022 18.67685
102042 17.546188
102061 15.172333
102081 11.923706
102100 9.188019
102122 8.277634
102144 9.325394
102164 10.743362
102179 11.034256
102199 10.729004
102219 10.022705
102238 9.439423
102258 9.139542
102278 9.055145
102297 9.634842
102317 9.916763
102337 10.282791
102365 10.719421
102378 11.185089
102396 11.902756
102415 12.851471
102435 13.720245
102454 14.670441
102475 15.49646
102494 16.3889
102514 16.929382
102534 17.563248
102554 18.903687
102577 20.094818
102594 19.346924
102612 18.080688
102632 15.8875885
102651 12.257996
102672 9.852417
102692 9.305344
102713 9.589966
102730 10.875336
102750 11.902756
102771 12.085907
102789 11.352097
102812 10.567078
102829 10.084961
102849 9.70488
102875 9.990982
102889 10.649094
102911 11.161453
102929 11.739044
102946 12.387573
102966 13.114227
102986 13.845352
103006 14.370285
103027 14.578278
103045 15.451874
103064 16.439468
103084 16.817764
103105 17.353455
103124 19.042847
103143 19.416656
103163 17.324112
103200 14.82399
103206 11.870712
103223 9.255356
103243 8.634979
103261 9.344559
103281 10.115799
103301 10.533279
103322 10.199875
103341 8.985107
103362 8.155228
103379 8.185455
103399 8.559265
103419 8.804367
103439 9.795563
103462 10.644287
103478 11.481689
103498 12.628784
103527 13.865402
103540 14.489716
103561 15.011932
103583 15.229507
103596 15.270523
103616 15.491669
103635 16.03125
103656 17.196655
103680 17.877777
103697 19.220627
103714 18.276718
103734 14.984085
103753 11.625015
103774 9.070419
103795 8.162704
103812 8.364746
103832 9.80365
103860 11.134811
103873 11.38501
103891 10.992065
103911 10.981888
103931 10.821472
103950 10.472229
103970 10.495865
103990 11.224014
104009 11.904556
104029 12.61145
104049 13.138763
104068 13.44072
104088 13.6185
104108 14.108414
104129 14.7955475
104148 15.436005
104166 16.246735
104189 17.21669
104207 18.392822
104226 19.290665
104246 17.763458
104265 15.117264
104287 12.187363
104307 8.931839
104324 6.5756683
104346 6.1826935
104364 7.060196
104383 8.524536
104402 9.885635
104423 10.4279175
104442 10.191193
104466 9.72403
104482 9.532196
104501 9.656403
104525 10.137619
104541 10.2139435
104560 10.704742
104580 11.4756775
104600 11.863861
104619 11.996429
104639 12.272354
104659 12.821228
104681 13.477539
104699 14.023712
104717 14.739578
104737 15.573364
104762 16.90065
104776 19.003952
104797 20.32077
104816 18.158813
104836 14.7087555
104862 12.0048065
104876 10.37915
104896 9.296356
104918 8.585007
104934 8.968048
104953 9.475327
104975 9.847641
104994 10.365372
105015 10.662872
105032 10.67543
105052 10.563202
105072 11.047424
105092 11.617538
105113 12.023346
105131 12.255905
105150 12.351959
105170 12.212799
105192 12.167618
105210 12.563858
105233 13.47995
105248 14.450195
105269 15.791229
105289 17.148453
105308 18.523636
105329 18.789368
105348 16.751007
105367 13.846252
105387 11.36615
105407 9.4897
105426 8.7834015
105447 9.7030945
105469 10.765518
105485 10.878632
105504 10.459351
105526 9.958069
105544 9.413681
105565 8.993805
105583 9.104538
105603 9.813507
105623 10.594025
105643 11.034256
105663 11.686981
105684 12.131989
105705 12.261307
105721 12.794601
105743 13.236633
105760 13.471268
105781 14.006058
105800 14.80452
105819 15.836426
105839 16.927002
105860 18.668777
105879 19.079376
105899 16.849167
105918 14.300537
105938 11.989548
105957 9.669846
105978 8.225571
105998 7.772156
106016 9.275711
106036 10.768799
106056 11.32547
106077 11.347595
106095 11.384705
106116 11.193787
106135 10.55632
106154 10.428833
106173 11.233887
106195 11.857864
106214 12.042526
106233 12.120331
106254 12.365143
106272 12.541092
106294 12.8146515
106317 13.169891
106332 13.642151
106352 14.484909
106370 15.2812805
106390 15.580856
106412 16.019592
106429 17.105072
106450 17.305573
106471 15.517395
106489 12.497421
106508 9.392731
106528 7.692566
106548 8.5616455
106567 10.489883
106587 11.427795
106607 11.183884
106628 10.633835
106647 10.469528
106670 10.068817
106686 9.629456
106705 9.48999
106725 9.975418
106746 10.887314
106765 11.539154
106784 11.750122
106803 12.230759
106823 12.581223
106844 13.001099
106862 13.310852
106883 13.932434
106902 14.853012
106922 15.622437
106941 16.268585
106962 16.878204
106983 18.641235
107002 18.108826
107019 15.801102
107042 12.803864
107059 10.288452
107080 8.48085
107100 8.195648
107119 9.716553
107138 10.633545
107157 10.77269
107178 11.16893
107197 11.402069
107217 11.093231
107236 10.588348
107256 10.204071
107276 10.61557
107301 11.515213
107318 11.966812
107335 12.633881
107354 12.9852295
107374 13.2222595
107395 13.338074
107415 13.568817
107441 14.237991
107455 14.689606
107472 15.584747
107492 16.833923
107512 18.351837
107533 19.205063
107552 18.04448
107571 15.694885
107592 13.106735
107610 9.975128
107630 7.8831787
107651 6.852478
107671 7.4701843
107689 8.752274
107709 10.0720825
107729 10.444687
107748 10.57605
107768 10.602707
107787 10.204086
107807 9.831467
107827 10.164261
107847 11.175522
107868 11.780655
107885 11.999435
107905 12.235855
107925 12.31665
107947 12.414825
107965 12.824829
107985 13.171387
108004 13.496094
108023 14.110794
108043 14.813812
108063 16.024384
108082 17.939438
108104 20.783447
108122 18.97673
108142 15.422226
108161 12.239731
108181 9.797943
108200 8.272842
108220 7.8071747
108239 8.1866455
108259 10.054123
108281 11.816574
108299 12.540817
108320 11.821945
108339 11.056107
108358 10.535065
108378 10.4461975
108398 10.901993
108417 11.2677
108437 11.974274
108457 12.386383
108477 12.126007
108497 12.206818
108516 12.917297
108540 13.4401245
108556 13.901321
108583 14.34903
108595 14.999039
108615 15.811279
108634 17.304367
108653 19.396606
108673 18.690613
108693 15.567978
108712 12.45163
108732 9.634232
108752 7.859848
108771 8.269562
108791 10.104721
108812 11.529251
108837 11.914124
108850 11.7552185
108870 11.562195
108889 10.7873535
108911 9.900604
108929 9.492691
108949 9.352936
108972 9.275711
108988 9.639343
109007 10.57457
109028 11.001923
109049 11.52359
109068 12.282547
109087 13.026855
109107 13.8624115
109125 14.51004
109146 14.894913
109166 15.529373
109184 16.905441
109204 18.810043
109234 18.590958
109245 15.706848
109264 13.319824
109286 10.841812
109306 9.359512
109322 9.646805
109342 10.667648
109363 11.547821
109383 11.906937
109405 11.847397
109421 11.834824
109440 11.239563
109460 10.301941
109481 9.860809
109503 10.503647
109520 10.821793
109540 11.46611
109559 12.299896
109579 12.496506
109601 12.61084
109621 13.078629
109637 13.133972
109657 13.172592
109676 13.26326
109697 13.259384
109716 13.426971
109735 13.744797
109756 14.089264
109775 15.961548
109797 17.062256
109815 16.357452
109834 13.121399
109854 9.968842
109874 9.016525
109895 10.689194
109913 12.45491
109936 13.488617
109952 12.919388
109972 11.551392
109992 10.731689
110011 9.642929
110031 8.9770355
110053 8.851639
110070 9.216751
110090 9.635147
110109 9.755753
110130 9.94252
110157 9.9449005
110168 9.920654
110187 10.090942
110215 10.679321
110228 11.547531
110247 12.487244
110268 13.050781
110287 13.6927185
110306 14.663269
110326 15.936371
110347 17.565628
110366 17.243317
110387 16.03453
110405 15.079849
110425 13.804352
110444 10.217529
110464 8.544891
110484 9.234711
110503 11.08873
110523 12.080231
110551 11.873413
110562 11.229385
110585 10.743668
110604 10.612579
110621 10.292053
110643 9.88443
110670 9.974823
110680 10.087051
110701 10.207672
110720 10.374374
110739 10.711929
110759 11.019882
110778 11.371521
110798 11.875824
110820 12.253799
110838 12.898148
110862 13.651123
110887 14.232025
110897 14.834763
110918 16.5065
110939 18.244705
110956 18.523315
110975 17.623093
110995 14.90239
111015 10.878342
111037 7.096985
111054 5.3905334
111074 6.164459
111093 8.213287
111113 10.198685
111133 10.544647
111153 10.468643
111174 10.883423
111192 10.88942
111229 10.393204
111232 10.371384
111253 10.364487
111271 10.362381
111291 10.447678
111309 10.623062
111330 10.323486
111349 10.030502
111369 9.9479065
111389 10.430923
111408 10.863968
111428 11.027985
111448 11.0902405
111467 11.004639
111488 11.420929
111509 12.635681
111527 13.425461
111553 13.575699
111566 14.840439
111587 16.574448
111605 16.783035
111625 15.4952545
111644 14.177246
111664 12.404327
111683 10.520111
111704 9.304749
111724 9.895203
111743 10.666153
111763 11.295242
111782 11.880005
111804 11.78215
111822 11.282059
111842 10.346527
111863 8.647842
111880 7.653351
111900 7.4615173
111922 7.7009277
111940 8.116913
111960 9.011459
111979 10.030197
111998 10.673935
112019 11.117462
112041 11.743835
112058 11.97937
112077 12.5216675
112097 13.068741
112116 13.567917
112138 14.644424
112161 16.403244
112175 17.340881
112195 16.986557
112216 16.015686
112234 13.971649
112255 11.60556
112275 9.427139
112294 9.05336
112313 9.954468
112333 10.669739
112355 10.6515045
112374 10.380341
112394 9.1940155
112412 8.206085
112431 8.089081
112451 8.720856
112472 8.625397
112491 8.582581
112511 8.229462
112530 8.464066
112556 9.571991
112570 10.678421
112589 11.401474
112609 12.184967
112628 13.4401245
112648 15.317184
112667 15.937576
112688 15.685593
112707 15.658966
112727 14.844635
112746 11.528961
112766 7.9894257
112793 6.08963
112805 5.7188263
112828 6.109375
112845 6.9335785
112864 8.298584
112885 10.188812
112904 12.6805725
112924 14.759644
112946 15.056534
112963 14.003952
112983 13.483826
113002 12.982544
113023 12.954712
113046 13.457489
113062 13.851929
113081 13.723862
113100 13.276733
113120 12.337906
113141 11.303909
113160 10.550034
113179 9.879349
113199 9.58577
113220 9.286499
113239 9.423553
113258 9.999359
113278 10.233704
113297 12.024857
113317 14.069519
113336 14.912872
113357 13.869278
113376 11.9769745
113395 11.294022
113415 11.225494
113435 11.865341
113460 12.7799225
113474 12.556366
113495 12.151428
113514 11.537933
113533 10.992065
113553 10.505447
113574 10.312408
113593 10.984268
113614 10.670044
113632 9.562134
113651 9.324799
113671 9.662384
113695 10.461731
113711 10.641617
113731 10.144226
113750 8.710083
113769 8.437439
113791 8.767563
113809 9.179352
113830 8.943222
113848 9.776108
113868 10.279785
113890 10.440811
113908 10.432999
113928 10.294754
113946 10.665543
113966 10.649979
113986 9.762939
114008 10.090347
114026 10.945969
114046 10.545227
114066 8.505386
114085 8.363525
114106 7.262192
114124 6.5062256
114144 10.090942
114165 9.789566
114183 9.674652
114203 10.43959
114223 10.283981
114242 10.011642
114262 10.765518
114282 12.149963
114301 13.038208
114321 11.596283
114346 12.141586
114360 13.963852
114386 15.665543
114400 14.729095
114418 12.634186
114438 11.572647
114459 12.362747
114479 13.429062
114501 13.784302
114517 12.819733
114537 11.409256
114558 9.9574585
114578 10.589539
114598 10.064011
114616 8.75827
114635 8.26297
114655 8.366821
114678 7.334915
114697 8.487732
114715 10.658066
114734 12.127502
114753 13.521225
114776 14.309235
114798 13.458389
114815 11.733658
114832 10.08165
114852 8.866608
114871 7.964279
114896 7.874817
114911 9.2451935
114931 11.028275
114950 12.538712
114973 13.072006
114989 12.361252
115011 11.93927
115030 11.922211
115049 12.543198
115068 13.904602
115088 13.756775
115110 12.862534
115127 15.627838
115148 14.980789
115167 14.850616
115186 14.443008
115206 11.85994
115226 9.596848
115248 7.53125
115266 10.26123
115284 12.119125
115305 10.233688
115326 8.544891
115344 13.189926
115365 11.822845
115385 12.7892
115403 16.881195
115422 13.85672
115448 12.967865
115466 11.522079
115482 12.143677
115508 13.432053
115521 12.064362
115543 10.707764
115561 12.333405
115582 9.935318
115600 9.235321
115621 7.1586456
115638 9.44809
115660 25.210022
115680 11.352997
115699 15.699356
115717 12.060776
115737 12.2256775
115757 10.242065
115777 12.450424
115798 14.637833
115816 14.289459
115835 12.508484
115855 9.339172
115875 9.7435
115896 8.905518
115916 14.780884
115936 18.880966
115954 5.191208
115973 7.621933
115993 15.067276
116013 8.613434
116032 7.170624
116052 10.7332
116072 2.4896545
116092 11.718414
116112 10.101715
116132 8.924667
116152 9.898209
116173 8.913879
116189 9.56543
116210 9.107834
116230 9.651611
116249 9.322998
116269 9.649216
116289 9.345154
116308 9.3954315
116329 9.297867
116349 9.396622
116368 9.372986
116387 9.485214
116406 9.438232
116427 9.497482
116448 9.391556
116468 9.450195
116485 9.385254
116505 9.434326
116525 9.416672
116545 9.443008
116564 9.389755
116584 9.364624
116603 9.337662
116623 9.36879
116642 9.394531
116663 9.456467
116683 9.35173
116702 9.520813
116721 9.315811
116742 9.554062
116762 9.402023
116780 9.533981
116802 9.361008
116820 9.406799
116840 9.303864
116859 9.394821
116878 9.450195
116899 9.405914
116920 9.42926
116938 9.418762
116957 9.511856
116983 9.447205
116997 9.513931
117017 9.362198
117036 9.374466
117056 9.317932
117076 9.441818
117095 9.434326
117121 9.512146
117136 9.440323
117154 9.426559
117174 9.320908
117194 9.367905
117214 9.445709
117234 9.455872
117253 9.4478
117272 9.388855
117292 9.377167
117313 9.395721
117332 9.42955
117351 9.456772
117370 9.472046
117390 9.394531
117410 9.382858
117431 9.393631
117456 9.439713
117472 9.452881
117489 9.461868
117508 9.418182
117530 9.416382
117550 9.421768
117568 9.43222
117592 9.395126
117607 9.4077
117626 9.393936
117649 9.419678
117667 9.419067
117686 9.446014
117705 9.438522
117725 9.400513
117744 9.402893
117764 9.418182
117787 9.416077
117805 9.42894
117823 9.42984
117843 9.460358
117868 9.436722
117883 9.940109
117903 10.510223
117950 9.165604
117950 8.424576
117961 7.8855896
117981 12.897842
118005 8.188156
118020 10.316895
118213 9.050964
118213 9.592651
118213 9.386154
118213 9.510956
118213 9.375381
118213 9.50946
118213 9.387039
118213 9.494492
118213 9.417267
118221 9.483124
118239 9.425964
118256 9.442413
118275 9.428955
