466 -0.7661445 6.5122285 7.086837
468 -0.8810662 6.5505357 7.086837
469 -0.7278373 6.5505357 6.933608
471 -0.6512229 6.435614 6.7803793
472 -0.5363012 6.3589997 6.7803793
473 -0.5746084 6.435614 7.1251445
474 -0.5746084 6.3206925 7.3166804
475 -0.5363012 6.397307 7.240066
476 -0.49799395 6.4739213 7.1251445
476 -0.49799395 6.5505357 6.7803793
477 -0.5746084 6.588843 6.6271505
478 -0.61291564 6.588843 6.742072
478 -0.80445176 6.5505357 7.0485296
479 -0.80445176 6.4739213 7.3166804
480 -0.6895301 6.4739213 6.9719152
482 -0.45968673 6.4739213 6.933608
767 -0.45968673 6.435614 6.933608
768 -0.5363012 6.5505357 6.895301
768 -0.6512229 6.5505357 6.895301
769 -0.61291564 6.435614 6.8186865
769 -0.5746084 6.4739213 7.0102224
769 -0.6895301 6.4739213 6.933608
770 -0.6512229 6.435614 7.1251445
770 -0.6512229 6.5122285 6.895301
770 -0.80445176 6.5505357 6.9719152
771 -0.7278373 6.5505357 7.0485296
771 -0.61291564 6.435614 7.1634517
771 -0.45968673 6.5122285 6.9719152
772 -0.45968673 6.5505357 6.8186865
772 -0.61291564 6.3589997 6.9719152
908 -0.5363012 6.6271505 7.0102224
909 -0.7278373 6.4739213 7.0485296
910 -0.61291564 6.5122285 6.8569937
910 -0.7278373 6.5122285 6.7803793
910 -0.45968673 6.4739213 6.933608
910 -0.5363012 6.435614 6.895301
911 -0.5363012 6.5122285 7.0485296
928 -0.49799395 6.5122285 6.933608
943 -0.34476504 6.5122285 6.895301
986 -0.30645782 6.5122285 6.742072
986 -0.30645782 6.4739213 6.7803793
1027 -0.49799395 6.5505357 7.1634517
1027 -0.4213795 6.4739213 7.0485296
1051 -0.38307226 6.397307 7.0102224
1062 -0.30645782 6.5505357 6.9719152
1081 -0.2681506 6.588843 6.8569937
1100 -0.30645782 6.5505357 6.742072
1120 -0.45968673 6.5122285 6.933608
1140 -0.61291564 6.588843 6.8569937
1160 -0.6895301 6.435614 7.086837
1181 -0.49799395 6.435614 7.0102224
1200 -0.45968673 6.3589997 6.8186865
1220 -0.38307226 6.3206925 6.588843
1240 -0.5746084 6.4739213 7.0485296
1260 -0.8810662 6.397307 7.431602
1282 -0.6512229 6.397307 7.469909
1300 -0.49799395 6.205771 7.1634517
1320 -0.38307226 6.244078 7.201759
1340 -0.38307226 6.205771 7.1634517
1360 -0.6895301 6.3589997 7.3549876
1380 -0.9959879 6.3589997 7.6231384
1400 -0.6895301 6.205771 7.699753
1420 -0.45968673 6.205771 7.469909
1440 -0.4213795 6.244078 7.1634517
1460 -0.38307226 6.2823853 7.0485296
1480 -0.5746084 6.205771 7.086837
1500 -0.6512229 6.167464 7.086837
1520 -0.842759 6.244078 7.431602
1540 -0.80445176 6.3206925 7.5465236
1560 -0.80445176 6.244078 7.393295
1580 -0.61291564 6.244078 7.1634517
1600 -0.61291564 6.090849 7.201759
1620 -0.49799395 6.129156 7.201759
1640 -0.38307226 6.205771 7.1634517
1660 -0.80445176 6.167464 7.3166804
1680 -0.80445176 6.167464 7.5848308
1700 -0.5363012 6.205771 7.3549876
1720 -0.38307226 6.2823853 7.0485296
1740 -0.34476504 6.244078 6.933608
1760 -0.5746084 6.244078 7.240066
1780 -0.7278373 6.2823853 7.5082164
1801 -0.61291564 6.167464 7.3166804
1820 -0.49799395 6.244078 7.1251445
1840 -0.38307226 6.3206925 7.201759
1860 -0.45968673 6.244078 7.2783732
1880 -0.45968673 6.3206925 7.0102224
1902 -0.4213795 6.205771 6.8569937
1920 -0.38307226 6.244078 6.895301
1940 -0.19153613 6.244078 6.895301
1960 -0.19153613 6.2823853 6.8186865
1980 -0.30645782 6.244078 7.0485296
2000 -0.45968673 6.167464 7.6231384
2020 -0.49799395 5.899313 7.8529816
2040 -0.34476504 5.8226986 8.159439
2060 -0.19153613 5.707777 8.082825
2080 0.0 5.861006 7.6231384
2100 0.038307227 5.93762 7.431602
2120 0.038307227 6.0142345 7.469909
2140 0.038307227 5.93762 7.393295
2160 -0.11492168 6.0525417 7.393295
2180 -0.22984336 6.0525417 7.5465236
2200 -0.038307227 5.93762 7.6231384
2221 0.038307227 5.8226986 7.776367
2240 -0.11492168 6.090849 7.699753
2260 -0.30645782 6.090849 7.5848308
2280 -0.2681506 6.0525417 7.469909
2300 -0.15322891 5.93762 7.3166804
2332 -0.2681506 6.0525417 7.3549876
2340 -0.30645782 6.0525417 7.3549876
2360 -0.076614454 5.9759274 7.1634517
2380 0.076614454 5.93762 7.201759
2400 0.34476504 5.899313 7.776367
2423 0.6512229 5.8226986 8.695741
2440 0.6512229 5.8226986 9.346964
2460 -0.11492168 6.0142345 9.423578
2480 -0.11492168 6.244078 9.078813
2500 -0.11492168 6.129156 8.465898
2520 -0.49799395 6.0525417 8.00621
2540 -0.5746084 6.0142345 8.0445175
2560 -0.8810662 5.9759274 7.0485296
2580 -0.30645782 5.899313 5.861006
2600 -0.11492168 6.090849 5.2480903
2620 0.4213795 6.0142345 5.2480903
2641 0.6512229 5.746084 6.244078
2660 0.5746084 5.439626 7.086837
2680 0.30645782 5.592855 7.469909
2700 0.22984336 5.746084 7.8529816
2720 0.4213795 5.707777 8.6574335
2742 0.7278373 5.66947 8.734048
2760 1.0342951 5.631162 8.389283
2780 1.4556746 5.363012 8.236053
2800 1.2258313 5.554548 8.6574335
2820 1.340753 5.631162 9.002198
2842 1.6472107 5.592855 8.734048
2860 1.2641385 5.7843914 8.274361
2880 1.4173675 5.9759274 7.73806
2900 1.3790601 5.899313 7.5848308
2920 0.91937345 6.0142345 7.5848308
2943 0.7278373 5.899313 7.8529816
2960 0.7661445 5.8226986 7.776367
2980 0.80445176 6.0142345 7.1634517
3000 0.8810662 6.129156 6.5505357
3020 0.80445176 6.129156 6.205771
3040 0.842759 5.9759274 6.6271505
3061 0.9576807 6.0142345 7.393295
3080 0.45968673 6.0142345 7.8529816
3100 0.22984336 6.090849 7.5465236
3120 0.45968673 6.0525417 6.742072
3140 0.5363012 6.244078 6.0525417
3161 0.34476504 6.205771 6.129156
3180 0.34476504 5.9759274 6.933608
3200 0.19153613 5.899313 7.8529816
3220 0.2681506 5.9759274 7.776367
3240 0.45968673 6.129156 7.2783732
3261 0.19153613 6.090849 6.703765
3280 0.34476504 6.7803793 6.5505357
3300 0.19153613 6.397307 6.397307
3320 0.49799395 6.244078 6.742072
3340 0.6895301 6.3589997 7.1251445
3363 0.15322891 6.244078 9.270349
3380 0.38307226 5.7843914 9.270349
3400 1.2641385 6.0142345 7.3166804
3420 0.91937345 6.3589997 5.9759274
3440 0.19153613 6.7803793 5.746084
3462 -1.3024458 6.8569937 5.861006
3480 -0.4213795 6.2823853 7.8146744
3500 1.2641385 6.129156 8.848969
3520 1.6089035 5.707777 8.580819
3540 2.681506 5.707777 7.776367
3560 3.5625722 5.592855 7.1251445
3580 0.5363012 5.746084 9.346964
3600 1.340753 5.861006 8.274361
3620 0.61291564 6.6271505 7.3166804
3640 -0.9576807 7.2783732 7.1634517
3661 -1.1492168 7.3549876 8.0445175
3681 0.45968673 6.0142345 8.465898
3700 2.2218192 5.631162 9.040505
3720 2.2218192 5.592855 8.0445175
3740 1.4939818 5.7843914 7.6614456
3760 2.2601264 5.746084 7.6231384
3781 2.030283 6.205771 7.967903
3800 1.9153614 5.899313 8.0445175
3820 1.3024458 5.631162 8.00621
3840 0.11492168 5.861006 8.121132
3860 -0.038307227 5.209783 8.121132
3882 -0.19153613 5.2480903 7.8912888
3900 0.34476504 5.209783 7.699753
3920 0.6512229 5.899313 7.6614456
3940 1.340753 4.8267107 6.895301
3960 0.038307227 6.090849 6.129156
3982 0.49799395 5.746084 5.631162
4000 0.4213795 5.401319 4.673482
4020 0.15322891 5.4779334 5.133168
4040 0.5363012 5.7843914 5.554548
4060 0.15322891 6.090849 6.4739213
4080 -0.38307226 6.129156 6.6654577
4100 -0.9576807 6.244078 7.0102224
4120 -1.2641385 6.167464 7.699753
4140 -1.3790601 6.090849 8.159439
4160 -1.4173675 6.3206925 8.350976
4180 -1.532289 6.933608 8.42759
4201 -1.3790601 6.6271505 8.197746
4220 -0.80445176 7.1251445 7.929596
4240 -0.6895301 7.201759 7.5465236
4260 -0.842759 7.1251445 7.2783732
4280 -1.2258313 6.8569937 7.1251445
4301 -0.9576807 6.6271505 7.1251445
4320 -0.15322891 6.3589997 7.1634517
4340 -0.076614454 6.205771 7.5465236
4360 -0.2681506 5.93762 7.201759
4380 0.076614454 5.899313 6.742072
4401 -0.15322891 6.129156 6.205771
4420 -0.5363012 5.5162406 6.2823853
4440 -0.2681506 6.2823853 7.1251445
4460 -0.5363012 6.0142345 7.1634517
4480 -0.2681506 5.899313 7.0102224
4502 -0.5363012 6.0525417 6.4739213
4520 -1.0342951 6.244078 6.435614
4540 -1.532289 6.397307 6.4739213
4560 -1.2641385 6.4739213 6.588843
4581 -0.80445176 6.5122285 6.8569937
4604 -0.45968673 6.129156 6.933608
4620 -0.5363012 6.435614 6.5505357
4640 -0.9959879 6.167464 6.167464
4660 -1.0726024 6.244078 6.2823853
4680 -1.0342951 6.3589997 6.742072
4700 -1.8770541 6.3589997 6.0142345
4720 -2.336741 6.5122285 5.8226986
4740 -2.9496565 6.3589997 6.167464
4760 -2.834735 6.3589997 6.3589997
4780 -3.4859576 6.3206925 6.435614
4800 -3.9073372 5.7843914 6.895301
4821 -4.2521024 5.554548 7.1634517
4840 -4.865018 5.707777 7.6231384
4860 -5.2863975 5.746084 7.5848308
4880 -4.711789 5.2863975 7.0485296
4900 -5.401319 5.056554 6.205771
4921 -5.4779334 4.9416323 5.8226986
4940 -5.3247046 4.6351743 5.592855
4960 -6.129156 4.673482 5.209783
4980 -6.703765 4.55856 4.55856
5000 -7.6614456 4.2521024 3.86903
5023 -7.8146744 4.6351743 4.213795
5040 -7.431602 3.9839516 4.7500963
5060 -7.240066 3.4859576 4.55856
5080 -7.3549876 3.3327289 4.175488
5100 -7.5848308 3.2561142 3.5625722
5120 -7.73806 3.064578 3.5625722
5140 -7.8146744 2.7964275 3.4476504
5160 -8.274361 2.4516625 3.1411927
5180 -8.082825 2.3750482 2.4899697
5200 -7.5082164 2.1452048 2.9496565
5220 -7.5082164 2.030283 2.873042
5240 -7.967903 1.7238252 2.6048915
5260 -8.197746 1.4173675 2.4133554
5280 -7.8146744 0.8810662 1.9153614
5300 -8.734048 1.1109096 1.8004397
5320 -9.691729 1.0726024 1.5705963
5342 -9.232041 0.7278373 1.6089035
5360 -8.848969 0.30645782 1.9536686
5381 -9.270349 0.11492168 2.2601264
5400 -9.5385 0.34476504 2.4899697
5441 -9.730036 0.45968673 2.2601264
6088 -9.155427 0.0 0.91937345
6089 -9.193734 0.11492168 0.842759
6089 -9.346964 0.0 0.7661445
6089 -9.461885 0.076614454 0.842759
6089 -9.423578 0.0 0.8810662
6089 -9.500193 -0.038307227 0.80445176
6089 -9.461885 -0.19153613 0.5746084
6089 -9.615114 -0.11492168 0.30645782
6090 -9.576807 -0.11492168 0.22984336
6090 -9.423578 -0.19153613 0.45968673
6090 -9.500193 -0.15322891 0.38307226
6090 -9.615114 -0.19153613 0.34476504
6090 -9.500193 -0.19153613 0.11492168
6090 -9.500193 -0.11492168 0.038307227
6090 -9.423578 -0.22984336 0.076614454
6090 -9.270349 -0.19153613 0.11492168
6090 -9.385271 -0.15322891 0.19153613
6357 -9.461885 -0.15322891 0.22984336
6357 -9.423578 -0.15322891 0.34476504
6357 -9.461885 -0.19153613 0.15322891
6358 -9.423578 -0.2681506 0.2681506
6358 -9.385271 -0.22984336 0.38307226
6358 -9.576807 -0.15322891 0.4213795
6358 -9.423578 -0.19153613 0.19153613
6358 -9.500193 -0.038307227 0.22984336
6358 -9.615114 -0.11492168 0.30645782
6358 -9.423578 -0.076614454 0.2681506
6358 -9.5385 -0.11492168 -0.076614454
6358 -9.308656 -0.19153613 0.076614454
6358 -9.270349 -0.19153613 0.19153613
6370 -9.500193 -0.19153613 -0.19153613
6460 -9.5385 -0.11492168 -0.11492168
6460 -9.500193 -0.19153613 0.038307227
6460 -9.385271 -0.22984336 0.038307227
6460 -9.385271 -0.11492168 -0.19153613
6461 -9.385271 -0.22984336 -0.15322891
6493 -9.423578 -0.15322891 -0.076614454
6511 -9.500193 -0.15322891 -0.038307227
6555 -9.5385 -0.15322891 -0.11492168
6555 -9.461885 -0.19153613 -0.076614454
6588 -9.423578 -0.038307227 -0.076614454
6589 -9.461885 -0.15322891 -0.22984336
6604 -9.385271 -0.11492168 -0.038307227
6621 -9.500193 -0.19153613 -0.22984336
6640 -9.500193 -0.22984336 -0.2681506
6660 -9.500193 -0.19153613 -0.15322891
6681 -9.423578 -0.15322891 -0.15322891
6700 -9.500193 -0.22984336 -0.15322891
6720 -9.653421 -0.22984336 -0.45968673
6740 -9.576807 -0.30645782 -0.38307226
6760 -9.576807 -0.30645782 -0.30645782
6781 -9.385271 -0.38307226 -0.4213795
6800 -9.461885 -0.38307226 -0.2681506
6820 -9.461885 -0.2681506 -0.19153613
6840 -9.385271 -0.30645782 -0.30645782
6860 -9.346964 -0.30645782 -0.2681506
6880 -9.385271 -0.2681506 -0.22984336
6900 -9.346964 -0.2681506 -0.2681506
6920 -9.346964 -0.30645782 -0.2681506
6940 -9.423578 -0.38307226 -0.34476504
6960 -9.576807 -0.38307226 -0.30645782
6980 -9.461885 -0.38307226 -0.22984336
7000 -9.461885 -0.2681506 -0.30645782
7020 -9.423578 -0.30645782 -0.22984336
7040 -9.423578 -0.2681506 -0.2681506
7060 -9.5385 -0.34476504 -0.15322891
7080 -9.423578 -0.2681506 -0.19153613
7100 -9.423578 -0.2681506 -0.38307226
7120 -9.500193 -0.22984336 -0.22984336
7140 -9.615114 -0.2681506 -0.22984336
7160 -9.346964 -0.15322891 -0.19153613
7180 -9.461885 -0.076614454 -0.038307227
7200 -9.500193 -0.076614454 -0.076614454
7220 -9.423578 -0.19153613 0.038307227
7240 -9.423578 -0.22984336 0.11492168
7260 -9.461885 -0.30645782 -0.11492168
7280 -9.385271 -0.30645782 -0.11492168
7301 -9.423578 -0.30645782 -0.038307227
7320 -9.308656 -0.19153613 0.038307227
7340 -9.461885 -0.11492168 0.15322891
7360 -9.461885 -0.2681506 0.038307227
7380 -9.5385 -0.2681506 0.0
7400 -9.5385 -0.22984336 -0.038307227
7420 -9.461885 -0.2681506 0.076614454
7440 -9.5385 -0.34476504 0.038307227
7460 -9.500193 -0.34476504 0.038307227
7480 -9.461885 -0.38307226 0.038307227
7500 -9.576807 -0.34476504 -0.11492168
7520 -9.500193 -0.38307226 -0.038307227
7540 -9.576807 -0.4213795 -0.038307227
7560 -9.5385 -0.38307226 0.0
7580 -9.461885 -0.45968673 0.038307227
7600 -9.461885 -0.30645782 0.076614454
7620 -9.461885 -0.30645782 0.038307227
7640 -9.308656 -0.34476504 -0.15322891
7660 -9.308656 -0.2681506 -0.19153613
7680 -9.270349 -0.34476504 -0.30645782
7700 -9.346964 -0.4213795 -0.19153613
7720 -9.385271 -0.45968673 -0.038307227
7740 -9.461885 -0.34476504 -0.38307226
7760 -9.500193 -0.34476504 -0.2681506
7780 -9.423578 -0.38307226 -0.4213795
7800 -9.461885 -0.34476504 -0.2681506
7821 -9.308656 -0.2681506 0.038307227
7840 -9.385271 -0.34476504 -0.19153613
7860 -9.385271 -0.45968673 -0.45968673
7880 -9.308656 -0.34476504 -0.4213795
7900 -9.423578 -0.30645782 -0.45968673
7945 -9.461885 -0.38307226 -0.30645782
7945 -9.5385 -0.38307226 -0.38307226
7960 -9.5385 -0.22984336 -0.19153613
7980 -9.576807 -0.2681506 -0.2681506
8000 -9.576807 -0.38307226 -0.19153613
8020 -9.653421 -0.5363012 -0.15322891
8040 -9.768343 -0.38307226 -0.11492168
8060 -9.80665 -0.15322891 0.038307227
8080 -9.768343 -0.19153613 0.038307227
8100 -9.730036 -0.19153613 -0.19153613
8120 -9.730036 -0.45968673 -0.11492168
8141 -9.615114 -0.30645782 0.11492168
8160 -9.232041 -0.30645782 0.34476504
8180 -8.465898 -0.30645782 0.22984336
8200 -8.121132 -0.5746084 0.5363012
8220 -9.078813 -0.45968673 0.2681506
8241 -9.615114 -0.22984336 -0.15322891
8260 -9.883265 -0.2681506 -0.49799395
8280 -9.844957 -0.45968673 -0.7278373
8300 -9.615114 -0.49799395 -0.5746084
8320 -9.155427 -0.5363012 -0.49799395
8342 -9.193734 -0.38307226 -0.38307226
8360 -9.232041 -0.30645782 -0.45968673
8380 -9.5385 -0.19153613 -0.2681506
8400 -9.730036 -0.038307227 -0.45968673
8420 -9.346964 0.11492168 -0.45968673
8440 -9.040505 0.0 -0.19153613
8460 -8.6574335 0.11492168 0.34476504
8480 -8.963891 0.15322891 0.30645782
8500 -9.308656 0.15322891 0.0
8520 -9.5385 0.34476504 -0.4213795
8540 -9.653421 0.2681506 -0.5746084
8560 -9.5385 0.15322891 -0.11492168
8580 -9.423578 0.2681506 0.2681506
8600 -9.308656 0.22984336 0.38307226
8620 -9.423578 0.30645782 0.34476504
8640 -9.576807 0.2681506 -0.038307227
8660 -10.113108 0.34476504 0.11492168
8680 -10.342952 0.11492168 0.11492168
8700 -10.151415 0.11492168 0.15322891
8720 -9.921572 0.0 0.076614454
8740 -9.423578 -0.11492168 0.076614454
8761 -9.423578 -0.22984336 -0.11492168
8780 -9.5385 -0.19153613 -0.4213795
8800 -9.653421 -0.15322891 -0.5363012
8820 -9.768343 -0.11492168 -0.7661445
8840 -9.768343 -0.22984336 -0.80445176
8862 -9.576807 -0.22984336 -0.6512229
8880 -9.461885 -0.19153613 -0.4213795
8900 -9.308656 -0.22984336 -0.38307226
8920 -9.423578 0.076614454 -0.49799395
8940 -9.385271 0.038307227 -0.4213795
8960 -9.423578 0.11492168 -0.6512229
8980 -9.385271 0.11492168 -0.5746084
9000 -9.346964 0.038307227 -0.45968673
9020 -9.308656 0.15322891 -0.22984336
9040 -9.346964 -0.076614454 -0.22984336
9060 -9.461885 0.11492168 -0.30645782
9080 -9.385271 0.19153613 -0.4213795
9100 -9.423578 0.11492168 -0.49799395
9120 -9.500193 0.038307227 -0.49799395
9140 -9.5385 -0.038307227 -0.34476504
9160 -9.5385 -0.11492168 -0.34476504
9180 -9.500193 -0.15322891 -0.49799395
9200 -9.346964 -0.11492168 -0.5746084
9220 -9.346964 -0.11492168 -0.7278373
9240 -9.423578 -0.11492168 -0.842759
9260 -9.385271 -0.15322891 -0.5746084
9281 -9.346964 -0.19153613 -0.5363012
9300 -9.270349 -0.15322891 -0.49799395
9320 -9.155427 -0.19153613 -0.49799395
9340 -9.193734 0.038307227 -0.5746084
9360 -9.423578 0.15322891 -0.7661445
9381 -9.461885 0.11492168 -0.6512229
9400 -9.461885 -0.038307227 -0.6895301
9420 -9.615114 -0.038307227 -0.6895301
9440 -9.461885 -0.11492168 -0.5746084
9460 -9.500193 -0.19153613 -0.38307226
9480 -9.5385 -0.15322891 -0.30645782
9500 -9.385271 -0.19153613 -0.4213795
9520 -9.346964 -0.22984336 -0.5363012
9540 -9.461885 -0.22984336 -0.61291564
9560 -9.576807 -0.2681506 -0.6512229
9580 -9.730036 -0.22984336 -0.7278373
9600 -9.576807 -0.30645782 -0.7661445
9620 -9.385271 -0.30645782 -0.80445176
9640 -9.193734 -0.34476504 -0.5363012
9660 -9.11712 -0.30645782 -0.34476504
9680 -9.423578 -0.19153613 -0.34476504
9700 -9.500193 -0.22984336 -0.49799395
9720 -9.5385 -0.22984336 -0.6895301
9740 -9.423578 -0.22984336 -0.5746084
9760 -9.461885 -0.30645782 -0.38307226
9780 -9.461885 -0.30645782 -0.30645782
9800 -9.461885 -0.2681506 -0.38307226
9820 -9.500193 -0.19153613 -0.49799395
9840 -9.461885 -0.15322891 -0.5746084
9860 -9.576807 -0.22984336 -0.7278373
9880 -9.653421 -0.22984336 -0.6512229
9901 -9.615114 -0.22984336 -0.7661445
9920 -9.576807 -0.15322891 -0.7278373
9940 -9.423578 -0.22984336 -0.61291564
9960 -9.5385 -0.15322891 -0.5363012
9980 -9.461885 -0.15322891 -0.5363012
10000 -9.423578 -0.19153613 -0.5746084
10020 -9.576807 -0.19153613 -0.49799395
10040 -9.385271 -0.19153613 -0.45968673
10060 -9.500193 -0.22984336 -0.4213795
10080 -9.5385 -0.22984336 -0.49799395
10100 -9.653421 -0.2681506 -0.5363012
10120 -9.576807 -0.34476504 -0.49799395
10140 -9.461885 -0.34476504 -0.45968673
10160 -9.385271 -0.30645782 -0.38307226
10180 -9.423578 -0.30645782 -0.5746084
10200 -9.5385 -0.2681506 -0.6512229
10220 -9.500193 -0.30645782 -0.7661445
10240 -9.500193 -0.2681506 -0.7278373
10260 -9.385271 -0.30645782 -0.5363012
10280 -9.461885 -0.2681506 -0.4213795
10300 -9.423578 -0.2681506 -0.30645782
10321 -9.308656 -0.30645782 -0.30645782
10340 -9.346964 -0.2681506 -0.49799395
10360 -9.500193 -0.30645782 -0.61291564
10380 -9.461885 -0.22984336 -0.5363012
10400 -9.5385 -0.2681506 -0.5363012
10422 -9.576807 -0.30645782 -0.49799395
10441 -9.653421 -0.2681506 -0.45968673
10460 -9.615114 -0.30645782 -0.61291564
10480 -9.5385 -0.22984336 -0.49799395
10500 -9.500193 -0.22984336 -0.5746084
10520 -9.346964 -0.19153613 -0.49799395
10540 -9.500193 -0.2681506 -0.49799395
10560 -9.461885 -0.15322891 -0.5363012
10580 -9.5385 -0.2681506 -0.38307226
10600 -9.423578 -0.34476504 -0.4213795
10620 -9.461885 -0.22984336 -0.49799395
10640 -9.461885 -0.22984336 -0.5746084
10660 -9.232041 -0.2681506 -0.6895301
10680 -9.155427 -0.2681506 -0.5746084
10700 -9.385271 -0.30645782 -0.49799395
10720 -9.500193 -0.2681506 -0.5746084
10740 -9.500193 -0.22984336 -0.80445176
10760 -9.615114 -0.19153613 -0.842759
10780 -9.653421 -0.2681506 -0.6895301
10800 -9.5385 -0.34476504 -0.45968673
10820 -9.500193 -0.38307226 -0.34476504
10840 -9.615114 -0.2681506 -0.4213795
10860 -9.461885 -0.2681506 -0.5746084
10880 -9.385271 -0.30645782 -0.5363012
10900 -9.346964 -0.30645782 -0.45968673
10920 -9.346964 -0.2681506 -0.49799395
10942 -9.576807 -0.34476504 -0.5363012
10960 -9.500193 -0.2681506 -0.5746084
10980 -9.500193 -0.30645782 -0.61291564
11000 -9.270349 -0.30645782 -0.49799395
11020 -9.385271 -0.34476504 -0.5746084
11042 -9.423578 -0.38307226 -0.7278373
11060 -9.423578 -0.34476504 -0.8810662
11080 -9.346964 -0.2681506 -1.0726024
11100 -9.385271 -0.2681506 -0.91937345
11120 -9.423578 -0.30645782 -0.6512229
11140 -9.423578 -0.30645782 -0.5363012
11160 -9.5385 -0.30645782 -0.5746084
11181 -9.461885 -0.2681506 -0.5363012
11200 -9.270349 -0.34476504 -0.4213795
11220 -9.423578 -0.22984336 -0.2681506
11240 -9.5385 -0.30645782 -0.2681506
11260 -9.461885 -0.2681506 -0.34476504
11280 -9.500193 -0.30645782 -0.2681506
11300 -9.423578 -0.30645782 -0.38307226
11320 -9.461885 -0.22984336 -0.5363012
11340 -9.653421 -0.2681506 -0.49799395
11360 -9.615114 -0.2681506 -0.5363012
11380 -9.500193 -0.2681506 -0.7278373
11400 -9.461885 -0.34476504 -0.7661445
11420 -9.500193 -0.34476504 -0.5746084
11440 -9.5385 -0.34476504 -0.5363012
11461 -9.500193 -0.34476504 -0.4213795
11480 -9.346964 -0.30645782 -0.49799395
11500 -9.232041 -0.30645782 -0.45968673
11520 -9.346964 -0.30645782 -0.5363012
11540 -9.385271 -0.15322891 -0.6512229
11561 -9.385271 -0.19153613 -0.6512229
11580 -9.346964 -0.22984336 -0.5363012
11600 -9.232041 -0.2681506 -0.45968673
11620 -9.232041 -0.22984336 -0.4213795
11640 -9.385271 -0.22984336 -0.38307226
11660 -9.423578 -0.22984336 -0.45968673
11680 -9.5385 -0.19153613 -0.6512229
11700 -9.576807 -0.2681506 -0.7278373
11720 -9.5385 -0.2681506 -0.5363012
11740 -9.576807 -0.2681506 -0.34476504
11760 -9.5385 -0.22984336 -0.34476504
11780 -9.576807 -0.19153613 -0.45968673
11800 -9.5385 -0.11492168 -0.49799395
11820 -9.385271 -0.30645782 -0.45968673
11840 -9.500193 -0.30645782 -0.49799395
11860 -9.385271 -0.30645782 -0.4213795
11881 -9.423578 -0.38307226 -0.45968673
11900 -9.423578 -0.30645782 -0.5746084
11921 -9.615114 -0.15322891 -0.5746084
11940 -9.691729 -0.2681506 -0.45968673
11960 -9.691729 -0.2681506 -0.34476504
11980 -9.615114 -0.2681506 -0.34476504
12000 -9.500193 -0.38307226 -0.15322891
12020 -9.461885 -0.34476504 -0.22984336
12040 -9.308656 -0.30645782 -0.5746084
12060 -9.308656 -0.2681506 -0.6512229
12081 -9.461885 -0.22984336 -0.6512229
12100 -9.461885 -0.30645782 -0.5746084
12120 -9.461885 -0.2681506 -0.5363012
12140 -9.5385 -0.30645782 -0.5363012
12160 -9.615114 -0.34476504 -0.61291564
12180 -9.615114 -0.45968673 -0.61291564
12200 -9.500193 -0.38307226 -0.5746084
12220 -9.461885 -0.30645782 -0.61291564
12240 -9.423578 -0.34476504 -0.5363012
12260 -9.461885 -0.2681506 -0.5363012
12280 -9.5385 -0.2681506 -0.45968673
12300 -9.461885 -0.34476504 -0.38307226
12321 -9.423578 -0.34476504 -0.45968673
12340 -9.385271 -0.19153613 -0.49799395
12360 -9.346964 -0.38307226 -0.4213795
12380 -9.346964 -0.30645782 -0.34476504
12400 -9.423578 -0.34476504 -0.4213795
12420 -9.500193 -0.30645782 -0.61291564
12440 -9.461885 -0.38307226 -0.45968673
12460 -9.5385 -0.34476504 -0.5363012
12480 -9.461885 -0.38307226 -0.61291564
12501 -9.385271 -0.38307226 -0.6895301
12520 -9.346964 -0.4213795 -0.6512229
12540 -9.461885 -0.45968673 -0.6512229
12560 -9.461885 -0.38307226 -0.45968673
12580 -9.423578 -0.34476504 -0.5363012
12601 -9.500193 -0.30645782 -0.49799395
12620 -9.461885 -0.34476504 -0.5363012
12640 -9.385271 -0.34476504 -0.5363012
12661 -9.385271 -0.2681506 -0.7278373
12680 -9.500193 -0.30645782 -0.6512229
12700 -9.576807 -0.30645782 -0.61291564
12720 -9.576807 -0.38307226 -0.61291564
12740 -9.500193 -0.38307226 -0.5746084
12760 -9.346964 -0.38307226 -0.49799395
12780 -9.346964 -0.2681506 -0.61291564
12800 -9.461885 -0.2681506 -0.49799395
12820 -9.5385 -0.19153613 -0.5363012
12840 -9.5385 -0.30645782 -0.5746084
12860 -9.5385 -0.2681506 -0.5746084
12880 -9.500193 -0.30645782 -0.5363012
12900 -9.461885 -0.2681506 -0.5363012
12920 -9.5385 -0.22984336 -0.6895301
12940 -9.5385 -0.34476504 -0.6895301
12960 -9.576807 -0.38307226 -0.45968673
12980 -9.500193 -0.38307226 -0.4213795
13000 -9.346964 -0.34476504 -0.61291564
13020 -9.308656 -0.30645782 -0.6895301
13040 -9.346964 -0.34476504 -0.6895301
13060 -9.500193 -0.38307226 -0.7661445
13080 -9.385271 -0.38307226 -0.6895301
13100 -9.385271 -0.45968673 -0.5363012
13121 -9.385271 -0.4213795 -0.45968673
13140 -9.385271 -0.38307226 -0.5746084
13160 -9.461885 -0.49799395 -0.61291564
13180 -9.423578 -0.45968673 -0.61291564
13200 -9.5385 -0.45968673 -0.5746084
13221 -9.615114 -0.38307226 -0.49799395
13240 -9.653421 -0.34476504 -0.49799395
13260 -9.461885 -0.30645782 -0.4213795
13280 -9.270349 -0.30645782 -0.5746084
13300 -9.461885 -0.30645782 -0.5746084
13320 -9.461885 -0.2681506 -0.4213795
13340 -9.500193 -0.38307226 -0.45968673
13360 -9.576807 -0.38307226 -0.49799395
13380 -9.5385 -0.49799395 -0.49799395
13400 -9.461885 -0.45968673 -0.6512229
13420 -9.423578 -0.38307226 -0.842759
13440 -9.346964 -0.34476504 -0.7278373
13460 -9.576807 -0.30645782 -0.5746084
13480 -9.5385 -0.34476504 -0.38307226
13500 -9.500193 -0.34476504 -0.4213795
13520 -9.461885 -0.38307226 -0.2681506
13540 -9.423578 -0.45968673 -0.45968673
13560 -9.461885 -0.38307226 -0.5746084
13580 -9.5385 -0.34476504 -0.49799395
13600 -9.500193 -0.49799395 -0.49799395
13620 -9.423578 -0.38307226 -0.5363012
13640 -9.461885 -0.38307226 -0.5746084
13660 -9.461885 -0.38307226 -0.6512229
13680 -9.423578 -0.34476504 -0.6895301
13700 -9.461885 -0.4213795 -0.5363012
13720 -9.500193 -0.4213795 -0.5363012
13741 -9.423578 -0.38307226 -0.38307226
13760 -9.423578 -0.38307226 -0.38307226
13780 -9.423578 -0.34476504 -0.4213795
13800 -9.500193 -0.34476504 -0.5363012
13820 -9.5385 -0.38307226 -0.49799395
13840 -9.461885 -0.38307226 -0.45968673
13860 -9.461885 -0.49799395 -0.30645782
13880 -9.5385 -0.45968673 -0.45968673
13900 -9.461885 -0.38307226 -0.4213795
13920 -9.423578 -0.38307226 -0.6895301
13940 -9.346964 -0.34476504 -0.6895301
13960 -9.270349 -0.34476504 -0.5746084
13980 -9.385271 -0.38307226 -0.4213795
14000 -9.500193 -0.4213795 -0.49799395
14020 -9.576807 -0.49799395 -0.5363012
14040 -9.615114 -0.49799395 -0.5746084
14060 -9.500193 -0.4213795 -0.45968673
14080 -9.5385 -0.4213795 -0.4213795
14100 -9.5385 -0.4213795 -0.30645782
14120 -9.423578 -0.4213795 -0.34476504
14141 -9.461885 -0.45968673 -0.7278373
14160 -9.385271 -0.38307226 -0.6895301
14180 -9.308656 -0.49799395 -0.7278373
14200 -9.461885 -0.38307226 -0.6512229
14220 -9.576807 -0.38307226 -0.5746084
14240 -9.615114 -0.34476504 -0.61291564
14261 -9.461885 -0.38307226 -0.49799395
14280 -9.308656 -0.38307226 -0.45968673
14300 -9.346964 -0.38307226 -0.5363012
14320 -9.500193 -0.30645782 -0.45968673
14340 -9.500193 -0.30645782 -0.49799395
14360 -9.576807 -0.22984336 -0.5363012
14380 -9.461885 -0.30645782 -0.5746084
14400 -9.500193 -0.34476504 -0.61291564
14420 -9.5385 -0.4213795 -0.6512229
14440 -9.576807 -0.4213795 -0.5363012
14460 -9.615114 -0.38307226 -0.61291564
14480 -9.461885 -0.22984336 -0.5746084
14500 -9.500193 -0.2681506 -0.49799395
14520 -9.385271 -0.30645782 -0.49799395
14540 -9.346964 -0.34476504 -0.2681506
14560 -9.385271 -0.38307226 -0.22984336
14580 -9.461885 -0.34476504 -0.2681506
14600 -9.423578 -0.38307226 -0.45968673
14620 -9.423578 -0.38307226 -0.4213795
14640 -9.461885 -0.34476504 -0.5746084
14660 -9.576807 -0.38307226 -0.61291564
14681 -9.5385 -0.45968673 -0.5363012
14700 -9.576807 -0.4213795 -1.1875241
14720 -9.385271 -0.4213795 -0.6895301
14740 -9.232041 -0.38307226 -0.45968673
14760 -9.002198 -0.4213795 -0.4213795
14781 -9.078813 -0.34476504 -0.2681506
14800 -9.308656 -0.45968673 -0.2681506
14820 -9.308656 -0.4213795 -0.38307226
14840 -9.385271 -0.34476504 -0.49799395
14861 -9.461885 -0.34476504 -0.49799395
14880 -9.385271 -0.34476504 -0.5746084
14900 -9.5385 -0.38307226 -0.5746084
14920 -9.653421 -0.4213795 -0.49799395
14940 -9.5385 -0.30645782 -0.6512229
14960 -9.423578 -0.2681506 -0.6512229
14980 -9.500193 -0.34476504 -0.5746084
15000 -9.500193 -0.34476504 -0.4213795
15020 -9.500193 -0.38307226 -0.49799395
15040 -9.500193 -0.30645782 -0.5363012
15060 -9.308656 -0.38307226 -0.5746084
15080 -9.308656 -0.30645782 -0.61291564
15100 -9.193734 -0.30645782 -0.5363012
15120 -9.002198 -0.38307226 -0.34476504
15140 -8.848969 -0.4213795 -0.4213795
15160 -8.695741 -0.49799395 -0.6512229
15181 -8.42759 -0.49799395 -0.80445176
15200 -8.465898 -0.5746084 -0.91937345
15220 -8.772355 -0.6895301 -0.80445176
15240 -9.193734 -0.5746084 -0.4213795
15260 -9.500193 -0.6512229 -0.34476504
15280 -9.883265 -0.7661445 -0.2681506
15301 -9.768343 -0.842759 -0.49799395
15320 -9.653421 -0.9576807 -0.5363012
15340 -9.883265 -0.9959879 -0.38307226
15360 -9.959879 -0.8810662 0.0
15380 -10.036493 -0.9576807 0.19153613
15400 -10.151415 -0.9959879 0.30645782
15420 -10.0748005 -0.91937345 0.30645782
15440 -9.768343 -0.9576807 0.22984336
15460 -9.730036 -0.9959879 0.11492168
15480 -9.691729 -1.0342951 0.076614454
15500 -9.653421 -0.91937345 -0.11492168
15520 -9.5385 -0.9959879 -0.11492168
15540 -9.308656 -0.9959879 0.076614454
15560 -9.385271 -0.8810662 0.19153613
15580 -9.232041 -0.842759 0.22984336
15600 -9.232041 -0.7661445 0.30645782
15620 -9.155427 -0.6895301 0.30645782
15640 -9.078813 -0.7278373 0.22984336
15660 -9.11712 -0.842759 0.15322891
15680 -9.346964 -0.7278373 0.15322891
15700 -9.423578 -0.80445176 0.30645782
15720 -9.385271 -0.842759 0.4213795
15740 -9.270349 -0.6895301 0.15322891
15760 -9.193734 -0.80445176 0.11492168
15780 -9.270349 -0.7661445 0.0
15800 -9.308656 -0.80445176 -0.076614454
15821 -9.423578 -0.7661445 -0.038307227
15840 -9.500193 -0.6895301 0.15322891
15860 -9.461885 -0.80445176 0.11492168
15880 -9.308656 -0.80445176 0.038307227
15900 -9.461885 -0.8810662 0.038307227
15921 -9.385271 -0.8810662 0.076614454
15940 -9.423578 -0.7661445 0.038307227
15960 -9.346964 -0.842759 0.0
15980 -9.155427 -0.842759 -0.038307227
16000 -9.040505 -0.9959879 -0.15322891
16020 -9.193734 -0.9959879 -0.11492168
16040 -9.385271 -0.9576807 0.19153613
16060 -9.461885 -0.9576807 0.038307227
16080 -9.500193 -0.9576807 -0.22984336
16100 -9.500193 -0.9576807 -0.15322891
16120 -9.461885 -1.0726024 0.038307227
16140 -9.500193 -0.9959879 0.30645782
16160 -9.423578 -0.9576807 0.2681506
16180 -9.423578 -1.1492168 0.22984336
16200 -9.576807 -0.9959879 0.34476504
16220 -9.615114 -0.9959879 0.2681506
16240 -9.691729 -1.0726024 0.22984336
16260 -9.500193 -0.9576807 0.34476504
16280 -9.308656 -1.0726024 0.2681506
16300 -8.887277 -1.0342951 0.11492168
16320 -8.848969 -1.2641385 0.076614454
16340 -8.848969 -1.1875241 0.22984336
16360 -8.963891 -1.0726024 0.15322891
16380 -9.346964 -0.9576807 0.076614454
16400 -9.5385 -1.1109096 -0.11492168
16420 -9.653421 -1.0342951 -0.22984336
16441 -9.576807 -1.0342951 0.038307227
16460 -9.615114 -1.0726024 0.34476504
16480 -9.576807 -1.2258313 0.49799395
16500 -9.730036 -1.1109096 0.45968673
16520 -9.615114 -1.0342951 0.4213795
16540 -9.615114 -1.0726024 0.30645782
16560 -9.500193 -0.9959879 0.15322891
16580 -9.385271 -0.9959879 0.076614454
16600 -9.5385 -0.9959879 0.076614454
16620 -9.500193 -1.0342951 0.038307227
16640 -9.423578 -1.0342951 0.11492168
16660 -9.346964 -0.9959879 0.34476504
16680 -9.193734 -1.0342951 0.45968673
16700 -9.193734 -1.1492168 0.30645782
16720 -9.385271 -1.2258313 0.34476504
16740 -9.423578 -1.1492168 0.2681506
16760 -9.5385 -1.1875241 0.34476504
16780 -9.691729 -0.9576807 0.2681506
16800 -9.5385 -1.0726024 0.2681506
16820 -9.270349 -0.9959879 0.2681506
16840 -9.232041 -1.0342951 0.4213795
16860 -9.308656 -1.0726024 0.38307226
16880 -9.346964 -1.0726024 0.2681506
16900 -9.385271 -1.0342951 0.11492168
16920 -9.308656 -0.9959879 0.0
16940 -9.423578 -0.9959879 0.22984336
16962 -9.270349 -1.0726024 0.22984336
16980 -9.270349 -1.0342951 0.30645782
17000 -9.385271 -1.0726024 -0.076614454
17020 -9.270349 -1.2258313 0.0
17040 -9.385271 -1.1492168 0.19153613
17062 -9.423578 -1.1875241 0.30645782
17080 -9.5385 -1.0726024 0.15322891
17100 -9.500193 -1.0726024 -0.076614454
17120 -9.308656 -1.1109096 0.15322891
17140 -9.270349 -1.1109096 0.4213795
17160 -9.423578 -1.1109096 0.45968673
17180 -9.5385 -0.9959879 0.45968673
17200 -9.423578 -1.1492168 0.22984336
17220 -9.423578 -1.0726024 0.2681506
17240 -9.461885 -0.9959879 0.2681506
17260 -9.576807 -0.9959879 0.22984336
17280 -9.576807 -1.1109096 0.15322891
17300 -9.461885 -0.9959879 0.15322891
17320 -9.423578 -0.842759 0.15322891
17340 -9.423578 -0.91937345 0.19153613
17360 -9.346964 -0.9576807 0.22984336
17380 -9.346964 -1.1109096 0.2681506
17400 -9.346964 -1.0342951 0.2681506
17420 -9.346964 -0.9959879 0.19153613
17440 -9.385271 -0.8810662 0.076614454
17460 -9.423578 -0.9959879 0.15322891
17481 -9.500193 -1.1109096 0.076614454
17500 -9.500193 -1.0342951 0.19153613
17520 -9.385271 -1.0342951 0.038307227
17540 -9.461885 -1.0342951 0.076614454
17560 -9.385271 -0.9576807 0.15322891
17581 -9.461885 -0.9576807 0.19153613
17600 -9.270349 -0.9576807 0.22984336
17620 -9.11712 -0.91937345 0.22984336
17640 -9.385271 -0.9576807 0.30645782
17660 -9.346964 -0.9576807 0.2681506
17680 -9.385271 -0.9959879 0.34476504
17700 -9.461885 -0.9959879 0.30645782
17720 -9.461885 -0.8810662 0.2681506
17740 -9.385271 -0.9576807 0.15322891
17760 -9.423578 -1.0342951 0.30645782
17780 -9.346964 -1.1109096 0.34476504
17800 -9.423578 -0.91937345 0.34476504
17820 -9.423578 -0.9576807 0.11492168
17840 -9.500193 -0.91937345 0.11492168
17860 -9.385271 -0.9576807 0.22984336
17880 -9.346964 -0.8810662 0.19153613
17900 -9.308656 -1.0342951 0.34476504
17920 -9.346964 -1.0342951 0.30645782
17940 -9.423578 -0.91937345 0.30645782
17960 -9.500193 -0.91937345 0.22984336
17980 -9.576807 -0.842759 0.11492168
18000 -9.615114 -0.8810662 0.038307227
18020 -9.576807 -1.1109096 0.11492168
18040 -9.461885 -0.91937345 0.2681506
18060 -9.423578 -0.9959879 0.19153613
18080 -9.691729 -0.7661445 0.038307227
18101 -9.653421 -0.842759 0.15322891
18120 -9.653421 -0.91937345 0.076614454
18140 -9.500193 -0.91937345 0.15322891
18160 -9.615114 -0.91937345 0.2681506
18180 -9.270349 -0.91937345 0.38307226
18200 -9.308656 -0.80445176 0.4213795
18220 -9.232041 -0.842759 0.5363012
18240 -9.078813 -0.8810662 0.49799395
18260 -8.963891 -0.80445176 0.49799395
18280 -8.925584 -0.7278373 0.5746084
18300 -8.963891 -0.7278373 0.5746084
18320 -8.963891 -0.7278373 0.6512229
18340 -9.270349 -0.7278373 0.6512229
18360 -9.461885 -0.61291564 0.49799395
18380 -9.500193 -0.6512229 0.4213795
18400 -9.5385 -0.7278373 0.5363012
18420 -9.500193 -0.6512229 0.49799395
18440 -9.308656 -0.6512229 0.5363012
18460 -9.232041 -0.8810662 0.45968673
18480 -9.232041 -0.80445176 0.38307226
18500 -9.270349 -0.7661445 0.49799395
18520 -9.500193 -0.6895301 0.38307226
18540 -9.308656 -0.6895301 0.34476504
18560 -9.346964 -0.6895301 0.4213795
18580 -9.346964 -0.6895301 0.45968673
18600 -9.461885 -0.80445176 0.49799395
18621 -9.423578 -0.80445176 0.38307226
18640 -9.461885 -0.7278373 0.38307226
18660 -9.461885 -0.6512229 0.38307226
18680 -9.461885 -0.80445176 0.45968673
18700 -9.346964 -0.7661445 0.5746084
18720 -9.500193 -0.7661445 0.6512229
18740 -9.461885 -0.6895301 0.61291564
18760 -9.346964 -0.7661445 0.61291564
18780 -9.11712 -0.842759 0.61291564
18800 -9.232041 -0.80445176 0.61291564
18820 -9.193734 -0.80445176 0.5746084
18840 -9.270349 -0.91937345 0.61291564
18860 -9.308656 -0.80445176 0.49799395
18880 -9.346964 -0.80445176 0.4213795
18900 -9.423578 -0.842759 0.61291564
18920 -9.423578 -0.8810662 0.80445176
18940 -9.232041 -0.91937345 0.91937345
18960 -9.232041 -0.9959879 0.6895301
18980 -9.193734 -1.0342951 0.7278373
19000 -9.346964 -1.0342951 0.842759
19020 -9.346964 -1.1109096 1.1109096
19040 -9.385271 -1.4173675 0.91937345
19060 -9.155427 -1.3790601 0.8810662
19080 -9.500193 -1.2258313 1.4173675
19100 -9.576807 -1.1492168 1.9919758
19120 -9.308656 -1.2258313 2.1068976
19141 -9.461885 -1.2258313 2.2601264
19160 -9.615114 -1.1492168 2.030283
19180 -9.615114 -1.0726024 1.9919758
19200 -9.002198 -1.3024458 2.030283
19220 -8.504205 -1.4173675 2.1452048
19240 -8.389283 -1.4173675 2.4516625
19260 -8.121132 -1.1492168 2.528277
19280 -8.082825 -1.1109096 2.4516625
19300 -8.6574335 -1.340753 2.834735
19320 -9.500193 -1.340753 3.217807
19340 -9.959879 -1.3790601 2.9879637
19360 -9.998186 -1.4939818 2.6431987
19380 -9.270349 -1.4939818 2.336741
19400 -8.619126 -1.6089035 2.3750482
19420 -8.772355 -1.4173675 2.4899697
19440 -8.810662 -1.3024458 2.566584
19460 -8.772355 -1.1875241 2.7964275
19480 -8.695741 -1.1492168 3.064578
19500 -9.193734 -1.1109096 3.1028855
19520 -9.002198 -1.0342951 3.2561142
19540 -8.963891 -0.9959879 3.2944214
19560 -8.810662 -0.9959879 3.2561142
19580 -8.6574335 -0.9959879 3.217807
19600 -8.580819 -1.1109096 3.2561142
19620 -8.925584 -0.9576807 3.217807
19640 -9.844957 -0.6512229 2.873042
19661 -10.879252 -0.34476504 2.9113493
19680 -10.879252 -0.49799395 2.7581203
19703 -10.228029 -0.61291564 3.1411927
19721 -9.768343 -0.49799395 3.9839516
19740 -9.040505 -0.45968673 4.9416323
19760 -9.346964 -0.34476504 5.171476
19780 -9.5385 -0.038307227 4.903325
19800 -9.730036 0.45968673 4.3287168
19820 -9.576807 0.7278373 4.213795
19840 -8.848969 0.91937345 4.175488
19860 -8.619126 1.0342951 4.3287168
19880 -8.465898 1.4173675 5.3247046
19900 -7.8146744 1.9919758 5.3247046
19920 -6.742072 2.030283 5.094861
19940 -6.435614 2.2601264 4.711789
19960 -6.6271505 2.681506 5.133168
19980 -6.933608 3.064578 6.244078
20000 -6.7803793 2.9496565 7.0485296
20020 -6.397307 3.064578 7.201759
20040 -5.631162 3.4476504 6.2823853
20060 -4.865018 4.175488 5.056554
20081 -4.903325 5.0182467 3.715801
20100 -4.6351743 5.171476 1.6472107
20120 -3.7541082 5.209783 1.9536686
20140 -2.9113493 4.7884035 3.6391866
20160 -2.681506 4.865018 5.401319
20181 -2.2218192 4.9416323 6.435614
20200 -2.2218192 7.6231384 4.367024
20220 -2.1452048 9.500193 5.0182467
20241 -0.2681506 9.270349 5.861006
20260 0.8810662 8.236053 5.439626
20281 0.038307227 7.3166804 6.0525417
20300 -0.6895301 7.0102224 6.6654577
20331 -1.0726024 7.3166804 4.7884035
20340 -1.8387469 7.6614456 3.0262709
20367 -3.064578 7.5082164 1.2258313
20386 -3.3327289 7.469909 0.91937345
20433 -1.9919758 8.236053 2.0685902
20433 1.4173675 9.461885 5.439626
21042 3.6008794 9.346964 4.8267107
21042 -0.5746084 8.0445175 5.8226986
21042 -0.6895301 8.274361 5.707777
21042 -0.7661445 8.159439 4.7500963
21042 -1.0726024 8.082825 5.171476
21042 -0.6895301 8.0445175 5.2863975
21042 -0.15322891 7.8529816 4.405331
21042 0.038307227 7.6614456 3.2561142
21042 -0.038307227 7.967903 2.2218192
21042 0.19153613 8.236053 1.9919758
21042 0.7278373 8.121132 2.183512
21042 0.842759 8.312668 3.1411927
21042 0.9576807 8.389283 3.6391866
21042 1.2641385 8.465898 3.6391866
21042 1.1109096 8.734048 3.7541082
21042 1.8004397 8.810662 3.86903
21042 2.030283 8.887277 3.2561142
21042 1.4173675 9.002198 3.1794999
21042 1.0726024 9.500193 3.4093432
21042 0.49799395 9.615114 2.9496565
21346 0.34476504 9.615114 2.9496565
21346 0.5363012 9.730036 2.7964275
21346 0.49799395 9.576807 3.217807
21346 0.4213795 9.500193 3.9073372
21346 0.11492168 9.500193 4.711789
21346 0.38307226 9.078813 4.9799395
21346 0.6512229 8.810662 4.55856
21346 0.7661445 8.772355 3.9456444
21346 0.61291564 8.810662 3.715801
21346 0.38307226 8.6574335 3.4859576
21346 0.19153613 8.619126 3.6391866
21346 0.11492168 8.465898 3.6391866
21346 0.34476504 8.350976 3.5242648
21346 0.5363012 8.312668 3.1794999
21346 0.45968673 8.197746 2.7964275
21414 0.5746084 8.197746 2.7581203
21414 0.2681506 8.274361 2.9496565
21414 -0.038307227 8.580819 2.6048915
21414 -0.19153613 8.6574335 2.0685902
21451 -0.4213795 8.887277 1.7621324
21451 -0.30645782 8.963891 2.1068976
21512 -0.4213795 8.925584 2.566584
21512 -0.2681506 9.002198 2.834735
21512 -0.15322891 9.040505 3.1028855
21531 0.038307227 9.002198 3.4476504
21569 -0.038307227 9.040505 3.5625722
21571 0.0 9.040505 3.3327289
21593 0.076614454 9.11712 3.2944214
21610 0.076614454 8.963891 3.2944214
21631 0.15322891 9.040505 3.715801
21650 0.11492168 8.963891 3.7924154
21670 0.2681506 9.040505 3.4093432
21690 0.45968673 9.040505 2.9879637
21710 0.49799395 9.002198 2.7964275
21730 0.2681506 9.040505 3.1028855
21750 0.22984336 9.002198 3.2561142
21770 0.19153613 9.002198 3.1794999
21792 0.22984336 8.925584 2.9879637
21810 0.30645782 8.848969 3.1794999
21830 0.4213795 8.848969 3.217807
21850 0.38307226 8.695741 3.1411927
21870 0.38307226 8.6574335 3.0262709
21891 0.45968673 8.734048 2.9879637
21910 0.22984336 8.810662 3.371036
21933 0.2681506 8.772355 3.2944214
21950 0.11492168 8.810662 3.371036
21970 -0.11492168 8.772355 3.4859576
21990 -0.076614454 8.848969 3.064578
22010 0.038307227 9.040505 3.064578
22030 0.15322891 9.11712 3.064578
22050 -0.22984336 9.078813 3.1028855
22070 -0.2681506 9.193734 3.1411927
22090 -0.2681506 9.270349 3.1794999
22110 -0.22984336 9.078813 3.1794999
22130 -0.2681506 9.11712 3.064578
22150 -0.19153613 9.078813 2.9496565
22170 0.038307227 8.963891 2.873042
22190 -0.45968673 8.887277 3.217807
22210 -0.38307226 8.810662 3.1411927
22230 -0.2681506 8.6574335 3.2561142
22250 0.11492168 8.734048 3.0262709
22270 0.22984336 8.580819 2.566584
22290 -0.2681506 8.42759 2.7964275
22310 -0.8810662 8.580819 3.3327289
22330 -1.2641385 8.772355 4.175488
22350 -1.5705963 8.734048 5.0182467
22370 -1.340753 8.6574335 5.2863975
22390 -0.80445176 8.734048 5.094861
22411 -0.5363012 8.734048 4.7500963
22430 -0.34476504 8.734048 4.3287168
22450 -0.38307226 8.772355 3.7924154
22470 -0.4213795 8.734048 3.3327289
22490 -0.38307226 8.810662 3.1028855
22512 -0.45968673 8.810662 3.1411927
22530 -0.5363012 8.772355 3.4093432
22550 -0.45968673 8.734048 3.5625722
22570 -0.61291564 8.848969 3.7924154
22590 -0.5363012 8.734048 3.7541082
22610 -0.4213795 8.887277 3.4859576
22631 -0.38307226 8.695741 3.4476504
22650 -0.4213795 8.734048 3.3327289
22670 -0.4213795 8.695741 3.4859576
22690 -0.5746084 8.810662 3.6774938
22710 -0.45968673 8.772355 3.6774938
22730 -0.49799395 8.734048 3.6391866
22750 -0.6512229 8.810662 3.715801
22770 -0.6512229 8.772355 3.6774938
22790 -0.7278373 8.695741 3.371036
22810 -0.61291564 8.772355 3.371036
22830 -0.6895301 8.734048 3.6391866
22850 -0.7661445 8.810662 3.6774938
22870 -0.6895301 8.734048 3.5625722
22890 -0.45968673 8.848969 3.4093432
22940 -0.6512229 8.6574335 3.5242648
22940 -0.61291564 8.580819 3.371036
22950 -0.7278373 8.580819 3.4859576
22970 -0.6895301 8.695741 3.4859576
22990 -0.6512229 8.6574335 3.4476504
23010 -0.5746084 8.695741 3.4093432
23033 -0.5363012 8.734048 3.217807
23050 -0.61291564 8.772355 3.217807
23070 -0.80445176 8.810662 3.6391866
23090 -0.7661445 8.734048 3.7541082
23110 -0.49799395 8.810662 3.6008794
23130 -0.45968673 8.848969 3.715801
23150 -0.6512229 8.772355 4.098873
23170 -0.7278373 8.848969 4.213795
23190 -0.80445176 8.810662 3.9839516
23210 -0.6895301 8.810662 3.715801
23230 -0.5363012 8.772355 3.7924154
23250 -0.6895301 8.810662 3.6008794
23270 -0.61291564 8.810662 3.4859576
23290 -0.6895301 8.772355 3.5242648
23310 -0.5746084 8.848969 3.715801
23330 -0.6895301 8.848969 3.715801
23350 -0.7278373 8.695741 3.6774938
23370 -0.6512229 8.810662 3.3327289
23390 -0.6895301 8.772355 3.2944214
23410 -0.6512229 8.695741 3.4476504
23430 -0.7661445 8.734048 3.5625722
23450 -0.91937345 8.734048 3.7924154
23470 -0.7278373 8.695741 3.5625722
23490 -0.6512229 8.542512 3.4093432
23510 -0.49799395 8.695741 3.3327289
23530 -0.38307226 8.619126 3.6008794
23551 -0.5746084 8.6574335 3.86903
23570 -0.7278373 8.734048 4.2521024
23590 -0.80445176 8.810662 4.060566
23610 -0.842759 8.772355 3.9456444
23630 -0.6512229 8.772355 3.5625722
23650 -0.61291564 8.695741 3.2561142
23670 -0.5363012 8.772355 3.371036
23690 -0.7661445 8.734048 3.7924154
23710 -0.7661445 8.734048 4.0222588
23730 -0.7278373 8.734048 4.213795
23751 -0.5363012 8.734048 3.9456444
23770 -0.5363012 8.695741 3.5242648
23790 -0.61291564 8.734048 3.2561142
23810 -0.7278373 8.619126 3.371036
23830 -0.6512229 8.580819 3.4859576
23850 -1.3790601 8.619126 3.6391866
23870 -0.5363012 8.6574335 4.2521024
23890 -0.842759 8.580819 4.2521024
23910 -0.842759 8.42759 4.060566
23930 -0.80445176 8.465898 3.9839516
23950 -0.91937345 8.619126 4.1371803
23971 -0.7661445 8.42759 3.9839516
23990 -0.5746084 8.42759 3.9073372
24010 -0.6512229 8.389283 4.098873
24030 -0.7661445 8.389283 4.213795
24050 -0.6895301 8.350976 4.213795
24071 -0.5363012 8.121132 4.903325
24090 -0.842759 8.236053 4.55856
24110 -0.6512229 8.197746 3.9073372
24130 -0.6512229 8.274361 3.8307228
24150 -0.8810662 8.312668 3.7924154
24172 -0.80445176 8.236053 4.0222588
24190 -0.842759 8.082825 4.098873
24210 -0.9959879 8.0445175 4.7500963
24230 -0.80445176 8.0445175 4.4819455
24250 -0.7661445 7.73806 4.6351743
24270 -0.80445176 7.8529816 4.4436383
24290 -0.80445176 7.8146744 4.3287168
24310 -0.7661445 7.8146744 4.060566
24330 -1.1109096 7.967903 4.673482
24350 -1.1492168 7.8529816 5.439626
24370 -0.91937345 7.699753 5.66947
24390 -0.8810662 7.73806 5.363012
24410 -0.91937345 7.6614456 4.9416323
24430 -0.9959879 7.8146744 4.7500963
24450 -1.2641385 7.699753 5.4779334
24470 -1.4173675 7.5465236 6.588843
24491 -1.3024458 7.1251445 7.0485296
24510 -1.0726024 7.240066 7.0485296
24530 -1.1109096 7.1251445 7.086837
24550 -1.2258313 7.0485296 6.7803793
24570 -0.8810662 6.895301 6.5505357
24591 -0.80445176 6.9719152 6.7803793
24610 -0.9576807 6.8186865 6.9719152
24630 -0.9576807 6.742072 6.6271505
24654 -0.6512229 6.8569937 6.0142345
24670 -0.5746084 6.933608 5.861006
24690 -0.8810662 6.9719152 6.205771
24710 -1.1492168 6.8569937 6.3206925
24730 -0.9959879 6.8186865 5.4779334
24750 -1.1492168 6.8569937 5.861006
24770 -1.3790601 6.8569937 6.205771
24791 -1.2258313 6.742072 6.3206925
24810 -1.4556746 6.8569937 5.93762
24830 -1.3790601 6.895301 6.0525417
24850 -1.2258313 6.895301 6.6654577
24870 -1.3790601 6.5505357 7.1251445
24890 -1.8387469 6.4739213 7.5082164
24910 -2.1068976 6.6654577 7.1251445
24930 -1.8004397 6.6654577 6.7803793
24950 -1.6089035 6.5505357 7.393295
24970 -1.5705963 6.435614 8.121132
24990 -1.4939818 6.4739213 8.197746
25011 -1.4556746 6.435614 7.393295
25030 -1.5705963 6.4739213 6.933608
25050 -1.2641385 6.435614 6.8186865
25070 -1.0342951 6.2823853 6.8569937
25090 -0.9576807 6.205771 6.933608
25112 -0.842759 6.090849 7.086837
25130 -0.9959879 6.129156 6.8569937
25150 -1.2641385 6.205771 6.8186865
25170 -1.4173675 6.205771 6.742072
25190 -1.2258313 6.2823853 6.588843
25210 -1.1875241 6.3589997 6.8186865
25230 -1.1492168 6.3206925 7.201759
25250 -1.2641385 6.167464 7.240066
25270 -1.3790601 6.3589997 7.201759
25290 -1.6089035 6.3589997 7.201759
25310 -1.685518 6.5122285 7.1634517
25330 -1.5705963 6.435614 7.0102224
25350 -1.685518 6.5122285 7.0485296
25370 -1.5705963 6.4739213 7.2783732
25390 -1.3024458 6.3206925 7.086837
25410 -1.1875241 6.397307 6.742072
25430 -1.2641385 6.3206925 6.7803793
25450 -1.2641385 6.3206925 6.7803793
25470 -1.1492168 6.2823853 6.588843
25490 -1.1109096 6.2823853 6.4739213
25510 -1.1492168 6.205771 6.9719152
25530 -1.0342951 6.129156 7.3549876
25550 -1.0342951 6.090849 7.431602
25570 -1.1109096 6.2823853 7.240066
25590 -0.9959879 6.167464 7.5848308
25610 -1.1492168 6.167464 7.5465236
25631 -1.1875241 6.205771 7.2783732
25650 -1.1109096 6.3206925 7.201759
25670 -0.91937345 6.205771 7.086837
25690 -0.9576807 6.2823853 6.933608
25710 -0.91937345 6.3206925 6.8186865
25730 -0.8810662 6.397307 6.9719152
25750 -0.7661445 6.435614 6.7803793
25770 -0.6512229 6.3589997 6.8569937
25790 -0.45968673 6.397307 7.0485296
25810 -0.30645782 6.2823853 7.201759
25830 -0.5746084 6.3589997 7.3166804
25850 -1.0342951 6.6271505 7.086837
25870 -1.1109096 6.588843 6.8186865
25890 -0.9959879 6.5505357 6.6271505
25910 -0.80445176 6.5122285 6.9719152
25930 -1.0726024 6.703765 7.1251445
25950 -1.2641385 6.703765 7.1634517
25970 -1.340753 6.8186865 7.0102224
25990 -1.3024458 6.6271505 6.7803793
26010 -1.1109096 6.397307 6.8186865
26030 -1.1109096 6.3206925 7.0102224
26050 -1.4173675 6.397307 7.201759
26070 -1.2641385 6.397307 7.3166804
26090 -1.0726024 6.3206925 6.895301
26110 -1.0726024 6.3589997 6.5505357
26130 -1.0342951 6.435614 6.6271505
26151 -1.2641385 6.435614 6.7803793
26170 -1.2641385 6.435614 6.9719152
26197 -1.2641385 6.4739213 7.086837
26210 -1.4556746 6.6654577 7.431602
26231 -1.3024458 6.435614 5.899313
26252 -1.532289 6.7803793 4.711789
26270 -1.9153614 6.8186865 5.592855
26290 -1.8004397 6.8186865 7.086837
26320 -1.4173675 6.5505357 7.73806
26548 -1.3790601 6.5505357 7.469909
26548 -1.4556746 6.5505357 6.703765
26548 -1.4556746 6.6271505 6.397307
26548 -1.1492168 6.5122285 6.397307
26548 -1.340753 6.703765 6.3206925
26548 -1.1109096 6.397307 6.4739213
26548 -0.9576807 6.4739213 6.8186865
26548 -0.8810662 6.397307 7.2783732
26548 -0.9576807 6.4739213 7.3549876
26548 -1.1492168 6.397307 7.393295
26548 -1.2258313 6.435614 7.240066
26661 -1.3024458 6.3589997 7.086837
26661 -1.1875241 6.397307 6.9719152
26661 -1.1109096 6.435614 6.8186865
26661 -1.1875241 6.397307 6.703765
26661 -1.2258313 6.4739213 6.8186865
26661 -1.2258313 6.397307 6.8186865
26731 -1.1875241 6.3589997 6.895301
26731 -1.0342951 6.397307 7.0102224
26731 -0.9576807 6.2823853 6.8569937
26731 -0.8810662 6.2823853 7.0485296
26891 -1.340753 6.2823853 7.1251445
26901 -1.1109096 6.435614 7.1634517
26901 -0.9576807 6.244078 6.9719152
26901 -1.2258313 6.435614 7.2783732
26901 -1.1875241 6.397307 7.2783732
26901 -1.1492168 6.3206925 6.9719152
26901 -1.0342951 6.435614 6.895301
26901 -0.9576807 6.4739213 6.742072
26971 -1.3024458 6.3589997 6.742072
26971 -1.4556746 6.435614 6.895301
26971 -1.2258313 6.4739213 6.703765
26971 -1.0342951 6.3589997 6.742072
