1183 2.73604
1183 2.73604
1183 2.793501
1183 2.8509617
1183 2.927576
1184 3.0041904
1184 3.0999584
1184 3.1574202
1184 3.214881
1184 3.3202257
1184 3.4638777
1184 3.5596457
1184 3.5787992
1185 3.4543009
1185 3.406417
1185 3.358533
1185 3.3393793
1185 3.3010721
1185 3.2914953
1185 3.310649
1185 3.348956
1186 3.39684
1186 3.3872633
1186 3.39684
1186 3.4159937
1186 3.39684
1186 3.2531872
1186 3.0616512
1186 2.8892689
1186 2.745617
1186 2.697733
1187 2.7264633
1187 2.8030777
1187 2.8988457
1187 2.9850368
1187 2.9946136
1187 2.9371529
1187 2.927576
1187 2.9946136
1187 3.1095352
1282 3.2244568
1282 3.2914953
1282 3.3393793
1282 3.348956
1282 3.2914953
1282 3.2531872
1283 3.2340336
1283 3.2723408
1283 3.348956
1283 3.3872633
1782 3.4543009
1783 3.4830313
1783 3.4351473
1783 3.3393793
1783 3.2053041
1784 3.071229
1784 2.985036
1785 2.9084215
1785 2.841385
1785 2.7647705
1785 2.73604
1786 2.745617
1786 2.8030777
1786 2.8892689
1786 2.9850368
1786 3.1765728
1787 3.406417
1787 3.492608
1787 3.406417
1787 3.2053041
1787 3.023343
1788 2.937152
1788 2.9179993
1788 2.8701153
1788 2.8222303
1789 2.8222303
1789 2.8988457
1789 2.9467297
1789 3.166996
1789 3.1957264
1790 3.2436104
1790 3.3010721
1790 3.4255705
1791 3.5117617
1791 3.5596457
1791 3.5787992
1791 3.540492
1791 3.4159937
1792 3.310648
1792 3.1286888
1792 2.879692
1792 2.7073088
1792 2.7168856
1792 2.8892698
1792 3.1095362
1793 3.2340345
1793 3.214881
1793 3.1095362
1793 2.97546
1793 2.8222303
1793 2.6785784
2307 2.5828104
2307 2.5445042
2307 2.554081
2308 2.6115417
2308 2.6881552
2308 2.7743464
2308 2.8605385
2308 2.9946136
2308 3.1574202
2308 3.2819185
2308 3.3776865
2308 3.4638777
2308 3.4734545
2308 3.4638777
2308 3.2914953
2308 3.1574192
2309 3.1095352
2309 3.1574192
2309 3.2053032
2309 3.21488
2309 3.1861496
2309 3.1286888
2309 3.119112
2309 3.166996
2309 3.3010721
2309 3.406417
2309 3.3872633
2309 3.2531881
2309 3.119112
2310 3.0424976
2310 2.9946136
2310 2.985036
2310 2.985036
2310 2.975459
2310 2.9658823
2310 2.9658823
2310 2.9658833
2310 2.9658833
2310 2.9563065
2310 2.927576
2310 2.9179993
2310 2.9850368
2310 3.119112
2310 3.2723408
2311 3.4638777
2311 3.5787992
2311 3.6554136
2311 3.7032976
2311 3.6937208
2311 3.5692225
2311 3.4159937
2313 3.4159937
2334 3.39684
2334 3.4159937
2364 3.4734545
2364 3.4255705
2364 3.310649
2379 3.2436104
2384 3.262764
2394 3.3010712
2405 3.3776855
2413 3.3681087
2425 3.2914944
2433 3.119112
2443 2.9084225
2453 2.7647705
2463 2.7647705
2476 2.8892689
2482 3.0137663
2494 3.119111
2504 3.2436104
2513 3.3393784
2525 3.3489552
2532 3.2819176
2546 3.0903816
2556 2.927576
2563 2.9179993
2574 3.0424976
2582 3.1957273
2593 3.3393793
2604 3.3202257
2616 3.2053041
2625 3.023345
2633 2.7935019
2643 2.5828114
2654 2.6402721
2663 2.745617
2675 2.9371529
2682 3.1478434
2693 3.348956
2705 3.4734545
2713 3.5787992
2724 3.8182192
2732 4.1438303
2743 4.344943
2754 4.440711
2763 4.450288
2775 4.297059
2782 3.9427176
2793 3.540492
2804 3.1382656
2813 2.7551937
2823 2.458313
2832 2.266776
2843 2.180585
2853 2.1231241
2862 2.1422777
2876 2.2955074
2883 2.5349274
2893 2.7839231
2904 3.03292
2913 3.2914953
2924 3.492608
2932 3.5979528
3037 3.6171064
3037 3.5692225
3037 3.4351473
3037 3.2723417
3037 2.8509607
3037 2.7073088
3038 2.6211185
3038 2.6785784
3038 2.8222303
3038 2.9850368
3044 3.071228
3053 3.0903816
3063 3.1382656
3074 3.2723417
3082 3.3202257
3094 3.2914944
3103 3.2340345
3113 3.2531881
3123 3.2819185
3132 3.1861506
3143 3.0329208
3153 2.841384
3164 2.6881552
3173 2.6306944
3183 2.649848
3193 2.7073088
3203 2.745616
3213 2.7647696
3224 2.8796911
3233 3.166995
3243 3.444724
3259 3.6458368
3264 3.732028
3273 3.7224512
3283 3.6266832
3293 3.492608
3304 3.348956
3313 3.1957264
3323 2.97546
3333 2.9179993
3344 2.9563065
3358 3.0041904
3364 3.0424976
3374 3.0424976
3383 3.071228
3394 3.1861496
3402 3.3872623
3420 3.5500689
3422 3.6075296
3432 3.588375
3444 3.492607
3453 3.3010712
3463 3.0999584
3473 2.9179993
3483 2.8222313
3493 2.7743473
3503 2.8126545
3520 2.9179993
3523 3.0903816
3532 3.2244568
3544 3.3010712
3554 3.3681087
3564 3.5213385
3577 3.6649904
3584 3.7703352
3594 3.8373728
3607 3.8373728
3615 3.684144
3623 3.5021849
3633 3.262764
3650 2.7743473
3656 2.783924
3663 2.6690016
3674 2.6211176
3683 2.6690016
3694 2.7935
3703 2.9658823
3714 3.0999575
3724 3.2340345
3733 3.4543009
3744 3.6171064
3754 3.6937208
3764 3.7032976
3774 3.588376
3783 3.3872623
3794 3.21488
3802 3.0999584
3814 3.0137672
3823 2.9467297
3833 2.9563065
3843 3.0329208
3853 3.0999594
3863 3.1957273
3875 3.262765
3883 3.2436113
3893 3.2340345
3903 3.2436113
3914 3.3010721
3923 3.3681097
3933 3.3776865
3943 3.2340345
3953 3.0999584
4166 2.9850368
4167 2.8701143
4167 2.8222303
4167 2.841384
4167 3.1095352
4167 3.3010721
4167 3.492608
4167 3.63626
4167 3.7032976
4168 3.7128744
4168 3.732028
4168 3.732028
4168 3.7511816
4168 3.7990656
4168 3.8086424
4168 3.7032976
4168 3.4830313
4168 3.3010712
4168 3.1286888
4168 2.9658833
4169 2.879692
4197 2.8988457
4197 2.9658833
4198 3.0808048
4205 3.166996
4213 3.21488
4228 3.2436104
4233 3.3202248
4245 3.4255695
4253 3.492608
4263 3.5596457
4274 3.6075296
4284 3.5787992
4294 3.5117607
4304 3.4447231
4316 3.4159927
4323 3.4159927
4334 3.406416
4347 3.4638767
4353 3.3968391
4365 3.3202248
4375 3.2819176
4384 3.3298016
4394 3.4638767
4404 3.63626
4414 3.7607584
4425 3.8182192
4434 3.7990656
4443 3.7128744
4453 3.540491
4465 3.358532
4473 3.2340336
4483 3.1574192
4495 3.166996
4504 3.2436104
4514 3.3010712
4523 3.3489552
4533 3.3681087
4544 3.3872623
4553 3.3776855
4564 3.3489552
4573 3.2914944
4583 3.2340336
4595 3.2819176
4604 3.4447231
4615 3.63626
4623 3.7416048
4633 3.7416048
4645 3.6554136
4654 3.4734535
4665 3.1765728
4676 3.166996
4683 3.3010721
4694 3.406417
4703 3.5213385
4714 3.588376
4725 3.5596457
4733 3.5692225
4745 3.5500689
4754 3.5117617
4764 3.4638767
4775 3.4830303
4783 3.5692225
4794 3.63626
4803 3.5979528
4814 3.5021849
4824 3.2819176
4833 3.119112
4844 3.023344
4853 3.0137672
4864 3.0808048
4876 3.0999584
4885 3.1095352
4895 3.3202257
4904 3.5021849
4915 3.6075296
4924 3.6554136
4934 3.5500689
4944 3.3393793
4953 3.1861486
4964 3.0999584
4973 3.0520754
4984 3.1861506
4995 2.649849
5004 2.2763538
5014 2.2380457
5023 2.1039705
5033 2.171008
5044 2.4966192
5053 2.927576
5064 3.2914944
5074 3.684144
5083 3.9810247
5094 4.009755
5103 3.87568
5114 4.057639
5123 4.967436
5134 6.0113077
5144 6.6721067
5153 7.0456038
5164 6.9594107
5174 6.3560724
5184 5.388816
5194 4.3736734
5208 3.5596457
5215 2.7743473
5225 2.0656633
5234 2.4200048
5246 3.87568
5255 4.584364
5265 4.0384855
5274 3.310649
5283 2.132701
5299 1.1175594
5303 1.653861
5316 2.7743464
5323 2.879692
5335 0.9930601
5345 0.571681
5357 0.8589859
5365 1.5293627
5373 2.745616
5384 3.7607584
5394 4.201291
5403 4.8046303
5414 5.091934
5423 5.015321
5433 4.967435
5446 4.7088623
5453 3.5309143
5477 2.0082026
5477 0.9643307
5483 0.2556467
5493 -1.5926771
5503 -2.9813137
5513 -0.92230034
5523 2.506197
5534 4.344943
5549 4.2395983
5556 3.406417
5568 2.8509617
5573 2.5445032
5584 2.3338137
5600 2.3338137
5603 2.793501
5614 3.9139872
5624 5.149395
5633 5.714427
5644 5.561198
5652 4.7854767
5666 1.9698954
5674 -2.5407805
5683 -0.25192356
5695 4.6418247
5706 6.0304613
5714 4.728016
5724 2.0177794
5734 0.69618034
5745 0.571682
5753 0.2843771
5764 0.22691631
5775 0.72491074
5783 1.0696754
5794 0.9643297
5803 1.1079826
5814 1.3665571
5823 0.4376068
5833 -1.1808739
5844 -0.90314674
5854 1.5963993
5868 4.1438303
5875 5.3600845
5882 5.4175463
5893 5.388815
5904 5.8676558
5913 6.5476084
5926 7.093486
5933 7.878785
5943 8.702392
5957 9.142924
5965 9.564303
5975 9.640918
5984 10.014413
5996 10.694367
6006 10.531562
6014 9.842031
6024 8.970542
6033 8.137359
6045 7.217984
6054 5.7431574
6065 4.1725607
6075 2.410428
6083 0.67702675
6095 -0.6254196
6106 -1.6692915
6114 -2.5790877
6123 -3.1153889
6133 -3.268618
6150 -3.3931165
6153 -3.814496
6164 -4.398681
6174 -4.906252
6182 -5.2893243
6194 -5.854356
6202 -7.3004537
6214 -8.918934
6225 -9.177507
6233 -8.564592
6245 -8.1336355
6255 -8.267711
6265 -8.756128
6274 -9.455235
6283 -10.029843
6295 -10.163919
6307 -9.685079
6315 -8.909357
6325 -8.564592
6335 -8.373056
6345 -7.817601
6356 -7.0610332
6364 -6.505579
6374 -5.8160486
6383 -5.3850923
6393 -4.695562
6403 -3.3260784
6414 -2.1385546
6424 -3.134543
6433 -3.6612673
6443 -2.0523634
6453 0.5142212
6464 3.0808039
6476 4.948283
6484 7.1413717
6496 7.658519
6506 5.992154
6515 3.684144
6524 1.8549728
6534 1.5102091
6549 2.649849
6559 4.718438
6564 6.8732214
6575 8.568316
6582 9.114194
6594 8.434239
6603 7.1126413
6615 5.580352
6626 4.057639
6633 2.7647705
6645 1.893281
6656 1.4814777
6666 1.4910555
6677 1.8262434
6684 2.2955065
6694 2.7168856
6703 2.8988457
6713 2.9563065
6725 3.0041904
6734 2.31466
6744 1.8741274
6756 1.6442842
6764 1.5485163
6774 1.6442842
6783 2.0177794
6793 2.3050833
6806 1.9315882
6814 1.0313683
6824 0.07368755
6833 -0.35726833
6844 0.04495716
6854 0.38014507
6865 0.571682
6876 1.3378267
6883 2.3242369
6894 3.2531881
6903 3.9906015
6914 4.5173264
6925 5.101512
6933 6.001731
6945 6.796607
6955 6.461417
6966 5.149396
6977 4.7375927
6984 5.4367
6995 5.858079
7006 6.432687
7014 6.7199907
7025 5.7910414
7037 5.67612
7045 5.206856
7055 3.4543
7065 2.4774656
7074 2.458313
7085 3.3010712
7096 3.8948336
7109 3.444724
7116 2.7551937
7125 2.783924
7135 3.3681097
7145 3.4638777
7153 2.6594248
7164 1.5964003
7175 0.9547539
7184 0.62914276
7193 -0.7594938
7204 -4.657255
7213 -10.67149
7224 -17.892403
7233 -24.64405
7244 -29.011074
7256 -30.715744
7265 -30.045372
7274 -27.28725
7284 -20.86121
7296 -10.795988
7306 -0.22319317
7314 6.7774534
7325 8.568316
7333 7.840478
7345 6.6912622
7356 6.221999
7365 7.3999453
7375 6.854068
7383 7.706403
7394 6.8636427
7403 4.440711
7415 2.0082026
7427 -0.18488598
7434 -2.7514706
7445 -6.179967
7454 -10.43207
7464 -15.095974
7476 -19.395962
7483 -22.240273
7494 -23.581024
7503 -24.251402
7515 -24.893047
7523 -25.697498
7533 -25.132467
7544 -21.340054
7554 -13.975488
7564 -4.5231795
7573 3.7607584
7583 8.568316
7595 10.29214
7603 10.282565
7614 9.612187
7623 9.2291155
7633 9.286576
7644 9.516419
7653 9.966529
7665 10.675212
7675 9.57388
7683 5.9346933
7695 1.3761339
7709 -8.995548
7716 -15.613122
7727 -21.493282
7734 -26.252953
7745 -29.030228
7756 -30.361404
7764 -30.67744
7775 -30.131561
7783 -28.953613
7794 -26.185917
7803 -20.937828
7815 -13.975488
7824 -5.8160486
7834 1.8262424
7845 6.7199926
7857 8.903504
7867 9.219539
7875 8.55874
7884 8.0032835
7893 8.0511675
7903 8.520431
7913 9.344037
7925 10.589021
7932 10.177218
7943 6.193267
7954 0.035380363
7965 -6.8694973
7975 -14.138293
7983 -20.937826
7996 -25.438925
8004 -27.411747
8015 -28.082127
8025 -27.890587
8033 -27.603283
8045 -26.02311
8056 -22.747843
8065 -17.576366
8074 -11.715362
8084 -5.557475
8095 -0.18488598
8110 3.03292
8113 4.7375917
8129 6.2124205
8134 7.4286757
8145 8.300164
8154 9.047156
8164 9.774993
8175 10.349601
8184 10.905057
8194 11.910621
8205 10.809289
8214 6.289035
8222 0.6099882
8234 -5.4233994
8245 -11.57171
8255 -17.260334
8265 -21.713549
8276 -24.529129
8283 -26.00396
8295 -26.885025
8305 -27.507515
8315 -27.890587
8325 -26.789253
8333 -23.09261
8345 -17.518906
8356 -10.508684
8365 2.3529673
8375 5.4079695
8383 5.053626
8394 5.053628
8404 4.6609783
8414 4.7375927
8426 5.70485
8434 7.122218
8445 8.549161
8453 9.995259
8465 9.774993
8477 6.145383
8483 0.24606991
8497 -6.3906574
8505 -12.989077
8515 -18.802198
8524 -23.494835
8534 -27.124443
8546 -29.432453
8554 -30.56252
8565 -31.319084
8575 -31.740463
8584 -31.252048
8596 -30.246483
8605 -27.507515
8615 -22.192389
8625 -15.364125
8634 -7.405799
8647 -0.5966892
8654 2.7264633
8664 3.2436104
8674 2.601966
8683 1.8070898
8693 1.2037516
8703 1.0984058
8713 1.6825914
8725 3.406417
8733 8.501277
8744 9.928222
8753 7.7255564
8764 2.841385
8775 -2.8568153
8783 -8.545439
8794 -14.032949
8807 -19.606651
8815 -25.103737
8825 -29.193035
8833 -31.376545
8845 -32.12354
8857 -31.941578
8865 -31.414852
8876 -30.878551
8883 -30.409286
8894 -28.886574
8907 -23.887482
8915 -16.60911
8926 -9.129623
8933 -2.2055926
8945 2.2476225
8955 4.3353662
8965 5.5037374
8973 6.2124205
8984 5.953847
8994 4.7950535
9002 4.0289087
9014 4.35452
9024 5.7335806
9038 7.8596315
9044 7.792594
9056 9.717532
9069 -1.6501379
9075 -8.957241
9094 -17.547638
9094 -24.873894
9105 -29.786797
9114 -33.119522
9124 -35.456264
9134 -36.67252
9143 -36.595905
9155 -35.370075
9164 -33.2536
9173 -28.876999
9183 -21.58905
9194 -13.1806135
9202 -4.5997944
9214 2.9563055
9223 7.4286757
9233 9.257846
9246 9.889916
9253 9.956952
9268 9.679225
9280 9.152501
9284 8.817313
9296 9.171655
9306 10.167642
9314 10.4070635
9324 7.543597
9334 1.4048634
9345 -6.189544
9353 -14.147871
9364 -21.962545
9374 -28.369427
9383 -32.631107
9394 -35.01573
9403 -33.88567
9415 -31.711735
9424 -29.604836
9432 -27.746937
9444 -23.561872
9454 -15.689735
9465 -6.601347
9473 1.5772457
9483 6.4518404
9495 7.936246
9511 8.166089
9514 8.0032835
9526 7.419099
9533 6.5859156
9545 6.3464956
9553 6.949836
9564 8.213973
9575 9.822877
9582 8.453395
9594 2.7264624
9604 -4.6572547
9614 -12.491083
9625 -20.583485
9632 -27.5554
9644 -31.759617
9653 -33.445137
9664 -33.19614
9674 -31.769196
9683 -30.466751
9696 -29.614414
9707 -28.963192
9715 -19.28104
9724 -10.709797
9734 -2.3109374
9745 3.2436113
9756 4.067217
9764 2.9084215
9775 1.797513
9783 1.6730146
9795 2.3721209
9805 3.9331408
9815 6.375226
9825 9.123771
9833 11.297706
9845 11.556279
9852 8.233127
9864 1.8166666
9875 -5.701127
9882 -13.40088
9894 -20.602638
9903 -26.55941
9914 -30.150715
9926 -31.45316
9933 -31.673428
9951 -31.280777
9954 -30.361404
9966 -29.11642
9974 -28.17789
9984 -27.49794
9995 -24.548283
10004 -18.390396
10015 -10.317147
10024 -3.7474585
10033 -1.7842131
10045 -2.7514706
10057 -3.871955
10065 -3.2398872
10077 0.60041237
10083 3.540492
10095 6.5380316
10105 9.1333475
10115 11.259398
10126 10.445369
10133 5.0248966
10144 -3.1441193
10153 -12.395315
10164 -20.372795
10174 -25.448502
10184 -27.928894
10196 -29.11642
10206 -29.26007
10215 -28.292812
10225 -26.913754
10234 -25.965649
10244 -25.45808
10253 -22.853188
10264 -17.451868
10276 -10.7768345
10283 -5.2605934
10294 -3.3739624
10305 -4.2071447
10314 -6.0650444
10330 -7.7505636
10334 -8.057021
10344 -6.3906584
10353 -2.9334297
10364 1.5964003
10373 6.231574
10383 9.114194
10394 2.8509607
10403 3.827796
10413 -7.7601404
10424 -13.985064
10432 -18.907543
10444 -22.211542
10453 -24.011982
10464 -24.232248
10479 -24.260979
10484 -24.509975
10494 -24.691936
10504 -25.055855
10514 -22.460539
10524 -16.350536
10534 -9.11047
10545 -1.9182878
10555 1.8070898
10565 1.7208996
10576 -0.51049805
10584 -3.4793072
10594 -4.944558
10605 -3.670844
10614 -0.6158428
10624 2.783924
10633 6.1070757
10644 8.338473
10659 6.7295675
10665 0.6770258
10676 -7.9995604
10683 -16.838955
10694 -23.494835
10703 -27.325558
10714 -29.346264
10724 -30.696594
10733 -31.252048
10745 -30.648708
10757 -29.767643
10767 -28.110855
10774 -24.213093
10788 -17.940285
10796 -10.489531
10804 -3.3069248
10815 1.1558666
10826 2.6690025
10833 2.8796911
10846 2.218892
10854 1.3569803
10864 1.4144411
10874 3.023345
10883 5.819772
10893 8.922656
10904 11.747815
10913 12.494805
10926 9.047154
10933 1.7879362
10944 -8.1815195
10953 -17.41356
10965 -23.619331
10975 -28.053394
10983 -31.050934
10995 -32.74603
11006 -33.60794
11014 -33.895245
11024 -33.722862
11033 -33.454712
11044 -31.63512
11055 -26.013535
11065 -16.963451
11076 1.5868235
11083 4.306636
11094 3.5213375
11102 1.2707891
11114 -0.60626507
11124 -0.56795883
11133 1.6825914
11145 5.4367
11153 9.688802
11164 11.786122
11175 9.774993
11183 4.3640966
11194 -3.584653
11204 -12.50066
11215 -19.711994
11223 -24.395054
11233 -27.45963
11244 -29.365417
11258 -30.457172
11265 -30.878551
11276 -30.754055
11284 -29.815529
11294 -26.090149
11303 -18.28505
11315 -7.7505636
11324 -0.47219086
11334 1.1941748
11345 1.0313673
11354 0.30353165
11367 -0.40515232
11375 -0.0029268265
11384 1.9220114
11393 5.1110888
11403 8.826888
11412 11.85316
11423 11.843583
11432 0.53337383
11444 -6.8407674
11456 -15.469469
11464 -21.933815
11473 -25.448502
11483 -27.699055
11494 -29.509068
11506 -31.09882
11515 -32.027767
11525 -32.018192
11533 -31.165855
11545 -29.097267
11555 -24.366323
11565 -16.599533
11575 -6.6109233
11583 0.90686893
11594 2.7743473
11602 1.5676699
11614 -0.4913435
11625 -1.5160627
11633 -0.7211876
11644 1.6347075
11653 5.1685495
11664 9.047156
11676 11.1157465
11684 9.219539
11694 3.8182192
11704 -3.5463457
11714 -12.069703
11725 -19.711994
11733 -24.758972
11744 -27.507515
11754 -28.944038
11765 -29.882565
11774 -30.303944
11784 -29.106842
11795 -27.90974
11804 -25.467655
11815 -20.372795
11826 -12.816694
11833 -4.5519104
11845 -0.041234016
11855 -0.6445732
11865 -3.5654993
11875 -6.64923
11882 -8.085752
11894 -7.501567
11903 -4.896675
11914 -0.47219086
11926 4.38325
11932 7.5244436
11944 7.217986
11953 3.9331408
11965 -1.4681778
11973 -8.880627
11984 -15.479046
11995 -19.415113
12008 -22.12535
12014 -23.992828
12025 -25.036701
12033 -25.764538
12045 -26.406181
12055 -26.798832
12064 -25.86988
12074 -21.88593
12083 -6.294889
12095 2.0560865
12110 0.763217
12116 1.184597
12125 -2.4354343
12134 -5.222286
12145 -6.1608133
12155 -3.9389944
12164 0.42803
12175 5.111088
12182 7.5723257
12194 6.289035
12206 2.171008
12214 -3.7761889
12225 -11.006678
12234 -16.896416
12243 -19.81734
12254 -21.158092
12264 -21.972122
12274 -22.958534
12284 -24.423784
12295 -26.14761
12303 -27.957626
12315 -27.632015
12325 -23.140491
12333 -15.756774
12345 -8.076175
12353 -4.207145
12365 -4.954135
12376 -7.8080244
12383 -10.642758
12395 -11.064137
12404 -8.057021
12414 -2.5312033
12431 9.267423
12435 9.296153
12449 11.182784
12455 3.4638777
12473 -1.8416739
12473 -9.943652
12482 -16.436728
12494 -20.286604
12506 -22.824455
12515 -25.084583
12524 -27.143597
12533 -28.896152
12545 -30.466751
12554 -30.22733
12565 -26.29126
12576 -19.137386
12584 -10.1160345
12594 -1.2574883
12609 4.5173254
12615 7.2371397
12624 8.194819
12634 6.9211054
12645 4.7950544
12652 4.105523
12664 5.4175463
12674 7.74471
12683 9.909068
12694 9.918645
12703 7.1413717
12714 3.0137672
12724 -1.8033667
12732 -7.108917
12745 -12.586851
12753 -18.131823
12765 -24.577013
12776 -25.745384
12783 -26.32957
12795 -26.616875
12804 -26.932907
12815 -27.402172
12826 -27.564976
12833 -24.9122
12844 -18.036053
12853 -8.219827
12864 0.8589859
12874 5.70485
12883 6.949836
12894 6.1645365
12903 5.139819
12916 5.187703
12925 6.4422636
12932 8.395932
12944 9.8133
12953 8.989694
12964 6.365649
12976 3.1861506
12983 -0.40515232
12996 -3.8719563
13006 -8.258135
13014 -8.2294035
13025 -9.072163
13033 -9.541427
13044 -9.761693
13055 -9.685079
13064 -9.369043
13077 -9.024279
13086 -6.371503
13095 -1.4873314
13107 2.3912745
13115 5.139819
13125 11.000825
13134 5.9634237
13144 2.5732346
13154 -0.03165722
13164 -1.3341026
13175 -0.8169546
13183 0.6387186
13195 2.1901617
13205 3.7224512
13215 4.852515
13224 5.609082
13234 6.040038
13245 5.992154
13254 5.5037374
13264 4.8333597
13275 4.067216
13283 3.3202257
13293 2.8030777
13304 2.7073097
13314 2.8605385
13329 3.0041914
13333 2.927577
13344 2.7168856
13353 2.601964
13365 2.5445032
13376 2.4774656
13383 2.4391594
13394 2.4774666
13402 2.4678898
13414 2.4391594
13425 2.4870434
13432 2.5828114
13444 2.7743473
13454 2.97546
13465 3.166996
13473 2.793501
13483 2.9946136
13495 3.4734535
13507 3.6649895
13515 3.3681087
13527 2.8892689
13537 2.5349264
13545 2.3721209
13555 2.228469
13565 2.0465097
13577 1.9028578
13584 1.8837042
13595 1.9507418
13604 1.9986258
13616 2.0656633
13625 2.132701
13633 2.3529673
13644 2.6690016
13652 2.7935
13664 2.649848
13675 2.4295816
13683 2.2763538
13694 2.276353
13704 2.3338137
13714 2.458312
13723 2.649848
13733 2.7839231
13745 2.8030777
13755 2.745617
13765 2.6690025
13774 2.6306953
13784 2.649848
13795 2.6115408
13807 2.5828104
13815 2.5636578
13825 2.5445042
13834 2.6306953
13844 2.6881561
13854 2.697733
13865 2.649849
13873 2.5253506
13883 2.410428
13893 2.3912745
13909 2.4200058
13916 2.4391594
13928 2.4774666
13934 2.5732346
13945 2.783924
13955 3.0520744
13965 3.262765
13975 3.3202257
13983 3.2340345
13995 3.2340345
14005 3.6649895
14016 4.574786
14025 5.427123
14033 5.5037374
14045 4.632247
14055 3.7703352
14064 3.21488
14075 2.3721209
14083 1.1175594
14094 0.6578722
14102 1.1750202
14114 1.9986258
14125 2.8030777
14134 3.9522943
14144 3.5692215
14154 3.358532
14163 2.6211176
14175 1.6634369
14183 0.6866026
14194 0.05453396
14205 -0.16573238
14215 -0.29023075
14225 -0.050810814
14234 0.5333748
14246 1.2229052
14255 1.8358202
14266 2.4487352
14276 2.9563065
14284 3.1957273
14295 3.39684
14306 3.5692225
14315 3.6745672
14326 3.7607584
14334 3.87568
14345 3.9427176
14354 4.0767927
14366 4.258753
14374 4.3353662
14383 4.2779055
14395 4.1917143
14404 4.0863695
14414 4.067216
14423 4.249175
14433 4.4215574
14445 4.402404
14456 4.057639
14466 3.8948336
14475 3.7128744
14484 3.406417
14495 3.0903816
14508 2.8605385
14515 2.6785793
14524 2.4774656
14533 2.362545
14543 2.362544
14556 2.4200048
14564 2.5157738
14574 2.6594257
14585 2.8605385
14595 3.1478434
14603 3.5213385
14614 3.8661032
14624 4.153407
14633 4.431134
14645 4.7471704
14653 5.053628
14664 5.1685495
14674 5.1589727
14684 4.9387054
14705 2.601964
14705 1.0600996
14714 2.5349264
14728 3.6937208
14734 4.0863695
14745 4.6130943
14754 5.139819
14764 5.206856
14777 5.063204
14784 5.01532
14794 4.8046303
14803 4.5556335
14813 4.2874823
14825 4.0289087
14833 3.8661032
14843 3.7511816
14852 3.6458368
14864 3.6649904
14887 3.684144
14887 3.6554136
14896 3.6554136
14907 3.6554136
14914 3.5979528
14925 3.5309153
14933 3.4351473
14969 3.3872633
14969 3.444724
14969 3.6266832
14978 3.7990656
14985 3.9139872
14995 3.9618711
15003 4.009755
15013 4.1917143
15028 4.3640966
15032 4.4215574
15044 4.3736734
15053 4.3162127
15063 4.258752
15078 4.162984
15082 4.009755
15096 3.827796
15107 3.6937208
15114 3.6745672
15128 4.0001783
15132 4.6897087
15144 5.2547407
15157 5.331355
15162 4.86209
15176 4.153408
15182 3.4638777
15193 3.0616512
15209 2.9467297
15213 2.9084215
15228 2.8701143
15232 2.8318071
15245 2.9179993
15253 3.1095352
15263 3.3298025
15276 3.588376
15282 3.8469496
15293 4.0289087
15303 4.1438303
15312 4.153407
15326 4.0767927
15332 4.009755
15345 3.9331408
15357 3.779912
15364 3.5979528
15374 3.4159927
15382 3.3010712
15393 3.2436113
15404 3.2053041
15412 3.2340345
15424 3.358533
15432 3.5596457
15442 3.8086424
15454 3.8852568
15463 2.9467297
15476 2.4295816
15482 2.927576
15493 3.3681087
15504 4.0001783
15513 4.680132
15528 5.245163
15532 5.52289
15545 5.5133142
15553 5.2643175
15563 4.871667
15578 4.392827
15582 3.9044104
15594 3.4543009
15608 3.1095362
15613 2.879692
15624 2.697733
15634 2.6402712
15643 2.7168856
15658 2.841384
15663 2.97546
15674 3.1382656
15682 3.310648
15693 3.4734535
15706 3.6554136
15714 3.7990656
15726 3.684144
15733 3.779912
15743 3.7990656
15755 3.8373728
15763 3.9522943
15774 4.067216
15782 4.1725607
15793 4.1246767
15806 3.923564
15813 3.7607584
15824 3.4830313
15832 3.1861496
15843 3.0329208
15854 2.9371529
15863 2.889268
15877 2.9467306
15883 3.0903826
15977 3.214881
15977 3.3298025
15978 3.588376
15978 3.8948336
15978 4.067216
15978 4.0959463
15978 4.0480623
15978 4.0384855
15978 4.019332
15984 3.9618711
15993 3.8565264
16009 3.827796
16014 3.8182192
16023 3.8182192
16032 3.8182192
16043 3.87568
16054 4.105523
16063 4.344943
16073 4.526903
16082 4.7088623
16093 4.670555
16106 4.488596
16114 4.258752
16126 4.162984
16132 4.2300215
16143 4.402404
16154 4.526902
16163 4.3162127
16175 3.732028
16182 2.6211185
16193 1.8741274
16204 2.1805859
16214 2.0560865
16223 0.4950676
16232 -0.6349964
16243 -0.041234016
16254 1.0122147
16263 1.749629
16277 2.4008512
16282 3.6171064
16293 4.86209
16303 2.9084225
16313 -0.797802
16325 -2.5216274
16332 -2.9334297
16343 -2.8855457
16353 -2.4354353
16363 -1.8129435
16375 -1.0372219
16382 -0.06996441
16393 1.0313683
16403 3.071228
16413 6.1645374
16424 6.18369
16432 5.848502
16443 5.771888
16454 4.967436
16464 3.540492
16473 2.132701
16483 1.0217905
16493 0.3035307
16504 -0.34769154
16514 -1.2574883
16526 -2.1289778
16533 -2.713163
16543 -2.6557016
16554 -1.3053732
16564 0.5525274
16574 1.701745
16583 1.9315882
16594 1.1654434
16604 0.016226768
16614 -0.702034
16625 -0.6924572
16632 -0.03165722
16644 1.4623251
16654 3.7032976
16663 5.8389254
16674 6.470994
16683 5.4175463
16693 3.6554136
16703 1.701745
16713 0.07368755
16724 -0.5583811
16733 -0.4338827
16743 0.6291418
16753 0.18860912
16764 -0.012503624
16842 0.9068699
16842 2.4295816
16842 3.6745672
16842 3.827796
16842 2.4678888
16842 0.3322611
16842 -1.2479115
16844 -1.9182882
16856 -1.8129435
16865 -1.2574892
16874 -0.29023075
16883 1.0600986
16899 2.2859306
16907 3.1382666
16913 3.4447231
16923 2.4870424
16932 1.5485163
16943 2.266776
16954 3.7128744
16964 4.957859
16974 5.235586
16983 4.814206
16993 4.4119816
17003 3.8469496
17014 2.8126545
17023 1.5676699
17033 0.40887547
17043 -0.28065395
17054 -0.18488598
17063 1.2995195
17075 2.927576
17082 4.249176
17093 4.019332
17104 3.1765728
17113 3.8948336
17124 6.0304613
17133 9.200385
17144 11.537126
17154 12.083003
17164 12.083003
17176 12.035119
17183 11.987235
17193 11.8244295
17204 11.058286
17215 9.1812315
17224 6.480571
17233 1.4048643
17244 -6.2086973
17254 -14.463905
17263 -23.868328
17273 -32.14269
17283 -35.781876
17293 -35.86807
17304 -34.948696
17314 -33.713287
17325 -32.56407
17333 -32.736454
17343 -34.95827
17356 -38.367615
17363 -34.556046
17377 -23.102184
17383 -8.104905
17394 3.5979528
17404 8.865197
17413 13.586562
17425 14.917739
17432 11.268975
17443 5.858079
17454 -2.2343216
17464 -15.412008
17474 -29.020653
17484 -36.57675
17494 -38.156925
17503 -36.57675
17514 -33.358944
17524 -30.600822
17533 -30.514633
17543 -34.058052
17554 -35.38923
17564 -28.264084
17576 -18.447857
17583 -9.914922
17594 -1.5447922
17603 6.1262283
17614 14.074981
17628 20.635094
17633 22.004578
17644 17.886547
17654 9.535573
17663 -2.7131634
17676 -17.72002
17683 -29.240917
17694 -33.751595
17704 -33.244022
17715 -32.832222
17724 -33.809055
17733 -38.425076
17743 -38.693226
17754 -29.853832
17765 -19.15654
17773 -10.269263
17783 -1.7267523
17796 8.099053
17805 17.292786
17813 20.481865
17823 16.861832
17833 7.3424845
17843 -8.334748
17855 -25.61131
17864 -37.113052
17874 -40.915043
17884 -40.05313
17894 -37.745125
17905 -36.567177
17913 -38.34846
17925 -42.504795
17934 -38.05158
17945 -26.377453
17957 -16.695301
17964 -7.214263
17975 2.5732336
17983 12.561845
17994 18.949574
18007 19.14111
18014 13.318412
18026 0.3035307
18033 -17.001759
18043 -36.567177
18057 -38.185654
18064 -37.16094
18074 -37.189667
18083 -41.23108
18094 -44.01793
18103 -35.92553
18114 -21.723124
18124 -10.393763
18133 -0.60626507
18143 9.353612
18154 16.287224
18163 16.526642
18175 11.757392
18183 0.035380363
18194 -18.94585
18205 -33.952705
18215 -40.780968
18224 -42.58141
18233 -40.235092
18244 -39.172066
18255 -43.970047
18264 -46.03864
18274 -35.063618
18282 -18.285051
18293 -4.3699512
18305 7.696826
18313 20.137096
18327 29.49364
18332 29.215912
18343 21.03732
18356 5.3600845
18364 -17.432716
18376 -43.53909
18383 -46.565357
18394 -47.168697
18406 -48.921257
18414 -51.238842
18427 -46.01948
18433 -29.767643
18444 -12.07928
18454 1.6730137
18464 14.879432
18474 28.219925
18485 36.17825
18493 34.13839
18506 25.117039
18513 5.8389254
18531 -19.568344
18536 -37.802586
18544 -47.513462
18556 -50.980267
18568 -51.325035
18580 -52.09118
18583 -52.799862
18595 -41.307693
18604 -22.75742
18613 -8.258135
18633 6.844491
18633 20.855358
18659 29.598988
18660 30.154438
18675 24.073166
18676 12.063849
18689 -9.033855
18697 -29.5378
18703 -44.61169
18714 -47.01547
18729 -47.427273
18732 -48.57649
18743 -48.796757
18754 -36.892788
18763 -17.298641
18776 -1.4777546
18783 13.213067
18794 26.898323
18824 34.665115
18825 31.993187
18825 20.041332
18833 -0.7690716
18844 -23.944942
18853 -39.717945
18864 -47.13039
18875 -50.185394
18882 -52.455097
18894 -53.996964
18908 -53.815006
18914 -40.848007
18925 -20.50687
18932 -4.676408
18950 11.987235
18956 28.200771
18966 38.69695
18976 39.17579
18984 29.771366
18993 11.958505
19003 -12.203779
19014 -33.56006
19026 -50.185394
19033 -51.765568
19045 -52.62748
19064 -52.21568
19065 -48.135956
19076 -33.042908
19083 -13.496647
19093 3.6458359
19107 21.774734
19115 35.584488
19124 41.12946
19133 36.350636
19144 20.28075
19158 -4.149684
19163 -27.670322
19173 -42.294106
19182 -48.42326
19197 -51.32503
19210 -54.13104
19216 -54.48538
19230 -51.583607
19234 -36.25114
19244 -14.281946
19263 1.8932819
19264 17.97274
19276 40.79427
19282 41.39761
19293 40.966656
19304 29.235065
19313 8.759852
19324 -16.752762
19333 -43.35713
19343 -52.675365
19359 -54.801414
19365 -55.05999
19375 -51.985836
19382 -44.79365
19395 -26.904179
19409 -6.055468
19415 10.474101
19426 27.405895
19433 38.955524
19445 43.332127
19454 38.945946
19464 21.104355
19475 -4.55191
19483 -29.882565
19495 -49.333057
19516 -59.628124
19516 -64.435684
19533 -66.67666
19533 -65.01029
19545 -57.54038
19553 -37.256706
19564 -11.791976
19574 7.9649763
19583 25.902336
19594 38.256416
19618 44.002502
19625 45.027218
19625 36.676243
19633 15.013507
19644 -13.171037
19654 -44.276505
19663 -58.23949
19675 -65.55617
19683 -66.70538
19693 -63.075775
19704 -50.836617
19714 -28.359852
19727 -3.9773016
19737 17.876972
19744 34.511887
19754 42.259525
19765 44.088696
19776 34.339504
19782 11.968081
19794 -15.996194
19804 -38.597458
19813 -51.411224
19825 -58.6896
19832 -62.11809
19843 -62.22344
19857 -58.603405
19864 -42.974056
19874 -19.01289
19883 3.071228
19893 23.479404
19903 37.126354
19914 43.485355
19925 40.77512
19933 25.787415
19943 2.649849
19954 -21.100632
19964 -39.13376
19974 -50.951538
19982 -58.890713
19994 -59.379128
20003 -55.2611
20014 -37.69724
20029 -12.251663
20032 9.8133
20044 28.593418
20054 39.51098
20064 44.60584
20077 40.114315
20083 20.874512
20095 -6.084199
20108 -29.068535
20114 -43.94132
20126 -52.48383
20133 -56.52524
20143 -58.431026
20153 -58.727905
20163 -56.592278
20175 -52.550865
20184 -36.91194
20195 -15.191742
20204 -2.54078
20214 14.362283
20230 28.114578
20235 17.589668
20243 -8.8423195
20253 -25.007969
20263 -23.341606
20275 -16.60911
20290 -12.74008
20299 -18.103092
20308 -32.813065
20314 -39.7371
20325 -40.69478
20332 -33.61752
20345 -20.29618
20353 -7.875062
20364 0.19818592
20373 5.1302414
20383 8.58747
20394 11.517972
20409 14.505935
20413 17.024635
20425 18.087662
20432 17.446014
20444 15.387002
20458 12.255385
20464 8.759852
20474 5.9730005
20482 4.632248
20493 4.431134
20504 4.2779055
20514 3.827796
20525 4.8046293
20532 7.2467146
20544 10.158065
20555 12.351153
20566 12.169196
20576 9.372767
20582 5.063204
20594 0.8685627
20603 -1.7650595
20613 -1.8225203
20631 2.841385
20632 4.526902
20649 5.848502
20654 6.1070757
20662 4.718438
20675 2.3529673
20682 0.4471836
20694 0.18860912
20704 1.2133274
20713 2.276353
20724 3.2819185
20732 4.153407
20744 4.5173264
20755 4.0863695
20764 3.2531881
20777 2.4870434
20782 1.9507418
20793 1.6921682
20805 1.0122147
20813 0.05453396
20825 -0.22319317
20832 0.44718266
20844 1.6538601
20854 2.5732346
20863 2.879692
20875 3.071228
20882 3.2531881
20895 3.262764
20904 3.5500689
20929 4.3640976
20929 4.9770126
20932 5.3696623
20946 3.0329208
20953 1.5868235
20964 0.18860912
20974 0.14072514
20983 0.82067776
20998 1.7113218
21009 2.4391584
21015 2.7647696
21027 2.73604
21033 2.5732336
21044 2.5349274
21056 2.745617
21066 3.3202248
21075 4.0959463
21083 4.584364
21094 4.479019
21105 3.7607584
21115 2.841385
21122 2.132701
21133 1.8837042
21145 1.7783594
21155 1.4719009
21164 1.1462889
21174 1.3474035
21183 2.2859297
21194 3.3872633
21205 4.162984
21214 4.3640966
21228 3.9618711
21233 3.4543009
21243 3.2340345
21256 3.1574183
21263 3.0903816
21275 2.783924
21283 2.7264633
21293 2.793501
21305 2.8988447
21313 2.889268
21328 2.8030777
21333 2.8509617
21344 3.1478424
21356 3.406416
21363 3.4255705
21375 3.3010721
21383 3.21488
21393 3.214881
21405 3.2340336
21413 3.2819185
21426 3.3010721
21432 3.1957264
21443 3.0616512
21453 3.0424976
21463 3.1382656
21473 3.3202257
21483 3.5213375
21493 3.7894888
21505 3.9618711
21513 3.9331408
21523 3.7703352
21533 3.4830313
21543 3.1095343
21554 2.7264624
21563 2.5253506
21573 2.6402712
21583 2.9850368
21593 3.7990656
21605 4.067216
21613 4.067216
21624 3.8086424
21633 3.348956
21643 2.7551937
21653 2.1518545
21663 1.749629
21676 1.6825905
21682 1.989049
21693 2.4870434
21703 2.9850368
21713 3.3393793
21724 3.5692215
21733 3.6266832
21743 3.5787992
21755 3.4255705
21764 3.2340345
21775 3.071229
21783 2.9467287
21794 2.8701143
21804 2.831808
21814 2.8222313
21824 2.8222313
21833 2.8030777
21844 2.73604
21854 2.697732
21864 2.697732
21873 2.73604
21883 2.7551937
21893 2.7168865
21904 2.6115417
21913 2.3721218
21926 2.4774666
21932 2.5445032
21944 2.601964
21955 2.6594248
21964 2.745616
21975 2.831809
21983 2.9180002
21993 2.985036
22004 2.9563055
22014 2.889268
22027 2.7264624
22033 2.649848
22043 3.0520744
22055 3.7703352
22063 4.3162127
22074 4.536479
22083 4.392827
22094 4.201292
22104 4.287483
22114 4.814206
22124 5.5899286
22133 6.27946
22143 6.8253374
22154 7.26587
22164 7.553174
22177 7.706403
22183 7.5819044
22194 7.093486
22206 6.317765
22214 5.4175453
22225 4.7854767
22234 4.105523
22243 5.752734
22259 6.4422636
22263 6.710414
22275 6.4039564
22283 5.4941607
22293 4.1151
22303 2.4678898
22314 0.83983135
22326 -0.60626507
22336 -2.0906706
22354 -3.8815336
22354 -6.11293
22367 -8.238981
22375 -9.426504
22383 -9.77127
22393 -9.9723835
22404 -10.336302
22413 -10.815142
22425 -11.15033
22432 -11.226944
22443 -9.819154
22454 -6.3427725
22463 -2.5982413
22473 0.035380363
22483 1.7400522
22493 3.1382656
22504 4.536479
22514 6.241151
22525 8.491702
22533 11.288129
22543 13.998364
22553 14.180324
22563 13.28968
22576 9.679225
22584 7.02645
22594 4.9003973
22605 4.62267
22614 5.5516214
22624 6.4039564
22633 6.5476084
22644 6.241151
22658 5.8389254
22664 5.561198
22674 5.427122
22683 5.3983927
22693 5.293048
22704 4.823784
22713 4.38325
22725 4.1438303
22733 4.0001783
22743 3.9618711
22754 3.8182192
22764 3.492607
22774 3.1957273
22783 2.841385
22793 2.1039705
22804 0.9547548
22813 -0.31896114
22826 -1.1329899
22833 -1.2574883
22844 -1.2191811
22854 -1.410718
22864 -1.6597147
22874 -0.27107716
22883 -1.5447922
22893 -3.603806
22904 -3.9294176
22914 -2.9334297
22924 -1.2479124
22933 0.42802906
22943 1.989049
22954 3.0041914
22963 3.023344
22973 2.1614313
22983 0.98348427
22993 0.064110756
23004 -0.29980755
23014 -0.14657879
23026 0.4950676
23032 1.3186731
23043 1.9698954
23054 2.362544
23063 2.4678888
23077 2.3721209
23082 2.171008
23093 2.0656633
23104 2.0943937
23114 1.989049
23123 1.7879362
23133 1.8262434
23143 2.1231241
23152 2.4774656
23163 2.73604
23174 2.879692
23183 2.8509626
23194 2.3050842
23208 1.701745
23214 0.9260235
23224 0.25564766
23234 -0.14657879
23244 -0.22319317
23255 -0.06038761
23264 0.24606991
23278 0.5333748
23284 0.6961794
23293 0.70575714
23305 0.6387186
23314 0.6099882
23326 0.667449
23333 0.83983326
23344 1.1750212
23355 1.5676699
23364 1.7879362
23375 1.7113218
23384 1.4048643
23394 1.2133274
23405 1.232481
23414 1.4144402
23426 1.7687826
23433 2.1997385
23444 2.4966192
23454 2.5828104
23466 2.506196
23474 2.3912745
23484 2.2859297
23494 2.218892
23509 2.2093153
23514 2.31466
23525 2.4966192
23534 2.6594248
23544 2.8605375
23555 3.1095362
23564 3.3681097
23573 3.5692225
23584 3.63626
23594 3.5787992
23603 3.4638777
23614 3.2819185
23625 3.1095362
23633 2.9467306
23643 2.783924
23655 2.6785784
23663 2.601964
23673 2.5157728
23683 2.4391584
23694 2.31466
23705 2.0943937
23714 1.8358202
23726 1.5772457
23733 1.2420578
23743 0.8972931
23753 0.6099882
23764 0.48548985
23775 0.6099882
23784 0.82067776
23794 1.1462908
23804 1.797513
23814 2.7073088
23825 3.5309153
23832 3.9044104
23843 3.827796
23853 3.2436113
23864 2.9371529
23875 2.927576
23883 3.0520754
23894 3.166997
23904 3.2436113
23916 3.2723417
23935 3.262764
23937 3.2340336
23944 3.2244568
23955 3.1574192
23964 3.0903816
23974 3.0903816
23988 3.21488
23994 3.4351463
24008 3.6937208
24015 3.8565264
24024 3.8661032
24038 3.8469496
24044 3.7224512
24055 3.6745672
24063 3.6075296
24076 3.4638777
24082 3.2914953
24093 3.1861506
24103 3.1765738
24114 3.2723417
24127 3.4351473
24133 3.540492
24144 3.4830313
24155 3.3202248
24164 3.2340336
24174 3.1574192
24183 2.8701143
24194 2.6211176
24204 2.4870424
24213 2.5157728
24224 2.697732
24233 3.0041895
24244 3.1957254
24255 3.2436094
24264 3.3010712
24276 3.3393784
24283 3.2914944
24299 3.2053041
24304 3.1382666
24314 3.166997
24326 3.310649
24333 3.3872633
24343 3.4159937
24353 3.492608
24364 3.5117617
24376 3.5021849
24384 3.492608
24393 3.5117617
24403 3.5213385
24413 3.5021849
24425 3.2531881
24432 3.2053041
24444 3.2436113
24454 3.0808058
24463 3.0903807
24480 3.0999584
24483 3.0329208
24494 3.0137672
24504 2.975459
24513 2.8318071
24524 2.8030767
24533 2.8126535
24543 2.8988447
24553 3.0137672
24564 3.1095352
24577 3.2244568
24584 3.310648
24594 3.3393784
24607 3.2723408
24614 3.2436104
24625 3.2244568
24633 3.2436104
24644 3.2914944
24653 3.4159937
24668 3.597952
24673 3.6458359
24683 3.540491
24693 3.3776865
24703 3.214881
24713 3.0808058
24722 2.9850378
24732 2.8988466
24744 2.8222322
24755 2.7647715
24765 2.7456179
24775 2.7551947
24784 2.7168875
24794 2.6785784
24805 2.6115408
24813 2.4870424
24824 2.3242369
24832 2.1518545
24844 1.9794722
24852 1.989049
24863 2.036933
24874 2.1135473
24882 2.2571993
24893 2.4391584
24902 2.6402712
24913 2.8126535
24924 2.927576
24932 2.9371529
24943 2.927575
24953 2.9467287
24965 2.975459
24975 3.0329208
24984 3.0999584
24995 3.1478424
25007 3.1382656
25014 3.0903807
25023 3.0999575
25034 3.119112
25044 3.119112
25055 3.1286888
25064 3.119112
25075 3.0903816
25083 3.071228
25094 3.0424976
25104 2.97546
25114 2.8988447
25124 2.889268
25133 2.927575
25143 2.9179983
25153 2.889268
25163 2.8701143
25172 2.8701143
25183 2.8509607
25193 2.7935
25204 2.7551928
25213 2.6690016
25224 2.5828104
25234 2.458312
25245 2.31466
25255 2.2380457
25264 2.218892
25274 2.228469
25284 2.266776
25295 2.228469
25305 2.2093153
25314 2.1901617
25325 2.1518545
25333 2.084817
25344 1.989049
25355 1.9220114
25365 2.0177794
25375 2.3050833
25383 2.601964
25393 2.7935
25404 2.8701143
25413 2.9179993
25426 2.9850368
25432 3.0520744
25444 3.0999584
25453 3.2053032
25465 3.1957264
25474 3.21488
25484 3.1478424
25496 3.119113
25505 3.0424986
25514 3.0041914
25527 2.927575
25533 2.7647696
25543 2.5445032
25555 2.31466
25564 2.1135473
25575 1.9603186
25584 1.9124346
25594 1.9603186
25609 1.9986258
25614 2.0177794
25625 2.1135473
25633 2.218892
25643 2.362544
25654 2.5349264
25663 2.6881552
25675 2.7839231
25683 2.8605385
25693 2.9946146
25703 3.2244577
25713 3.4734545
25723 3.6649904
25734 3.7607584
25744 3.7894888
25755 3.7990656
25764 3.827796
25776 3.9522943
25783 4.0480623
25794 4.0767927
25806 3.9618711
25814 4.0001783
25824 4.0384865
25834 4.1917152
25844 4.4215584
25854 4.6609783
25863 4.814207
25874 4.909976
25883 4.919553
25893 4.8429384
25904 4.766324
25913 4.680133
25924 4.6609793
25932 4.728017
25943 4.7375937
25953 4.5077505
25964 4.153407
25976 3.8373728
25984 3.588375
25994 3.3968391
26006 3.3202248
26014 3.2723408
26026 3.1765718
26034 3.0999575
26044 3.0808039
26056 3.119111
26063 3.1765728
26073 3.2053032
26083 3.166996
26093 3.0329208
26103 2.8988447
26113 2.889268
26125 2.985036
26133 3.0137663
26142 3.3776865
26154 3.5787992
26163 3.7511816
26175 3.8565264
26182 4.019332
26194 4.2300215
26204 4.4981728
26214 4.8429384
26225 5.2164335
26235 5.522891
26244 5.570775
26256 5.3505087
26264 5.1302423
26277 4.95786
26284 4.8333616
26301 4.7854776
26305 4.718439
26314 4.584363
26324 4.3640966
26334 4.1725607
26344 3.923564
26354 3.684144
26364 3.4830313
26375 3.262765
26389 2.9658842
26393 2.6211185
26404 2.276353
26413 1.9603186
26425 1.845397
26432 1.9220114
26443 1.9794722
26454 1.7113218
26465 1.5676689
26475 1.4719009
26484 1.4910545
26494 1.5964003
26504 1.6634378
26514 1.7113218
26527 1.797513
26533 1.9315882
26543 2.0177794
26554 2.1422777
26564 2.2859297
26576 2.3912745
26583 2.4008512
26594 2.4008512
26603 2.362544
26614 2.362544
26624 2.4391584
26633 2.55408
26646 2.649849
26654 2.649849
26664 2.649849
26673 2.6594257
26682 2.6690025
26693 2.6690025
26702 2.6690025
26713 2.7073097
26723 2.73604
26733 2.649849
26743 2.458312
26753 2.2093153
26763 2.0082026
26773 1.8645506
26783 1.8262434
26793 1.8262434
26808 1.7592058
26813 1.7400522
26824 1.6442842
26833 1.5868235
26844 1.5389395
26854 1.5197859
26864 1.4335947
26876 1.3474035
26882 1.3186731
26893 1.3761339
26904 1.4910555
26913 1.6251307
26924 1.6825914
26933 1.6347075
26943 1.5485153
26954 1.5006313
26964 1.5676689
26975 1.6538601
26983 1.7783585
26994 1.797513
27006 1.797512
27014 1.7879353
27025 1.89328
27034 2.036933
27045 2.171008
27054 2.2571993
27064 2.276353
27075 2.3050833
27083 2.362544
27094 2.4487352
27109 2.8030787
27113 2.8988466
27123 3.0137682
27133 3.023345
27143 2.8892698
27153 2.8030787
27163 2.7743483
27173 2.8126554
27182 2.831808
27194 2.783924
27204 2.7073107
27213 2.6306953
27225 2.5923882
27234 2.5732346
27244 2.5828114
27256 2.601965
27264 2.5732346
27275 2.554081
27284 2.5253506
27294 2.4870434
27304 2.458313
27314 2.4678898
27324 2.4678898
27334 2.4487362
27344 2.3816986
27354 2.2476234
27364 2.1135473
27376 2.0465097
27383 2.0273561
27393 2.084817
27404 2.0943937
27414 2.0465097
27426 1.9507418
27432 1.8166666
27444 1.7400522
27455 1.7113218
27464 1.7783594
27474 1.797513
27484 1.8262434
27494 1.8166666
27507 1.7879362
27514 1.749629
27524 1.7783594
27534 1.8549738
27544 1.893281
27554 1.8741274
27563 1.8741274
27573 1.9220114
27583 1.9794722
27593 2.0752401
27605 2.1422787
27614 2.1614313
27623 2.132701
27633 2.132701
27643 2.1518555
27654 2.2572002
27664 2.410429
27677 2.5732346
27683 2.6115427
27693 2.5828114
27703 2.554081
27713 2.554081
27724 2.5349274
27733 2.5253496
27743 2.4966202
27754 2.4870434
27765 2.458313
27778 2.3433914
27784 2.2571993
27807 2.171008
27807 2.1518545
27812 2.132701
27824 2.1039705
27832 2.0752401
27843 2.084817
27853 2.1039715
27864 2.084817
27873 1.989049
27883 1.8741274
27893 1.7592058
27904 1.6730137
27913 1.6538601
27922 1.7304754
27933 1.8549738
27943 1.941165
27954 1.9603186
27963 1.9315882
27974 1.9028578
27986 1.941165
27995 1.9220114
28009 1.8549738
28014 1.8166666
28026 1.7687826
28037 1.7113218
28046 1.701745
28059 1.7304754
28064 1.8166666
28074 1.9603186
28083 2.0752401
28094 2.084817
28105 2.1039705
28114 2.0560865
28125 2.0177794
28133 1.9507418
28144 1.8358202
28154 1.7592058
28163 1.7400522
28174 1.6921682
28184 1.6251297
28194 1.5580921
28203 1.5197849
28213 1.4048634
28227 1.2516346
28233 1.1079826
28245 1.0026379
28255 0.98348427
28264 1.088829
28274 1.1941738
28284 1.3090963
28294 1.4431715
28305 1.5006323
28314 1.5676699
28324 1.6730146
28332 1.8358202
28343 1.9794722
28354 2.084817
28363 2.132701
28375 2.2093153
28383 2.3529673
28394 2.4774656
28404 2.5253506
28413 2.5349274
28426 2.6115417
28433 2.7168865
28444 2.7264633
28454 2.745617
28464 2.7647705
28475 2.7551937
28484 2.7168865
28495 2.6690025
28505 2.5828114
28514 2.5157738
28527 2.5253506
28533 2.5157738
28544 2.458313
28554 2.410429
28564 2.3912754
28576 2.410429
28584 2.458313
28594 2.4678898
28604 2.4774666
28614 2.4774666
28624 2.4487352
28633 2.4295826
28645 2.4391584
28655 2.4391594
28664 2.4487362
28674 2.4678888
28683 2.4966202
28693 2.4678888
28704 2.4008512
28713 2.266776
28725 2.171008
28734 2.180585
28744 2.2571993
28754 2.2859297
28764 2.2859297
28776 2.3242378
28784 2.3529682
28794 2.4008522
28805 2.4008522
28814 2.3816986
28824 2.3338146
28834 2.2476234
28844 2.171009
28854 2.1805859
28864 2.2093163
28877 2.1901617
28884 2.171008
28893 2.132701
28902 2.084817
28914 2.0465097
28925 1.989049
28933 1.941164
28943 1.9220104
28954 1.941165
28965 1.9220114
28974 1.9028578
28983 1.9028578
28994 1.893281
29005 1.9124346
29014 2.0177794
29024 2.1614313
29034 2.2571993
29047 2.218892
29058 2.1231241
29064 1.989049
29074 1.9507418
29083 1.9698954
29093 1.9507418
29104 1.9028578
29114 1.8645506
29124 1.7687826
29133 1.6921673
29143 1.5963993
29154 1.5197849
29163 1.4623241
29173 1.5102091
29183 1.6155539
29194 1.7400522
29204 1.797513
29214 1.7879353
29225 1.7783585
29233 1.8645506
29244 2.0082026
29256 2.1422777
29264 2.2571993
29274 2.2476225
29283 2.180585
29294 2.218892
29306 2.3433905
29314 2.4391584
29324 2.4391584
29334 2.4008512
29344 2.3050833
29358 2.1997385
29364 2.1135473
29374 2.1422777
29383 2.132701
29393 2.218892
29402 2.266776
29413 2.1997385
29424 2.1135473
29432 2.0943937
29444 2.1422777
29454 2.180585
29464 2.1997385
29474 2.2380457
29485 2.266776
29495 2.228469
29506 2.180585
29514 2.1518545
29524 2.2093153
29533 2.3529673
29544 2.4678888
29555 2.5157728
29564 2.5253496
29575 2.4678888
29584 2.4008512
29594 2.410428
29606 2.4966192
29613 2.6115417
29624 2.6690025
29633 2.6115417
29643 2.5732346
29654 2.6115427
29663 2.6690035
29676 2.649849
29682 2.4966202
29693 2.3338137
29702 2.266776
29713 2.266776
29725 2.0560865
29734 1.9124346
29746 1.8262434
29754 1.8070898
29764 1.8358202
29776 1.893281
29784 1.9315882
29794 2.0273561
29805 2.1422777
29814 2.2571993
29824 2.410428
29834 2.5636568
29844 2.6881552
29858 2.8030767
29864 2.9084215
29876 2.975459
29883 3.03292
29893 3.0520735
29904 3.0999575
29913 3.1095352
29925 3.1286888
29932 3.1382656
29943 3.1765728
29954 3.166996
29965 3.1382666
29975 3.03292
29984 2.8605394
29994 2.7264643
30006 2.6785784
30013 2.601964
30024 2.4870424
30033 2.4487352
30043 2.3816977
30053 2.1901617
30063 1.9507418
30072 2.036933
30083 1.989049
30093 1.8358202
30105 1.9028578
30114 2.1901617
30125 2.3338146
30134 2.1422787
30145 1.797512
30157 1.6347065
30164 1.6730137
30177 1.7400522
30183 1.7879362
30194 1.9028578
30204 2.1039705
30214 2.3816977
30225 2.649848
30233 2.8796911
30243 3.1095362
30254 3.2914953
30264 3.348956
30276 3.310649
30283 3.3010721
30293 3.310648
30305 3.3393784
30313 3.3681087
30323 3.4255705
30333 3.444724
30344 3.3681087
30354 3.406416
30364 3.2053032
30377 3.1765728
30382 3.214881
30393 3.2531881
30405 3.2340345
30414 3.1382666
30425 3.03292
30433 2.9658823
30444 2.9179983
30454 2.841384
30464 2.7264624
30475 2.6594248
30484 2.5923872
30494 2.5253496
30505 2.4200048
30513 2.2859297
30527 2.218892
30533 2.1997385
30543 2.228469
30555 2.218892
30564 2.1901617
30576 2.1997385
30583 2.266776
30594 2.3721209
30603 2.4200048
30613 2.4200048
30626 2.4391584
30633 2.4774656
30645 2.5157728
30653 2.5157728
30664 2.506196
30674 2.4678888
30683 2.458312
30693 2.5253496
30703 2.697732
30713 2.9658823
30723 3.2053022
30733 3.3010721
30743 3.2914953
30753 3.2436113
30763 3.1574202
30775 3.0999584
30783 3.0616512
30794 3.0520744
30806 3.0520744
30814 3.0424976
30823 3.0999584
30833 3.1478424
30844 3.21488
30853 3.2531872
30864 3.2819176
30875 3.3202248
30883 3.3298016
30893 3.3010712
30902 3.2053032
30913 3.0329208
30925 2.8509607
30932 2.745616
30943 2.6881552
30953 2.6881552
30965 2.7073088
30978 2.6881552
30984 2.601964
30994 2.5253496
31005 2.4487352
31014 2.3338137
31024 2.2859297
31034 2.3816977
31044 2.4008512
31055 2.4966192
31064 2.5828104
31073 2.6785784
31083 2.745616
31094 2.8509607
31106 2.9946127
31114 3.1286888
31124 3.21488
31133 3.2244568
31144 3.166996
31155 3.0903816
31164 3.0041904
31175 2.9371529
31183 2.889268
31194 2.8701143
31205 2.8701143
31213 2.889268
31224 2.9658842
31233 3.0520744
31244 3.071228
31255 3.0424976
31264 3.0329208
31274 3.023344
31284 3.0424986
31294 3.071229
31307 3.1095362
31314 3.0520754
31323 2.927577
31334 2.6881561
31344 2.4391584
31358 2.0273561
31364 1.7783594
31374 1.6442842
31384 1.5102091
31393 1.3569803
31403 1.2229052
31413 1.136713
31425 1.1271362
31433 1.184597
31443 1.3090954
31454 1.5197849
31463 1.7304754
31474 1.9124346
31483 2.084817
31494 2.1901617
31505 2.2571993
31514 2.3721209
31525 2.5828104
31533 2.7839231
31543 2.9084215
31553 3.0137663
31564 3.1286879
31573 3.3010712
31584 3.540491
31594 3.7224512
31606 3.7894888
31613 3.779912
31623 3.684144
31633 3.5596457
31643 3.4351473
31654 3.3393793
31663 3.3010721
31673 3.3010721
31683 3.3202257
31694 3.3298016
31704 3.2436104
31714 3.1957264
31724 3.1478424
31733 3.0999594
31743 3.0041904
31755 2.8509617
31764 2.649848
31777 2.4774656
31783 2.4008512
31799 2.4678888
31804 2.6594257
31814 2.8892689
31840 3.0616512
31840 3.1478424
31849 3.2340345
31857 3.262765
31868 3.2914953
31875 3.310649
31884 3.2436113
31893 3.1478424
31902 3.0520744
31913 3.071228
31923 3.0903816
31932 3.0808048
31944 3.0520754
31953 2.97546
31964 2.927576
31976 2.8701153
31983 2.8126545
31994 2.7743473
32005 2.7073088
32015 2.7073088
32024 2.7551937
32035 2.8509617
32047 2.9563065
32054 3.0137672
32070 3.0808048
32073 3.0616512
32084 3.0520744
32095 3.1095352
32104 3.166996
32114 3.1957264
32127 3.2053032
32133 3.166996
32145 3.0999584
32153 3.0903816
32163 3.071228
32174 3.071228
32183 3.0808048
32194 3.1095352
32204 3.1478424
32213 3.166996
32224 3.1765728
32233 3.1478424
32244 3.1382656
32255 3.1478424
32263 3.119112
32273 3.0903816
32283 3.0520744
32294 2.97546
32308 2.9850368
32313 2.9850368
32325 2.927576
32332 2.831808
32343 2.7360392
32352 2.697732
32364 2.5828104
32375 2.5349264
32384 2.5253496
32393 2.506196
32404 2.4391584
32413 2.3912745
32424 2.362544
32432 2.3529673
32444 2.3721209
32454 2.458312
32463 2.5828104
32474 2.6785784
32484 2.7264624
32494 2.745616
32504 2.7073088
32514 2.6690016
32530 2.6785784
32532 2.6881552
32546 2.5923872
32555 2.5157728
32564 2.5445032
32575 2.601964
32583 2.6690016
32594 2.7073088
32604 2.697732
32614 2.649848
32627 2.6594248
32635 2.7264624
32644 2.745617
32655 2.7264624
32664 2.6785784
32674 2.601964
32683 2.6785784
32693 2.7264624
32704 2.7551928
32713 2.8126535
32725 2.8796911
32733 2.8988447
32743 2.8701143
32754 2.8318071
32763 2.7935
32775 2.6881552
32783 2.5828104
32793 2.4487352
32803 2.31466
32813 2.2571993
32825 2.2955065
32833 2.3816977
32843 2.4678888
32853 2.601964
32864 2.649848
32875 2.649848
32883 2.6785784
32893 2.7073088
32902 2.6785784
32913 2.649848
32925 2.6306944
32932 2.6115408
32945 2.5636568
32959 2.6115408
32964 2.697732
32975 2.7264624
32984 2.7168856
32994 2.7168856
33006 2.7264624
33014 2.6306944
33025 2.6594248
33034 2.6115408
33044 2.5445032
33055 2.5253496
33064 2.5349264
33073 2.55408
33083 2.5923872
33094 2.6785784
33105 2.7743464
33114 2.7551928
33129 2.6306944
33133 2.4870424
33143 2.4008512
33154 2.3816977
33163 2.410428
33176 2.5157728
33182 2.6881552
33193 2.8605375
33204 2.9084215
33214 2.879692
33227 2.8701153
33234 2.927576
33244 2.9179983
33257 2.841384
33264 2.7168856
33273 2.7073088
33284 2.7935
33294 2.8796911
33306 2.9179983
33314 2.8701143
33323 2.7839231
33333 2.7168856
33344 2.8030767
33354 2.7647696
33364 2.649848
33376 2.5349264
33384 2.4200048
33393 2.410428
33404 2.4200048
33413 2.458312
33425 2.458312
33432 2.4200048
33444 2.3433905
33453 2.276353
33464 2.266776
33473 2.2955065
33484 2.276353
33495 2.2380457
33505 2.2093153
33514 2.2380457
33530 2.218892
33539 2.1997385
33545 2.228469
33555 2.3433905
33564 2.4966192
33573 2.6594248
33584 2.8030767
33594 2.8126535
33604 2.7360392
33614 2.6785784
33625 2.7264624
33633 2.8030767
33643 2.8605375
33653 2.8605375
33663 2.8318071
33676 2.7839231
33683 2.7935
33693 2.8796911
33705 2.9084225
33713 2.9563055
33724 2.937152
33733 2.927575
33744 2.8796911
33754 2.8318071
33764 2.7647696
33774 2.745616
33784 2.7839231
33793 2.8030767
33803 2.783924
33813 2.745616
33825 2.7168856
33834 2.697732
33843 2.7073088
33854 2.6881552
33863 2.5923872
33873 2.5445032
33883 2.55408
33893 2.5923872
33902 2.6785784
33913 2.7360392
33925 2.7647696
33932 2.8126535
33944 2.8701143
33954 2.975459
33965 3.0808048
33974 3.1861496
33984 3.3202248
33994 3.5309143
34008 3.7703352
34014 3.7990656
34027 4.201291
34034 4.297059
34044 4.35452
34054 4.3353662
34064 4.249175
34075 4.067216
34083 3.8086414
34094 3.4543
34104 3.0903807
34114 2.7264624
34126 2.31466
34133 1.5676699
34143 0.05453396
34155 -0.40515232
34164 -0.0986948
34176 -0.63499546
34183 -0.702034
34193 -0.03165722
34204 0.6099882
34214 0.7727947
34226 0.5621052
34234 0.24606991
34244 0.13114834
34255 0.51422024
34264 1.3474035
34273 2.228469
34283 2.8701153
34293 3.166996
34305 3.310649
34314 3.6649904
34327 4.0384855
34333 4.0767927
34344 3.7032976
34355 2.4966192
34364 1.9028578
34377 1.8166666
34384 1.797513
34395 1.8358202
34404 2.132701
34414 2.7073088
34425 3.4159927
34433 3.8852568
34444 4.019332
34454 3.9427176
34466 3.779912
34475 3.684144
34484 3.63626
34494 3.87568
34506 4.6514015
34514 5.656966
34524 6.3081884
34534 6.1070757
34544 5.570775
34555 5.475007
34564 6.0113077
34574 6.365649
34584 6.087922
34594 5.628236
34605 5.5133142
34614 6.4039564
34625 8.405509
34633 10.732673
34646 12.523536
34655 12.628882
34664 10.952941
34676 8.692813
34683 6.4422636
34694 4.919551
34705 4.5556335
34714 5.858079
34724 6.470994
34733 6.8157606
34743 7.0647573
34754 7.179679
34763 7.409522
34776 8.328895
34783 8.826888
34793 8.108628
34803 6.9785643
34813 5.771888
34826 4.6897087
34834 3.923564
34844 3.3681097
34853 2.9084225
34864 2.458313
34876 2.036933
34883 1.6634378
34893 1.4623241
34904 1.4527473
34913 1.5868235
34926 1.8645506
34932 2.2571993
34943 2.7551937
34952 3.310649
34964 3.7703342
34976 4.1917143
34984 4.6609783
34994 4.996166
35005 5.158972
35014 4.8812456
35023 4.823784
35034 4.718439
35045 4.775899
35054 4.967435
35064 5.2547407
35076 5.570775
35083 5.819772
35094 5.992154
35105 6.0783453
35114 6.3464956
35125 7.466983
35133 8.625775
35143 8.893928
35153 8.884351
35163 8.99927
35176 8.980117
35183 8.386355
35194 6.854068
35205 4.6897087
35214 2.6306953
35225 1.0600986
35234 -0.14657879
35244 -1.0946827
35255 -1.6884451
35264 -1.7267523
35273 -1.0851059
35284 0.016226768
35294 1.4048643
35305 2.9467297
35314 4.450288
35326 5.5516214
35333 6.087922
35344 5.6378126
35355 4.6609774
35364 3.779912
35374 3.0999594
35384 2.8030777
35393 2.5636578
35403 2.276353
35413 1.9028578
35424 1.4623251
35432 1.3186722
35443 2.266776
35453 8.271434
35464 9.497266
35475 3.2819185
35484 0.5812578
35494 2.5636578
35505 3.0903816
35515 2.0082026
35525 2.8126545
35534 2.362544
35544 1.6155539
35554 1.2707891
35564 1.5772467
35576 2.879692
35584 4.6897087
35595 6.279458
35604 6.7870283
35615 6.432687
35627 5.6952734
35633 4.8333607
35644 4.0767927
35653 3.3681087
35663 2.6306953
35675 1.7687826
35683 0.42802906
35693 0.42803
35705 4.5460567
35714 3.7894888
35725 -0.1082716
35734 -2.0427866
35744 -2.7706242
35755 -1.2862186
35764 -1.1138363
35773 -3.6899977
35786 -3.41227
35794 0.8206787
35805 2.6881561
35814 1.5006313
35826 1.0122147
35833 0.8302555
35843 0.07368755
35854 0.21733952
35865 0.62914276
35880 0.12157154
35897 -0.15615559
35897 -0.5775347
35907 -0.2998085
35913 0.5429516
35924 0.571681
35934 0.07368755
35943 -0.050810814
35954 0.24607086
35963 0.46633625
35974 0.23649311
35983 0.18860912
35995 0.42802906
36005 0.523798
36014 0.46633625
36027 0.42802906
36034 0.49506664
36044 0.50464344
36055 0.45675945
36064 0.48548985
36075 0.52379704
36084 0.50464344
36109 0.53337383
36109 0.52379704
36113 0.50464344
36124 0.49506664
36133 0.47591305
36143 0.5525284
36154 0.5429516
36163 0.44718266
36176 0.42802906
36183 0.46633625
36194 0.51422024
36205 0.5525274
36214 0.54295063
36227 0.571681
36234 0.54295063
36244 0.53337383
36254 0.47591305
36264 0.37056828
36274 0.38972187
36284 0.40887547
36295 0.4471836
36305 0.43760586
36315 0.39929867
36326 0.38014507
36333 0.37056828
36343 0.39929867
36353 0.40887547
36363 0.38972187
36374 0.40887547
36383 0.44718266
36394 0.48548985
36404 0.47591305
36413 0.49506664
36426 0.50464344
36432 0.51422024
36444 0.49506664
36454 0.52379704
36464 0.5525274
36475 0.5525274
36484 0.571681
36494 0.5812578
36504 0.5908346
36514 0.5908346
36524 0.571681
36534 0.50464344
36544 0.47591305
36555 0.43760586
36564 0.42802906
36573 0.41845322
36584 0.04495716
36594 -1.2766428
36605 -2.5120506
36615 -2.3683987
36625 -1.3915644
36633 -0.3189621
36649 0.2748003
36654 0.37056828
36665 0.21733952
36675 -0.06038761
36683 -0.3189621
36693 -0.19446373
36703 0.08326435
36713 0.23649311
36725 0.38014507
36733 0.6482954
36743 1.0122147
36754 1.2995186
36764 1.4623241
36775 1.5963993
36785 1.845397
36794 2.1231241
36804 2.2571993
36814 1.6730137
36824 0.84940815
36833 0.6004114
36844 0.49506664
36855 0.39929867
36864 0.38014507
36880 0.38972187
36883 0.41845226
36893 0.42802906
36902 0.45675945
36913 0.45675945
36924 0.48548985
36933 0.49506664
36943 0.5621052
36952 0.5621042
36963 0.5525274
36974 0.5812578
36983 0.619565
36994 0.6578722
37004 0.5621042
37014 0.47591305
37026 0.38972187
37034 0.24606991
37044 0.14072514
37054 0.102417946
37064 0.05453396
37074 0.064110756
37083 0.20776272
37094 0.38014603
37104 0.40887547
37114 0.37056828
37124 0.45675945
37133 0.571681
37143 0.5525284
37154 0.48548985
37163 0.46633625
37177 0.48548985
37183 0.52379704
37193 0.50464344
37205 0.45675945
37214 0.40887547
37224 0.38972187
37233 0.37056828
37245 0.3035307
37256 0.2652235
37264 0.3131075
37274 0.38014507
37286 0.44718266
37294 0.47591305
37304 0.50464344
37314 0.5525274
37324 0.5812578
37333 0.53337383
37344 0.53337383
37353 0.50464344
37364 0.51422024
37376 0.49506664
37384 0.46633625
37393 0.45675945
37404 0.46633625
37413 0.44718266
37426 0.47591305
37433 0.43760586
37443 0.46633625
37452 0.47591305
37463 0.48548985
37474 0.47591305
37484 0.50464344
37494 0.49506664
37506 0.50464344
37514 0.46633625
37525 0.43760586
37533 0.42802906
37544 0.41845226
37554 0.38014507
37564 0.38972187
37574 0.39929867
37585 0.40887547
37593 0.44718266
37603 0.45675945
37613 0.46633625
37623 0.41845226
37633 0.42802906
37643 0.43760586
37654 0.45675945
37663 0.49506664
37673 0.52379704
37683 0.53337383
37694 0.5621042
37704 0.54295063
37714 0.51422024
37727 0.50464344
37733 0.48548985
37743 0.43760586
37754 0.42802906
37764 0.45675945
37775 0.48548985
37783 0.44718266
37794 0.44718266
37806 0.38972187
37814 0.38014507
37824 0.37056828
37834 0.38014507
37844 0.35141468
37854 0.36099148
37864 0.42802906
37874 0.4854908
37883 0.5046444
37893 0.46633625
37904 0.42802906
37913 0.45675945
37926 0.51422024
37932 0.50464344
37943 0.51422024
37954 0.50464344
37964 0.51422024
37974 0.46633625
37984 0.43760586
37995 0.37056828
38006 0.2748003
38014 0.09284115
38026 0.05453396
38034 0.23649311
38044 0.39929867
38056 0.49506664
38064 0.571681
38074 0.5812578
38084 0.5812578
38094 0.52379704
38104 0.44718266
38114 0.38972187
38126 0.38972187
38133 0.37056828
38143 0.38014507
38152 0.38972187
38163 0.40887547
38175 0.44718266
38183 0.47591305
38193 0.49506664
38204 0.50464344
38213 0.52379704
38225 0.51422024
38233 0.48548985
38244 0.47591305
38255 0.46633625
38264 0.47591305
38274 0.43760586
38283 0.46633625
38294 0.47591305
38306 0.47591305
38316 0.46633625
38327 0.47591305
38333 0.47591305
38344 0.45675945
38355 0.46633625
38364 0.44718266
38376 0.45675945
38383 0.43760586
38393 0.44718266
38403 0.45675945
38413 0.45675945
38425 0.48548985
38432 0.47591305
38443 0.50464344
38452 0.49506664
38463 0.50464344
38473 0.51422024
38484 0.48548985
38495 0.49506664
38505 0.50464344
38514 0.53337383
38528 0.49506664
38534 0.52379704
38544 0.48548985
38555 0.49506664
38565 0.44718266
38576 0.45675945
38584 0.41845226
38594 0.42802906
38604 0.47591305
38615 0.48548985
38624 0.49506664
38634 0.45675945
38647 0.47591305
38658 0.46633625
38664 0.45675945
38678 0.49506664
38683 0.51422024
38694 0.54295063
38703 0.48548985
38716 0.49506664
38727 0.50464344
38732 0.49506664
38744 0.50464344
38754 0.45675945
38765 0.48548985
38775 0.47591305
38784 0.46633625
38795 0.49506664
38804 0.50464344
38815 0.52379704
38825 0.50464344
38833 0.51422024
38844 0.49506664
38854 0.46633625
38865 0.42802906
38873 0.43760586
38883 0.44718266
38894 0.46633625
38902 0.49506664
38914 0.50464344
38926 0.51422024
38932 0.51422024
38944 0.52379704
38952 0.50464344
38965 0.46633625
38979 0.47591305
38984 0.52379704
38995 0.51422024
39005 0.50464344
39015 0.48548985
39024 0.47591305
39034 0.44718266
39045 0.42802906
39054 0.38972187
39065 0.42802906
39077 0.45675945
39083 0.46633625
39095 0.48548985
39104 0.48548985
39115 0.51422024
39126 0.51422024
39133 0.54295063
39145 0.52379704
39152 0.53337383
39164 0.52379704
39176 0.50464344
39182 0.47591305
39193 0.48548985
39204 0.49506664
39214 0.46633625
39224 0.46633625
39234 0.47591305
39249 0.47591305
39256 0.50464344
39264 0.44718266
39275 0.45675945
39284 0.46633625
39295 0.47591305
39306 0.48548985
39315 0.51422024
39328 0.52379704
39333 0.52379704
39344 0.49506664
39354 0.50464344
39364 0.48548985
39379 0.47591305
39384 0.46633625
39394 0.49506664
39404 0.47591305
39413 0.46633625
39423 0.48548985
39434 0.47591305
39444 0.50464344
39453 0.47591305
39464 0.50464344
39474 0.51422024
39483 0.52379704
39494 0.51422024
39505 0.52379704
39514 0.53337383
39524 0.51422024
39534 0.54295063
39544 0.53337383
39555 0.54295063
39564 0.51422024
39577 0.54295063
39584 0.49506664
39594 0.48548985
39604 0.46633625
39614 0.45675945
39624 0.48548985
39634 0.49506664
39644 0.44718266
39654 0.46633625
39663 0.51422024
39678 0.46633625
39684 0.47591305
39695 0.51422024
39705 0.52379704
39713 0.49506664
39728 0.51422024
39733 0.54295063
39744 0.52379704
39753 0.49506664
39764 0.48548985
39774 0.45675945
39784 0.44718266
39794 0.45675945
39809 0.44718266
39814 0.44718266
39824 0.48548985
39833 0.49506664
39844 0.50464344
39854 0.47591305
39864 0.50464344
39875 0.51422024
39884 0.49506664
39894 0.50464344
39905 0.51422024
39913 0.47591305
39924 0.50464344
39933 0.48548985
39944 0.48548985
39955 0.49506664
39963 0.46633625
39974 0.45675945
39984 0.44718266
39994 0.47591305
40006 0.49506664
40015 0.52379704
40025 0.53337383
40034 0.53337383
40045 0.50464344
40055 0.49506664
40064 0.46633625
40074 0.43760586
40084 0.46633625
40095 0.44718266
40109 0.45675945
40115 0.46633625
40127 0.49506664
40135 0.47591305
40151 0.47591305
40154 0.48548985
40163 0.51422024
40176 0.52379704
40183 0.53337383
40193 0.54295063
40205 0.51422024
40214 0.54295063
40226 0.51422024
40236 0.54295063
40244 0.50464344
40253 0.50464344
40263 0.45675945
40274 0.46633625
40283 0.45675945
40293 0.46633625
40304 0.48548985
40314 0.48548985
40327 0.49506664
40333 0.49506664
40343 0.50464344
40353 0.49506664
40363 0.45675945
40376 0.45675945
40384 0.47591305
40393 0.46633625
40404 0.45675945
40413 0.46633625
40425 0.46633625
40432 0.44718266
40444 0.45675945
40454 0.45675945
40464 0.48548985
40476 0.48548985
40488 0.46633625
40494 0.47591305
40506 0.50464344
40514 0.47591305
40526 0.48548985
40533 0.52379704
40544 0.53337383
40555 0.53337383
40565 0.52379704
40576 0.51422024
40584 0.52379704
40593 0.49506664
40603 0.47591305
40613 0.43760586
40624 0.46633625
40633 0.47591305
40645 0.48548985
40656 0.43760586
40664 0.43760586
40675 0.44718266
40686 0.43760586
40695 0.44718266
40705 0.45675945
40713 0.46633625
40724 0.47591305
40733 0.45675945
40743 0.44718266
40753 0.45675945
40764 0.45675945
40778 0.44718266
40785 0.42802906
40794 0.38014507
40803 0.38972187
40814 0.39929867
40824 0.39929867
40833 0.43760586
40844 0.46633625
40853 0.45675945
40864 0.42802906
40876 0.43760586
40883 0.40887547
40893 0.35141468
40902 0.38014507
40913 0.43760586
40926 0.46633625
40933 0.44718266
40943 0.41845226
40954 0.38972187
40963 0.39929867
40974 0.36099148
40983 0.37056828
40994 0.38014507
41005 0.41845226
41015 0.42802906
41024 0.42802906
41034 0.42802906
41045 0.43760586
41055 0.44718266
41064 0.45675945
41076 0.40887547
41083 0.41845226
41094 0.40887547
41105 0.43760586
41114 0.41845226
41124 0.39929867
41134 0.38972187
41144 0.40887547
41154 0.41845226
41164 0.42802906
41173 0.43760586
41184 0.46633625
41194 0.45675945
41205 0.46633625
41214 0.44718266
41227 0.43760586
41234 0.43760586
41245 0.42802906
41256 0.45675945
41265 0.44718266
41276 0.45675945
41283 0.46633625
41294 0.48548985
41304 0.48548985
41314 0.40887547
41325 0.38014507
41333 0.36099148
41344 0.36099148
41354 0.35141468
41364 0.36099148
41376 0.38972187
41386 0.41845226
41394 0.41845226
41405 0.40887547
41413 0.44718266
41426 0.47591305
41433 0.47591305
41445 0.48548985
41455 0.48548985
41464 0.48548985
41475 0.49506664
41485 0.46633625
41495 0.43760586
41505 0.47591305
41514 0.46633625
41527 0.47591305
41533 0.45675945
41544 0.48548985
41555 0.49506664
41563 0.47591305
41577 0.45675945
41583 0.46633625
41593 0.40887547
41604 0.44718266
41614 0.40887547
41624 0.43760586
41634 0.40887547
41644 0.43760586
41654 0.40887547
41664 0.41845226
41673 0.44718266
41685 0.45675945
41694 0.44718266
41704 0.47591305
41713 0.46633625
41726 0.49506664
41734 0.44718266
41744 0.45675945
41755 0.46633625
41764 0.47591305
41773 0.44718266
41784 0.43760586
41795 0.46633625
41805 0.44718266
41814 0.40887547
41827 0.43760586
41835 0.42802906
41845 0.41845226
41854 0.42802906
41864 0.40887547
41874 0.41845226
41883 0.42802906
41893 0.39929867
41904 0.43760586
41914 0.475914
41925 0.40887642
41933 0.34183788
41944 0.3226843
41954 0.38014507
41966 0.44718266
41978 0.42802906
41984 0.45675945
41994 0.42802906
42005 0.43760586
42014 0.40887547
42023 0.40887547
42034 0.39929867
42044 0.41845226
42054 0.44718266
42064 0.47591305
42074 0.43760586
42083 0.42802906
42094 0.40887547
42104 0.39929867
42114 0.38972187
42127 0.42802906
42134 0.42802906
42144 0.44718266
42154 0.48548985
42164 0.51422024
42176 0.52379704
42184 0.46633625
42194 0.42802906
42204 0.38014507
42214 0.38972187
42226 0.39929867
42234 0.40887547
42244 0.41845226
42256 0.42802906
42265 0.43760586
42274 0.44718266
42284 0.42802906
42294 0.43760586
42305 0.43760586
42314 0.42802906
42325 0.45675945
42334 0.45675945
42344 0.44718266
42354 0.44718266
42364 0.45675945
42376 0.43760586
42384 0.44718266
42395 0.39929867
42404 0.38014507
42413 0.37056828
42426 0.39929867
42432 0.40887547
42443 0.42802906
42455 0.41845226
42463 0.45675945
42475 0.43760586
42483 0.46633625
42494 0.45675945
42504 0.40887547
42513 0.39929867
42525 0.40887547
42534 0.39929867
42544 0.38014507
42555 0.38972187
42565 0.38014507
42574 0.37056828
42583 0.35141468
42593 0.36099148
42604 0.34183788
42613 0.34183788
42626 0.38972187
42633 0.46633625
42644 0.44718266
42654 0.45675945
42663 0.41845226
42673 0.39929867
42683 0.38014507
42694 0.37056828
42704 0.38014507
42713 0.39929867
42724 0.42802906
42733 0.40887547
42743 0.41845226
42754 0.43760586
42764 0.44718266
42776 0.41845226
42784 0.44718266
42794 0.46633625
42804 0.47591305
42814 0.46633625
42824 0.47591305
42833 0.43760586
42844 0.46633625
42853 0.42802906
42864 0.41845226
42876 0.44718266
42883 0.45675945
42894 0.41845226
42905 0.39929867
42913 0.44718266
42924 0.47591305
42933 0.42802906
42944 0.41845226
42954 0.40887547
42964 0.41845226
42976 0.41845226
42986 0.40887547
42995 0.41845226
43005 0.37056828
43014 0.37056828
43024 0.38014507
43034 0.40887547
43044 0.38972187
43054 0.41845226
43064 0.41845226
43074 0.44718266
43083 0.42802906
43094 0.45675945
43104 0.48548985
43114 0.43760586
43127 0.41845226
43133 0.38972187
43144 0.36099148
43153 0.39929867
43163 0.42802906
43175 0.40887547
43185 0.39929867
43193 0.44718266
43204 0.45675945
43214 0.42802906
43226 0.42802906
43234 0.39929867
43245 0.35141468
43255 0.3322611
43264 0.35141468
43274 0.36099148
43284 0.37056828
43294 0.38014507
43305 0.45675945
43314 0.48548985
43325 0.41845226
43334 0.42802906
43344 0.46633625
43355 0.45675945
43364 0.43760586
43374 0.41845226
43387 0.40887547
43394 0.42802906
43404 0.41845226
43413 0.38014507
43425 0.35141468
43433 0.36099148
43443 0.36099148
43454 0.34183788
43464 0.3226843
43478 0.37056828
43484 0.40887547
43494 0.40887547
43505 0.42802906
43515 0.46633625
43524 0.49506664
43534 0.47591305
43544 0.48548985
43554 0.45675945
43564 0.42802906
43573 0.37056828
43584 0.38014507
43594 0.39929867
43605 0.48548985
43614 0.6578722
43625 0.6866026
43634 0.45675945
43644 0.21733952
43655 0.102417946
43664 0.09284115
43675 0.006649971
43684 0.15030193
43693 0.37056828
43703 0.38972187
43712 0.39929867
43725 0.37056828
43732 0.38014507
43743 0.40887547
43754 0.41845226
43764 0.38972187
43776 0.39929867
43784 0.39929867
43794 0.38972187
43804 0.38014507
43813 0.38972187
43825 0.39929867
43833 0.43760586
43844 0.44718266
43853 0.42802906
43863 0.43760586
43875 0.41845226
43883 0.38972187
43893 0.39929867
43903 0.38972187
43913 0.3131075
43925 0.2843771
43933 0.34183788
43946 0.36099148
43953 0.38972187
43963 0.39929867
43973 0.38014507
43986 0.39929867
43995 0.35141468
44004 0.3322611
44013 0.34183788
44024 0.38014507
44033 0.41845226
44044 0.44718266
44055 0.46633625
44064 0.45675945
44074 0.48548985
44083 0.47591305
44094 0.48548985
44104 0.47591305
44114 0.45675945
44125 0.41845226
44133 0.41845226
44143 0.39929867
44154 0.36099148
44163 0.3322611
44178 0.36099148
44184 0.37056828
44196 0.38014507
44205 0.40887547
44214 0.44718266
44227 0.42802906
44233 0.43760586
44244 0.46633625
44254 0.45675945
44264 0.46633625
44276 0.43760586
44283 0.41845226
44294 0.38972187
44307 0.38014507
44314 0.37056828
44325 0.38014507
44333 0.38972187
44345 0.39929867
44355 0.42802906
44364 0.43760586
44374 0.47591305
44386 0.48548985
44394 0.47591305
44405 0.48548985
44414 0.47591305
44426 0.48548985
44433 0.45675945
44444 0.44718266
44454 0.40887547
44464 0.37056828
44475 0.39929867
44484 0.36099148
44495 0.37056828
44504 0.38014507
44515 0.39929867
44526 0.42802906
44533 0.43760586
44544 0.44718266
44554 0.47591305
44564 0.48548985
44580 0.49506664
44586 0.47591305
44594 0.47591305
44604 0.46633625
44613 0.42802906
44623 0.43760586
44634 0.44718266
44649 0.43760586
44654 0.43760586
44666 0.41845226
44676 0.45675945
44683 0.48548985
44694 0.46633625
44704 0.43760586
44714 0.43760586
44725 0.44718266
44733 0.47591305
44743 0.44718266
44753 0.44718266
44763 0.43760586
44773 0.42802906
44783 0.40887547
44793 0.41845226
44805 0.39929867
44814 0.40887547
44824 0.41845226
44833 0.42802906
44844 0.42802906
44855 0.46633625
44865 0.47591305
44877 0.50464344
44883 0.51422024
44894 0.49506664
44904 0.47591305
44913 0.46633625
44925 0.38972187
44932 0.39929867
44943 0.40887547
44954 0.40887547
44964 0.41845226
44975 0.41845226
44988 0.40887547
44995 0.43760586
45006 0.42802906
45014 0.39929867
45025 0.43760586
45033 0.45675945
45044 0.49506664
45054 0.49506664
45064 0.50464344
45074 0.50464344
45083 0.47591305
45094 0.46633625
45104 0.43760586
45114 0.44718266
45126 0.42802906
45133 0.43760586
45144 0.44718266
45153 0.41845226
45163 0.44718266
45174 0.43760586
45183 0.44718266
45193 0.45675945
45204 0.44718266
45214 0.45675945
45227 0.48548985
45233 0.47591305
45244 0.46633625
45253 0.44718266
45264 0.45675945
45274 0.42802906
45284 0.43760586
45294 0.44718266
45304 0.43760586
45314 0.44718266
45325 0.47591305
45334 0.46633625
45344 0.45675945
45355 0.46633625
45365 0.46633625
45375 0.45675945
45384 0.46633625
45394 0.47591305
45403 0.47591305
45413 0.46633625
45424 0.47591305
45432 0.45675945
45443 0.43760586
45454 0.44718266
45463 0.40887547
45475 0.43760586
45484 0.40887547
45494 0.41845226
45506 0.44718266
45514 0.45675945
45529 0.48548985
45533 0.46633625
45545 0.45675945
45555 0.43760586
45564 0.44718266
45574 0.43760586
45586 0.41845226
45594 0.40887547
45604 0.44718266
45614 0.45675945
45626 0.43760586
45638 0.44718266
45644 0.42802906
45653 0.45675945
45663 0.40887547
45676 0.43760586
45683 0.44718266
45694 0.45675945
45705 0.48548985
45714 0.49506664
45726 0.48548985
45733 0.49506664
45743 0.44718266
45755 0.42802906
45763 0.40887547
45773 0.38014507
45783 0.37056828
45794 0.38014507
45804 0.38972187
45814 0.39929867
45826 0.39929867
45833 0.43760586
45844 0.46633625
45854 0.47591305
45864 0.47591305
45878 0.43760586
45884 0.46633625
45894 0.42802906
45905 0.45675945
45913 0.42802906
45927 0.41845226
45933 0.39929867
45944 0.36099148
45954 0.37056828
45965 0.38014507
45977 0.38972187
45984 0.41845226
45995 0.40887547
46005 0.43760586
46014 0.44718266
46024 0.43760586
46034 0.39929867
46044 0.2843771
46054 0.3131075
46065 0.38972187
46076 0.44718266
46083 0.41845226
46094 0.38972187
46103 0.43760586
46113 0.38972187
46124 0.37056828
46133 0.38014507
46145 0.40887547
46153 0.43760586
46163 0.46633625
46175 0.44718266
46184 0.45675945
46193 0.45675945
46205 0.41845226
46214 0.42802906
46225 0.39929867
46233 0.42802906
46244 0.38014507
46255 0.41845226
46264 0.42802906
46275 0.41845226
46283 0.44718266
46294 0.47591305
46305 0.46633625
46313 0.45675945
46325 0.43760586
46334 0.43760586
46344 0.41845226
46354 0.41845226
46364 0.42802906
46374 0.43760586
46384 0.41845226
46394 0.42802906
46405 0.40887547
46413 0.43760586
46425 0.40887547
46433 0.41845226
46443 0.45675945
46452 0.42802906
46463 0.39929867
46475 0.41845226
46484 0.42802906
46494 0.43760586
46504 0.44718266
46514 0.43760586
46525 0.44718266
46533 0.52379704
46544 0.619565
46555 0.6482954
46564 0.5908346
46575 0.52379704
46584 0.45675945
46594 0.38972187
46605 0.38972187
46613 0.45675945
46623 0.52379704
46633 0.54295063
46643 0.53337383
46654 0.54295063
46664 0.50464344
46675 0.48548985
46683 0.43760586
46693 0.44718266
46703 0.48548985
46713 0.50464344
46726 0.50464344
46733 0.51422024
46743 0.50464344
46753 0.49506664
46763 0.44718266
46773 0.38972187
46784 0.36099148
46795 0.35141468
46804 0.37056828
46814 0.41845226
46823 0.48548985
46833 0.50464344
46844 0.52379704
46854 0.53337383
46864 0.52379704
46876 0.50464344
46884 0.50464344
46893 0.49506664
46903 0.52379704
46913 0.51422024
46926 0.49506664
46932 0.48548985
46943 0.47591305
46952 0.46633625
46964 0.47591305
46976 0.46633625
46984 0.49506664
46994 0.50464344
47005 0.51422024
47014 0.52379704
47025 0.50464344
47034 0.49506664
47044 0.52379704
47054 0.2843771
47064 0.9451771
47074 1.4144411
47086 0.9451771
47095 0.9355993
47106 0.8206787
47114 0.6099882
47129 0.43760586
47133 0.15030193
47144 -0.19446373
47154 -0.2902317
47165 -0.060388565
47188 0.19818592
47188 0.36099148
47294 0.39929867
47294 0.44718266
47294 0.48548985
47294 0.49506664
47294 0.47591305
47294 0.46633625
47295 0.46633625
47295 0.49506664
47295 0.48548985
47295 0.51422024
47295 0.53337383
47311 0.54295063
47316 0.52379704
47329 0.53337383
47333 0.52379704
47346 0.51422024
47357 0.49506664
47364 0.50464344
47374 0.48548985
47383 0.49506664
47395 0.50464344
47404 0.49506664
47416 0.49506664
47427 0.45675945
47439 0.48548985
47448 0.49506664
47453 0.52379704
47467 0.51422024
47477 0.54295063
47483 0.53337383
47494 0.53337383
47503 0.51422024
47519 0.54295063
47522 0.51422024
47534 0.51422024
