1282 3.3132606
1283 3.3367674
1283 3.3498266
1283 3.3498266
1283 3.336767
1782 3.3167427
1783 3.2923653
1783 3.262764
1783 3.2235863
1784 3.1704786
1784 3.1112769
1784 3.0468507
1785 2.9850366
1785 2.9354117
1785 2.9031987
1785 2.9005868
1786 2.9310584
1786 2.9772012
1786 3.0224738
1786 3.0555573
1786 3.0790637
1787 3.0973465
1787 3.1130178
1787 3.1191123
1787 3.1130178
1787 3.0982172
1788 3.0729692
1788 3.0311792
1788 3.0015786
1788 2.9824247
1789 2.985907
1789 3.0111551
1789 3.055557
1789 3.1095352
1790 3.17222
1790 3.240999
1790 3.3062956
1790 3.353309
1791 3.3863928
1791 3.38291
1791 3.3541794
1791 3.3054252
1791 3.2523165
1792 3.2035623
1792 3.1669962
1792 3.1373954
1792 3.104312
1792 3.0651343
1792 3.0250854
1793 2.980684
1793 2.939765
1793 2.9127755
1793 2.897975
1793 2.8831747
1793 2.8579266
1793 2.8196192
2307 2.7778292
2307 2.7456167
2307 2.7351692
2308 2.7517111
2308 2.7935007
2308 2.857056
2308 2.9371529
2308 3.0216029
2308 3.104312
2308 3.166126
2308 3.208786
2308 3.2392578
2308 3.266247
2308 3.2854006
2308 3.2906244
2308 3.2819178
2309 3.2592819
2309 3.2279394
2309 3.20008
2309 3.1852791
2309 3.1957266
2309 3.2166216
2309 3.2296813
2309 3.2261984
2309 3.2113981
2309 3.1913736
2309 3.1730905
2309 3.160031
2309 3.146972
2310 3.1286888
2310 3.0982168
2310 3.0581686
2310 3.019861
2310 2.9928718
2310 2.9754598
2310 2.9641418
2310 2.9632707
2310 2.9754598
2310 3.0015783
2310 3.04598
2310 3.1016998
2310 3.1643846
2310 3.2314222
2310 3.2975893
2311 3.353309
2311 3.3977103
2311 3.4429824
2311 3.480419
2311 3.5074081
2311 3.525691
2311 3.522209
2313 3.4978316
2334 3.460395
2334 3.4203467
2364 3.3846512
2364 3.3672388
2364 3.362886
2379 3.3515673
2384 3.3263197
2394 3.280177
2405 3.215751
2413 3.155678
2425 3.1173706
2433 3.0964758
2443 3.0834162
2453 3.0781927
2463 3.0747101
2476 3.072969
2482 3.0720985
2494 3.0694864
2504 3.071228
2513 3.0851579
2525 3.1104057
2532 3.1382654
2546 3.1678667
2556 3.1861496
2563 3.182667
2574 3.1539369
2583 3.1034415
2594 3.0398865
2604 2.9989672
2616 2.9824257
2625 2.9841669
2633 2.9937437
2643 3.0076737
2654 3.0198622
2663 3.043369
2675 3.0990884
2682 3.2009506
2693 3.3419907
2705 3.510891
2713 3.6754377
2724 3.8164778
2732 3.9078927
2743 3.9435883
2754 3.9244344
2763 3.8591385
2775 3.7572756
2782 3.616236
2793 3.4377587
2805 3.235775
2813 3.0268264
2824 2.8309374
2832 2.6707432
2843 2.5653985
2853 2.5192559
2863 2.5331857
2876 2.6002235
2883 2.7038271
2893 2.8265846
2904 2.9528239
2913 3.0720987
2924 3.174832
2932 3.2253275
3037 3.2409987
3037 3.2261984
3037 3.1939852
3037 3.1513252
3037 3.1051824
3038 3.0572982
3038 3.009414
3038 2.9702363
3038 2.9554358
3038 2.9597886
3044 2.999837
3053 3.0477211
3063 3.1051824
3074 3.1600313
3082 3.193115
3094 3.197468
3103 3.1765733
3113 3.1400073
3123 3.0938644
3132 3.0372744
3143 2.9815545
3153 2.9319296
3164 2.889269
3173 2.8553147
3183 2.844867
3193 2.8683739
3203 2.924093
3213 3.0050607
3224 3.0990875
3233 3.1896317
3243 3.2662466
3259 3.324578
3264 3.3654974
3273 3.384651
3283 3.3881338
3293 3.3689797
3304 3.3289316
3313 3.2740824
3323 3.2113981
3333 3.152196
3344 3.1121473
3358 3.1025703
3364 3.1208534
3374 3.15829
3383 3.2140093
3394 3.2662466
3403 3.2975886
3420 3.3062952
3422 3.2949767
3432 3.2749527
3444 3.2479637
3454 3.2140093
3463 3.1713493
3473 3.1295595
3483 3.094735
3493 3.068616
3503 3.0572982
3520 3.0773225
3523 3.1286888
3532 3.206174
3544 3.2984595
3554 3.3950982
3564 3.4743242
3577 3.5274322
3584 3.5431032
3594 3.5021842
3607 3.4551713
3615 3.3916159
3623 3.3097777
3633 3.219233
3650 3.13043
3656 3.0512037
3663 2.9841654
3674 2.9432466
3683 2.9388933
3694 2.9711068
3703 3.054686
3714 3.1382654
3724 3.2218451
3733 3.2914941
3744 3.34112
3754 3.3689797
3764 3.373333
3774 3.3594034
3783 3.334155
3794 3.295848
3802 3.2488344
3814 3.2035623
3823 3.163514
3833 3.1321716
3843 3.1182418
3853 3.1208537
3863 3.1391366
3875 3.1713495
3883 3.2105277
3894 3.2357757
3903 3.24187
3914 3.2314224
3923 3.2018213
3933 3.1617727
3943 3.1252067
3953 3.1138885
4166 3.1191123
4167 3.1365244
4167 3.1609018
4167 3.190503
4167 3.2340338
4167 3.2914948
4167 3.3594031
4167 3.4395003
4167 3.5283034
4168 3.616236
4168 3.6702142
4168 3.6867561
4168 3.6693435
4168 3.6232004
4168 3.5561628
4168 3.480419
4168 3.4046752
4168 3.3350255
4168 3.2740824
4168 3.2166216
4169 3.1626432
4197 3.1208532
4197 3.1060526
4198 3.1173706
4205 3.1504545
4213 3.2044327
4228 3.2705996
4233 3.3324137
4245 3.382039
4253 3.4151223
4263 3.4377587
4274 3.4560416
4284 3.4708426
4294 3.4839013
4304 3.4812896
4316 3.4656181
4323 3.4403703
4334 3.4151223
4347 3.4046748
4353 3.4159927
4365 3.4447234
4375 3.4812891
4384 3.516114
4394 3.5439737
4404 3.5509386
4414 3.5474565
4425 3.5396209
4434 3.5283022
4443 3.5135024
4453 3.4934783
4465 3.4630065
4473 3.4255698
4483 3.3846505
4495 3.3472137
4504 3.3167422
4514 3.2993295
4523 3.2932358
4533 3.2932358
4544 3.3045537
4553 3.3298013
4564 3.3654974
4573 3.4055452
4584 3.4412408
4595 3.4673593
4604 3.4751952
4615 3.456912
4623 3.4403703
4633 3.4412413
4645 3.4569128
4654 3.478678
4666 3.4917374
4676 3.4847724
4683 3.4691012
4694 3.4516885
4703 3.4386292
4714 3.4377587
4725 3.4656184
4733 3.5021844
4745 3.5326562
4754 3.5500686
4764 3.5483277
4775 3.520468
4783 3.4804194
4794 3.4307945
4803 3.382039
4814 3.3428614
4824 3.3097777
4833 3.2758234
4844 3.2531874
4853 3.240999
4864 3.2418694
4876 3.2557993
4885 3.2801766
4895 3.3002012
4904 3.3150015
4915 3.322837
4924 3.3202255
4934 3.3280609
4944 3.286271
4953 3.1913736
4964 3.076452
4973 2.939765
4984 2.8048189
4995 2.709051
5004 2.671614
5014 2.6811912
5023 2.7342987
5033 2.8187487
5044 2.893622
5053 3.0050611
5064 3.166996
5074 3.4151223
5083 3.7703352
5094 4.1795254
5103 4.59307
5114 4.9596004
5123 5.2381983
5134 5.393169
5144 5.428864
5153 5.387945
5165 5.2878237
5174 5.1067348
5184 4.87515
5194 4.681002
5208 4.4912076
5215 4.2178335
5225 3.8861277
5234 3.5021844
5246 3.1138887
5255 2.866633
5265 2.795242
5274 2.8048186
5283 2.7073095
5299 2.53928
5303 2.2650352
5316 1.9873078
5323 1.8697742
5335 1.910693
5345 2.0987465
5357 2.433935
5365 2.746487
5373 2.950212
5384 3.1400068
5394 3.4778068
5403 3.7468283
5414 3.8513024
5423 3.7999358
5433 3.573575
5446 3.086899
5453 2.4339352
5477 1.9133052
5477 1.678238
5483 1.6172944
5493 1.5511277
5503 1.4327235
5513 1.3709096
5523 1.4196643
5534 1.5441628
5550 1.7330871
5556 2.1318302
5568 2.7586756
5573 3.3106482
5584 3.6023057
5600 3.7128744
5603 3.7624998
5614 3.6319067
5624 3.1417482
5633 2.8875277
5644 3.097347
5652 3.4334054
5666 3.6092706
5674 3.4368882
5684 3.0320504
5695 2.5645282
5706 2.084817
5714 1.6704025
5724 1.5572222
5734 1.8854454
5745 1.996014
5753 1.6747555
5764 1.2507643
5775 0.8607271
5783 0.5699404
5795 0.42454702
5803 0.5177031
5814 0.8685625
5823 1.3352141
5833 1.7618175
5844 2.1544664
5854 2.6002233
5868 3.0947344
5875 3.6153648
5883 4.2918353
5893 5.1903143
5904 6.1035933
5913 6.827948
5926 7.327683
5933 7.750804
5943 8.2305155
5957 8.698037
5965 9.059345
5975 9.279612
5984 9.37451
5996 9.314437
6006 9.045415
6014 8.593563
6024 7.9432116
6033 7.1283116
6045 6.1610546
6054 5.0370855
6065 3.8452082
6075 2.667261
6083 1.55461
6095 0.5063849
6106 -0.49656782
6114 -1.4185531
6123 -2.2438996
6133 -2.9438772
6150 -3.5376394
6153 -4.1444607
6164 -4.803519
6174 -5.403375
6182 -5.8987575
6194 -6.341032
6202 -6.7841763
6214 -7.233415
6225 -7.6931014
6233 -8.158884
6245 -8.602029
6255 -8.950277
6265 -9.09654
6274 -9.064327
6283 -8.991195
6295 -8.923287
6307 -8.825778
6315 -8.665585
6325 -8.398304
6335 -8.028291
6345 -7.5433564
6356 -6.921735
6364 -6.235687
6374 -5.7107034
6383 -5.2649465
6393 -4.6903386
6403 -3.9328997
6414 -3.0109153
6424 -1.9696548
6433 -0.79170763
6443 0.3940754
6454 1.3656859
6464 2.002979
6476 2.3660269
6484 2.788277
6496 3.3620148
6506 3.9775422
6515 4.555633
6524 5.0544977
6534 5.433217
6549 5.5507503
6559 5.5011253
6564 5.4636884
6575 5.497643
6582 5.580352
6594 5.6151767
6603 5.508961
6615 5.215563
6626 4.7567463
6633 4.186491
6645 3.6049173
6656 3.1016998
6666 2.723851
6677 2.4896548
6684 2.331202
6694 2.2502344
6703 2.2275984
6713 2.2336924
6725 2.2476225
6734 2.2650347
6744 2.2659059
6756 2.1945152
6764 2.0247443
6774 1.762688
6783 1.457101
6793 1.2507644
6806 1.1149478
6814 1.0174384
6824 0.9982849
6833 1.0600988
6844 1.1724086
6854 1.3256376
6865 1.5607047
6876 1.9307178
6883 2.469631
6894 3.1199834
6903 3.703298
6914 4.136866
6925 4.5155854
6933 4.88821
6945 5.2094684
6955 5.4985137
6966 5.7466393
6977 5.8624315
6984 5.9146686
6995 5.8424077
7006 5.538562
7015 5.1763844
7025 4.9317403
7037 4.801148
7045 4.6609783
7055 4.441582
7065 4.1072645
7074 3.74944
7085 3.5291739
7096 3.3280609
7109 3.096476
7117 2.9275763
7125 2.7891479
7135 2.6228597
7145 2.2537172
7153 1.4762547
7164 0.19296247
7175 -1.6840917
7184 -4.177544
7193 -7.121106
7204 -10.228344
7213 -13.201508
7224 -15.827294
7233 -17.810562
7244 -18.84921
7256 -18.800457
7265 -17.760939
7274 -16.011866
7284 -13.672512
7296 -10.823847
7306 -7.6208415
7314 -4.155779
7325 -0.8012838
7333 2.3799577
7345 4.9003987
7356 6.285553
7365 6.4884076
7375 5.8554683
7383 4.826396
7394 3.5518103
7403 1.9951438
7415 0.057146072
7427 -2.3788457
7434 -5.0237856
7445 -7.8680973
7454 -10.696738
7464 -13.363443
7476 -15.882142
7483 -18.150105
7494 -19.839975
7503 -20.54866
7515 -20.011488
7524 -18.29724
7533 -15.755033
7544 -12.797541
7554 -9.719033
7564 -6.6405244
7573 -3.5385094
7583 -0.35813853
7595 2.7917602
7603 5.6378126
7614 7.8787847
7623 9.1603365
7633 9.357966
7644 8.704132
7653 6.950706
7665 4.596553
7675 1.7687829
7683 -1.4568603
7695 -4.940206
7710 -8.565463
7716 -12.260369
7727 -15.970077
7734 -19.472576
7745 -22.392632
7756 -24.421173
7764 -24.873896
7775 -23.983252
7783 -21.863295
7795 -18.865755
7803 -15.417235
7815 -11.818966
7824 -8.25204
7834 -4.7852364
7845 -1.421165
7857 1.7339578
7867 4.4868546
7875 6.7199917
7884 8.173924
7893 8.570927
7903 7.9632344
7913 6.5293255
7925 4.405886
7933 1.724381
7943 -1.3158202
7954 -4.539721
7965 -7.867226
7975 -11.2521925
7983 -14.724219
7996 -18.01516
8004 -20.64617
8015 -22.24724
8025 -22.687773
8033 -21.907698
8045 -20.021065
8056 -17.432718
8065 -14.51005
8074 -11.392364
8084 -8.1815195
8095 -4.9175696
8110 -1.7293643
8113 1.2272573
8129 3.765982
8134 5.8223834
8145 7.4103928
8154 8.4098625
8164 8.705873
8175 8.330636
8184 7.2728343
8194 5.5455265
8205 3.2218444
8214 0.42541763
8222 -2.693139
8234 -5.9980083
8245 -9.433471
8255 -13.016937
8265 -16.535109
8276 -19.542225
8283 -21.697006
8295 -22.796598
8305 -22.699959
8315 -20.91693
8325 -18.451338
8333 -15.761997
8345 -12.9385805
8356 -10.070763
8365 -7.1393886
8375 -4.0852585
8383 -1.0023974
8394 1.8741275
8404 4.3754153
8414 6.219385
8426 6.564151
8434 6.0948873
8445 5.0544972
8453 3.4142518
8465 1.2812363
8477 -1.2853484
8484 -4.2698293
8497 -7.5929813
8505 -11.148589
8515 -14.904438
8524 -18.678572
8534 -22.078337
8546 -24.850386
8554 -26.7701
8565 -27.606764
8575 -27.294212
8584 -25.831573
8596 -23.419958
8605 -20.496422
8615 -17.42314
8625 -14.339407
8634 -11.28963
8647 -8.339102
8654 -5.4895673
8664 -2.8359206
8674 -0.5087562
8683 1.6608258
8693 3.2366462
8703 3.9932137
8713 4.003661
8725 3.449077
8733 2.4356763
8744 0.99567276
8753 -0.896182
8764 -3.2781947
8775 -6.0850706
8783 -9.247158
8794 -12.940322
8807 -16.746666
8815 -20.304886
8826 -23.370333
8833 -25.875105
8845 -27.724298
8857 -28.620167
8865 -28.347662
8876 -26.89547
8883 -24.44207
8894 -21.385326
8907 -18.070879
8916 -14.6667595
8926 -11.246098
8933 -7.8976974
8945 -4.6973033
8955 -1.7049862
8965 0.86246794
8973 2.8936217
8984 4.4380994
8994 5.347026
9002 6.0261083
9014 5.4819717
9024 4.1673374
9038 2.0073318
9044 -0.7951899
9056 -3.9389946
9069 -7.3161244
9075 -10.935287
9094 -14.790387
9094 -18.831799
9105 -22.755678
9114 -26.662146
9124 -29.137312
9134 -30.285662
9143 -29.888655
9155 -28.045555
9164 -25.06891
9173 -21.382713
9183 -17.317795
9194 -13.084846
9202 -8.852768
9214 -4.757376
9223 -0.90227604
9234 2.5244796
9246 5.3209076
9253 7.4434757
9268 8.807735
9280 9.224762
9284 8.677143
9296 7.272835
9306 5.0875807
9314 2.1858084
9324 -1.2731595
9334 -5.0716696
9345 -9.056491
9353 -12.970794
9364 -16.77801
9374 -20.415455
9383 -23.623686
9394 -25.893389
9403 -26.757042
9415 -26.070992
9424 -23.931013
9432 -20.765442
9444 -17.077501
9454 -13.151882
9465 -9.343797
9473 -5.786447
9483 -2.4963791
9495 0.6030232
9511 3.3768156
9514 5.54988
9526 7.042991
9533 7.668095
9545 7.329425
9553 6.184561
9564 4.3066363
9575 1.7078396
9582 -1.4716605
9594 -4.957618
9604 -8.575039
9614 -12.224673
9625 -15.859507
9632 -19.522202
9644 -22.98291
9653 -25.863787
9664 -27.193224
9674 -27.031288
9683 -25.37015
9696 -22.570238
9707 -19.313253
9715 -16.008385
9725 -12.827143
9735 -9.786941
9745 -6.801588
9756 -3.751812
9765 -0.5392281
9775 2.0430274
9783 4.0437093
9795 5.304365
9805 5.757958
9815 5.5533624
9825 4.770676
9833 3.389004
9845 1.3639446
9852 -1.2661945
9864 -4.3647265
9875 -7.803671
9882 -11.5125065
9894 -15.383279
9903 -19.193977
9914 -22.58939
9926 -25.316168
9933 -27.297697
9951 -28.311096
9954 -28.109985
9966 -26.633411
9974 -24.233118
9984 -21.535942
9995 -18.906672
10004 -16.41496
10015 -13.949368
10024 -11.24784
10033 -8.364349
10045 -5.2701716
10057 -2.2082038
10065 0.48723176
10077 2.3747332
10083 3.1722205
10095 3.0485923
10105 2.1718793
10115 0.67180306
10126 -1.3471622
10133 -3.9407356
10144 -6.909546
10153 -10.1639185
10164 -13.566297
10174 -17.036583
10184 -20.346678
10196 -23.117857
10206 -24.90959
10215 -25.369276
10225 -24.496918
10234 -22.661654
10244 -20.429386
10253 -18.164906
10264 -16.056267
10276 -14.188788
10283 -12.47454
10294 -10.694996
10306 -8.6473
10314 -6.424611
10330 -4.2715707
10334 -2.4632957
10344 -1.7258815
10354 -1.071176
10364 -1.3941754
10373 -2.1141772
10383 -3.1284485
10394 -4.4152226
10403 -6.017162
10414 -7.953418
10424 -10.304089
10432 -13.098774
10444 -16.17206
10453 -18.709044
10464 -21.09889
10479 -21.879837
10484 -21.436693
10494 -19.892214
10504 -17.708702
10514 -15.36935
10524 -13.212827
10534 -11.323585
10545 -9.5449095
10555 -7.6339006
10565 -5.4120817
10576 -3.1171303
10584 -1.075529
10594 0.51073855
10605 1.2969073
10614 1.1941742
10624 0.31049597
10633 -1.1739092
10644 -2.9935026
10659 -5.028139
10665 -7.3622684
10676 -10.096882
10683 -13.191061
10694 -16.532495
10703 -19.996689
10714 -23.164
10724 -25.426739
10733 -26.330439
10745 -25.753218
10757 -23.917955
10767 -21.328735
10774 -18.418255
10788 -15.365866
10796 -12.323053
10804 -9.413445
10815 -6.5787106
10826 -3.7483282
10833 -1.0180684
10846 1.4240174
10854 3.445594
10864 4.882115
10874 5.5995045
10883 5.5194077
10893 4.5138435
10904 2.7290747
10913 0.45850113
10926 -2.220393
10933 -5.3180547
10944 -8.824037
10953 -12.6904545
10965 -16.839825
10975 -21.04143
10983 -24.905237
10995 -27.943697
11006 -29.56479
11014 -29.52387
11024 -27.232403
11033 -24.290577
11044 -21.147646
11055 -18.055208
11065 -15.055055
11076 -12.025303
11083 -8.806623
11094 -5.271041
11102 -1.5143211
11114 1.9220115
11124 4.352779
11133 4.6052585
11145 3.8878686
11153 2.4313238
11164 0.5237978
11175 -1.6388192
11183 -4.0835166
11194 -6.9060626
11204 -10.169143
11215 -13.857083
11223 -17.724373
11233 -21.323511
11244 -24.09208
11258 -25.428478
11265 -24.996649
11276 -23.247581
11284 -20.921286
11294 -18.331194
11303 -15.634018
11315 -12.902015
11324 -10.0951395
11334 -7.1245894
11345 -3.9494414
11354 -0.7751653
11367 1.9646717
11375 3.7459579
11384 3.8373728
11393 3.1069236
11403 1.6068474
11413 -0.41472957
11423 -2.6913977
11432 -5.209227
11444 -8.066598
11456 -11.358407
11464 -15.072467
11473 -19.060772
11483 -22.97072
11494 -25.664415
11506 -27.257648
11515 -27.36038
11525 -25.967394
11533 -23.57145
11545 -20.801136
11555 -17.975979
11565 -15.193481
11575 -12.41969
11583 -9.57451
11594 -6.5926404
11602 -3.4775672
11614 -0.43997747
11625 2.0795937
11633 3.5187263
11644 3.7833946
11653 3.2087862
11664 1.969025
11676 0.22169322
11684 -1.8912984
11694 -4.3264194
11704 -7.106305
11714 -10.29277
11725 -13.870142
11733 -17.526741
11744 -20.90213
11754 -23.564484
11765 -25.09416
11774 -25.162067
11784 -23.783876
11795 -21.536812
11804 -19.094727
11815 -16.787588
11826 -14.675467
11833 -12.65563
11845 -10.691514
11855 -8.599417
11865 -6.327102
11875 -4.0765524
11882 -2.2273576
11894 -1.1573671
11903 -0.7960604
11914 -0.87093353
11926 -1.354127
11932 -2.1568375
11944 -3.1867797
11953 -4.5162144
11965 -6.2522283
11974 -8.485366
11984 -11.226074
11995 -14.310678
12008 -17.403114
12014 -20.11248
12025 -21.96864
12033 -21.73357
12045 -20.139467
12055 -18.305077
12064 -16.185987
12074 -14.226226
12083 -12.424915
12095 -10.642758
12110 -8.600287
12116 -6.1251173
12125 -3.3086662
12134 -0.63064325
12145 0.51335007
12155 0.52379745
12164 0.11112421
12175 -0.9971735
12182 -2.311808
12194 -3.6386313
12206 -5.0020204
12215 -6.6413956
12225 -8.767447
12234 -11.452435
12243 -14.517884
12254 -17.631218
12264 -20.340584
12274 -22.100975
12284 -22.5328
12295 -21.730959
12303 -20.311852
12315 -18.838762
12325 -17.551119
12333 -16.431503
12345 -15.2169895
12353 -13.572391
12365 -11.260899
12376 -7.9064045
12383 -4.957618
12395 -2.508567
12404 -1.4594712
12414 -1.2444289
12431 -1.6980213
12435 -2.4824488
12449 -3.359162
12455 -4.428282
12473 -5.976242
12473 -8.213733
12482 -11.683148
12494 -15.297957
12506 -19.062513
12515 -21.767525
12524 -23.339863
12533 -23.355536
12545 -21.975603
12554 -19.720701
12565 -16.98783
12576 -13.962429
12584 -10.865638
12594 -7.802801
12609 -4.659867
12615 -1.4194231
12624 1.6747559
12634 4.3153424
12645 6.1366773
12653 6.9002094
12664 6.7635236
12674 5.941658
12684 4.55041
12694 2.776959
12703 0.6926977
12714 -1.9148059
12724 -4.7477994
12732 -7.845462
12745 -11.166001
12753 -14.516143
12765 -17.656464
12776 -20.436352
12783 -22.537153
12795 -23.530529
12804 -23.13353
12815 -21.407091
12826 -18.654196
12833 -15.681903
12844 -12.727891
12853 -9.84092
12865 -6.9208636
12874 -3.8440964
12883 -0.5749231
12894 2.5819407
12903 5.0388265
12916 6.3647785
12925 6.5763392
12932 6.020885
12944 5.0370855
12953 3.7259333
12964 2.5105498
12976 1.2141984
12983 -0.23886456
12996 -1.8895576
13006 -3.6621375
13014 -5.331114
13025 -6.7301974
13033 -7.599076
13044 -7.697456
13055 -7.1280704
13064 -5.910075
13078 -4.1618724
13086 -2.7950006
13095 -1.6936684
13107 -0.8091198
13115 -0.04993985
13125 0.7275226
13134 1.6059768
13144 2.38431
13154 2.8579264
13164 3.0816758
13175 3.124336
13183 2.6733553
13195 2.6759675
13205 2.9423769
13215 3.384651
13224 3.8756797
13234 4.251787
13245 4.448547
13254 4.49556
13264 4.417205
13275 4.2491755
13283 4.005402
13293 3.7032974
13304 3.3950982
13314 3.1260772
13329 2.9119048
13334 2.7638998
13344 2.6872854
13353 2.6568136
13365 2.6324365
13376 2.5984824
13383 2.560175
13394 2.546245
13402 2.569752
13414 2.6211183
13425 2.6437545
13432 2.690768
13444 2.7847948
13454 2.8927515
13465 2.9745893
13473 3.0155084
13483 3.0198615
13495 3.0007079
13507 2.9510825
13515 2.8666322
13527 2.7517107
13537 2.6690023
13545 2.5741045
13555 2.4400294
13565 2.294636
13577 2.1823263
13584 2.1335716
13595 2.1457603
13604 2.1840675
13616 2.2223747
13625 2.2571993
13633 2.2911534
13644 2.3268487
13652 2.3616736
13664 2.4034631
13675 2.456571
13683 2.515773
13694 2.5566924
13704 2.5636573
13714 2.552339
13724 2.550598
13733 2.5706222
13745 2.601094
13755 2.6289535
13765 2.6498485
13774 2.657684
13784 2.6559427
13795 2.6472368
13807 2.63766
13815 2.628954
13825 2.6158946
13834 2.5958703
13844 2.5723634
13854 2.5549514
13865 2.541892
13873 2.5340567
13883 2.5366685
13893 2.5505984
13909 2.5836818
13916 2.6350482
13928 2.6959915
13934 2.7604177
13945 2.8352907
13956 2.9510832
13965 3.1469724
13975 3.4186056
13983 3.693721
13995 3.8809042
14005 3.970578
14016 3.9853785
14025 3.9044104
14033 3.704168
14045 3.469971
14055 3.2827883
14065 3.1313012
14075 2.9702363
14083 2.836161
14094 2.6602957
14102 2.5445037
14114 2.4400291
14125 2.298989
14134 2.1457598
14144 2.0491216
14154 1.9742484
14163 1.8410436
14175 1.654731
14183 1.4483945
14194 1.2002683
14205 1.0426863
14215 0.9599775
14225 0.9904492
14234 1.1297483
14246 1.3761336
14255 1.6956506
14266 2.044769
14276 2.4130404
14284 2.7699943
14295 3.0799346
14306 3.339379
14315 3.5596452
14326 3.7311575
14334 3.8513029
14345 3.9418473
14354 4.0045314
14366 4.0498037
14374 4.102041
14383 4.162113
14395 4.209997
14404 4.220445
14415 4.203903
14423 4.1542783
14433 4.069828
14445 3.9618714
14456 3.8408554
14466 3.712874
14475 3.5683515
14484 3.3968394
14495 3.2096565
14509 3.0294387
14515 2.889269
14524 2.7769594
14533 2.699474
14543 2.6759675
14556 2.7151453
14564 2.8065603
14574 2.9406357
14585 3.1182418
14595 3.3350258
14603 3.5796697
14614 3.8295372
14625 4.069828
14633 4.277035
14645 4.2535286
14653 4.063734
14664 3.97406
14674 3.9583893
14684 3.9522948
14705 3.9688368
14705 4.004532
14714 4.0184617
14728 4.008885
14734 3.9958253
14745 3.9836366
14754 4.161243
14764 4.4546413
14777 4.590458
14784 4.606129
14794 4.5756574
14803 4.487725
14813 4.3536496
14825 4.215221
14833 4.08724
14843 3.9636126
14852 3.8591385
14864 3.7720766
14887 3.7032976
14887 3.6493194
14896 3.6057885
14907 3.5779288
14914 3.5761874
14925 3.5883758
14933 3.6092706
14969 3.6371307
14969 3.6693435
14969 3.718098
14978 3.7877474
14985 3.868715
14995 3.9540358
15003 4.0384855
15013 4.1124883
15028 4.1612425
15032 4.180396
15044 4.17256
15053 4.1481833
15063 4.117712
15078 4.1002994
15082 4.129901
15096 4.2056446
15107 4.292707
15114 4.342332
15128 4.3327556
15132 4.2692
15144 4.183009
15157 4.1029124
15162 4.031521
15176 3.9583886
15182 3.8521729
15193 3.6911085
15209 3.4960897
15213 3.3141305
15228 3.1983383
15232 3.1704786
15245 3.2218451
15253 3.3202248
15263 3.429923
15277 3.5361383
15282 3.6397421
15293 3.7398634
15303 3.818219
15312 3.8626206
15326 3.870456
15332 3.8443375
15345 3.7894883
15357 3.714615
15364 3.6319067
15374 3.5596452
15382 3.5126321
15393 3.494349
15404 3.4899962
15412 3.4142525
15424 3.3080368
15432 3.2636352
15442 3.2697296
15454 3.3385086
15463 3.4725835
15476 3.6554136
15482 3.8521729
15493 4.029779
15504 4.162113
15513 4.251787
15528 4.38325
15532 4.517326
15545 4.56521
15553 4.5417027
15563 4.4398403
15578 4.2596226
15582 4.0228143
15594 3.767723
15608 3.5248206
15613 3.3167427
15624 3.1591604
15634 3.0607805
15643 3.0216026
15658 3.0398858
15663 3.1025703
15674 3.1757019
15682 3.274082
15693 3.3794267
15706 3.4812891
15714 3.5822809
15726 3.6815314
15733 3.7755585
15743 3.8495612
15755 3.8904803
15763 3.900057
15774 3.8713267
15782 3.8260546
15793 3.7581465
15806 3.6797907
15813 3.593599
15824 3.5021844
15832 3.4133813
15843 3.3263197
15854 3.2540586
15863 3.2235868
15877 3.2357752
15883 3.288883
15977 3.3715918
15977 3.4638772
15978 3.5639985
15978 3.6667318
15978 3.7590172
15978 3.8286667
15978 3.8843863
15978 3.928788
15978 3.9496825
15984 3.9427176
15993 3.9253047
16009 3.9261756
16014 3.9531646
16024 3.9975662
16032 4.0602508
16043 4.1246767
16054 4.182138
16063 4.2213154
16073 4.2526574
16082 4.2900944
16093 4.3432026
16106 4.4024043
16114 4.421558
16126 4.365838
16132 4.1925855
16143 3.9348822
16154 3.7085211
16163 3.4873834
16175 3.145231
16182 2.709051
16193 2.3207548
16204 2.0125556
16214 1.7600764
16223 1.5859526
16233 1.5755051
16243 1.77923
16254 1.8732567
16263 1.6024941
16277 1.1863384
16282 0.87465674
16293 0.6700613
16304 0.4524067
16313 0.19557415
16325 -0.05777593
16332 -0.28239554
16343 -0.5174627
16353 -0.6802683
16363 -0.38425782
16376 0.25042325
16382 1.0113441
16393 1.8027366
16403 2.516644
16413 3.05991
16424 3.418605
16432 3.6057885
16443 3.6397424
16454 3.514373
16464 3.1208534
16473 2.3668976
16483 1.5580928
16493 0.78498346
16504 0.14159589
16514 -0.25975943
16526 -0.42691824
16533 -0.44520128
16543 -0.4321419
16554 -0.45826036
16564 -0.4904734
16574 -0.43910685
16583 -0.2484414
16594 0.13114843
16605 0.70923924
16614 1.3587209
16625 1.8967633
16632 2.2345634
16644 2.391275
16654 2.4400294
16663 2.4452531
16674 2.4583127
16683 2.4818194
16693 2.5418923
16703 2.4261
16713 2.0882998
16724 1.6399308
16733 1.2725297
16743 1.1140771
16753 1.1297482
16764 1.1993977
16842 1.2229043
16842 1.1602198
16842 1.0252738
16842 0.8032661
16842 0.6718026
16842 0.6465547
16842 0.66048455
16844 0.6474254
16856 0.5986708
16865 0.563846
16874 0.5655872
16883 0.67615587
16899 0.99567294
16907 1.5075969
16913 2.1231241
16923 2.713404
16933 3.1774437
16943 3.4821603
16954 3.624071
16964 3.59447
16974 3.4238284
16983 3.2349038
16993 3.0686157
17003 2.8457377
17014 2.6263418
17023 2.4417706
17033 2.3520968
17043 2.2798357
17054 2.167526
17063 2.171879
17075 2.4644067
17082 3.1582901
17093 4.169949
17104 5.293918
17113 6.40918
17124 7.385144
17133 8.20875
17144 8.897409
17154 9.537314
17164 10.083192
17176 10.318259
17183 9.89775
17193 8.496924
17204 6.133194
17215 2.8648913
17224 -1.1556258
17233 -5.502625
17244 -9.853107
17254 -14.10521
17264 -18.175354
17273 -21.97038
17283 -25.535564
17293 -28.841307
17304 -31.764843
17314 -33.591404
17325 -33.52175
17333 -31.336498
17343 -27.756512
17356 -23.689852
17363 -19.277555
17377 -14.856553
17383 -10.871731
17394 -7.363138
17404 -4.3882337
17413 -2.3013601
17425 -1.7981423
17432 -3.0231032
17443 -5.755105
17454 -9.4073515
17464 -13.24591
17474 -17.262945
17484 -21.39316
17494 -25.5138
17503 -29.263556
17514 -31.629894
17524 -31.905882
17533 -30.168999
17543 -26.984272
17554 -22.958532
17564 -18.353828
17576 -13.445282
17583 -8.662972
17594 -4.262865
17603 -0.29980737
17614 2.670744
17628 3.629295
17633 2.648108
17644 0.481137
17654 -2.4006104
17663 -5.9422884
17676 -10.2953825
17683 -15.66449
17694 -21.182472
17704 -25.522505
17715 -28.130882
17724 -28.817797
17733 -27.363861
17743 -23.969318
17754 -19.32892
17765 -14.444749
17774 -9.927108
17783 -6.1860595
17796 -3.4505768
17805 -2.2613115
17813 -2.9212408
17823 -4.8992863
17833 -7.6069107
17843 -10.881309
17855 -14.941875
17864 -20.00017
17874 -25.726229
17884 -30.718355
17894 -33.783802
17905 -34.543854
17913 -32.8714
17925 -29.263552
17934 -24.402016
17945 -19.038137
17958 -13.86666
17964 -9.331608
17975 -5.8177896
17983 -3.4993315
17994 -3.364386
18007 -4.437859
18014 -6.298372
18026 -9.023408
18033 -13.005618
18043 -18.149233
18057 -23.137878
18064 -26.852808
18074 -29.008461
18083 -29.09117
18094 -26.695229
18103 -21.890282
18114 -16.916441
18124 -12.469318
18133 -9.085223
18144 -7.059291
18154 -6.1442714
18163 -6.5856752
18175 -8.481882
18183 -11.194732
18194 -14.700713
18205 -19.548319
18215 -25.214306
18224 -29.90433
18233 -32.635464
18244 -33.035946
18255 -30.613886
18264 -25.69663
18274 -19.308027
18282 -12.780999
18293 -7.210779
18305 -3.1624017
18313 -0.74991816
18327 -0.522686
18333 -1.5682983
18344 -4.1940846
18356 -8.244203
18364 -13.601991
18376 -19.616226
18383 -25.003614
18394 -28.757723
18406 -30.518116
18414 -29.652721
18427 -25.50248
18433 -18.25545
18444 -10.918745
18454 -4.347314
18464 0.6308841
18474 3.5100205
18485 4.2570105
18493 2.6437554
18506 -0.8926974
18513 -5.7107024
18531 -11.798939
18536 -19.164375
18544 -26.208551
18556 -31.380901
18568 -34.415005
18580 -34.323593
18583 -30.64871
18595 -24.521296
18604 -17.460579
18613 -10.637534
18633 -4.874908
18633 -0.96060747
18659 1.1541266
18660 0.85376257
18675 -1.3515133
18676 -4.912344
18689 -9.950616
18697 -16.282625
18703 -22.327333
18714 -26.641249
18729 -28.964062
18732 -28.859589
18743 -25.593025
18754 -19.756395
18763 -12.792316
18776 -6.6962433
18783 -2.4545887
18794 -0.21535753
18824 0.6099895
18825 -0.3207016
18825 -3.3104074
18833 -7.9447117
18844 -14.054714
18853 -21.392288
18864 -28.257118
18875 -33.02985
18882 -35.276917
18894 -34.117252
18908 -29.376734
18914 -22.248106
18925 -14.402091
18932 -7.1332936
18950 -1.2775126
18956 2.521868
18966 4.3632264
18976 3.5143738
18984 0.67267364
18993 -3.6865149
19004 -9.523143
19014 -16.462847
19026 -22.984652
19033 -27.773054
19045 -30.148102
19064 -29.255714
19065 -24.911327
19076 -18.12137
19083 -10.254462
19093 -3.7047973
19107 0.70227474
19115 2.9336715
19124 3.4647486
19133 2.066535
19144 -1.3724095
19158 -6.624853
19163 -13.5575905
19173 -21.481962
19182 -28.516563
19197 -33.119522
19210 -34.79111
19216 -32.779984
19230 -26.555927
19234 -18.947592
19244 -10.821234
19264 -3.49759
19265 2.2197633
19276 5.6500015
19282 6.3978634
19293 4.9047523
19304 1.2211643
19313 -3.956407
19324 -10.316277
19333 -18.096998
19343 -24.306252
19359 -28.580988
19365 -30.286531
19375 -28.591438
19382 -23.527046
19395 -15.646207
19409 -7.316995
19415 -0.41646993
19426 4.1751723
19433 6.184561
19445 5.771888
19454 2.796985
19464 -2.510309
19475 -9.5240135
19483 -17.925484
19495 -26.69784
19516 -34.024097
19516 -38.636635
19533 -39.831123
19533 -37.062557
19545 -30.868103
19553 -22.383055
19564 -12.86893
19574 -3.6769378
19583 3.749442
19594 8.462099
19618 9.667907
19625 7.7603817
19625 2.8727279
19633 -3.915487
19644 -12.004407
19654 -20.103773
19663 -26.68217
19675 -31.137123
19683 -32.84615
19693 -31.07357
19704 -26.03443
19714 -18.001225
19727 -9.584955
19737 -2.5372953
19744 2.0726297
19754 4.297931
19765 4.2456927
19776 1.4884439
19782 -3.7970831
19794 -11.078938
19804 -19.543964
19813 -27.292473
19825 -33.028976
19832 -35.871548
19843 -34.825066
19857 -29.995745
19864 -22.533669
19874 -14.153091
19883 -6.4733653
19893 -0.5853705
19903 3.1530676
19914 4.923035
19925 4.1978106
19933 0.5725531
19943 -5.104752
19954 -12.262979
19964 -19.065125
19974 -24.132124
19982 -26.946838
19994 -26.691748
20003 -23.340734
20014 -17.367418
20029 -10.16305
20032 -3.6334093
20044 1.1671842
20054 3.9226935
20064 4.9517646
20077 3.6075296
20083 -0.41734245
20095 -6.6213713
20108 -14.559673
20114 -23.296333
20126 -32.12876
20133 -39.13115
20143 -42.409897
20153 -42.087772
20163 -38.139515
20175 -31.588978
20184 -25.21866
20195 -20.88385
20204 -17.845387
20214 -14.628451
20230 -10.993618
20235 -7.3744564
20244 -5.664561
20253 -7.266499
20263 -10.647984
20275 -15.653169
20290 -21.26518
20299 -24.709349
20308 -24.621416
20314 -22.329948
20325 -19.741596
20332 -17.450996
20345 -15.245722
20353 -12.281262
20364 -7.750564
20373 -2.4937668
20384 2.7917595
20394 7.246716
20409 10.205949
20413 11.718215
20426 12.243197
20432 12.197926
20444 11.820075
20458 11.161889
20464 10.191149
20474 9.080239
20482 8.094699
20493 7.4321575
20504 7.156171
20514 7.1483364
20525 7.204056
20532 7.121347
20544 6.7791934
20555 6.215903
20566 5.6613193
20576 5.5716453
20582 5.5463967
20594 5.4192867
20603 5.051015
20613 4.357132
20631 3.4647474
20632 2.6533308
20649 2.2101858
20655 2.241528
20662 2.6089294
20675 3.072969
20682 3.1922438
20694 3.1913733
20704 3.0311797
20713 2.7717354
20724 2.568881
20732 2.5323153
20744 2.6454961
20755 2.720369
20764 2.6150243
20777 2.3877928
20782 2.1300895
20793 1.9028579
20805 1.726122
20813 1.6164242
20825 1.5998822
20832 1.669532
20844 1.7888066
20854 1.9577068
20863 2.2624235
20875 2.7099214
20882 3.218363
20895 3.45343
20904 3.4473357
20929 3.2305517
20929 2.9815545
20932 2.7769592
20946 2.6367896
20953 2.5619164
20964 2.4905257
20974 2.3425205
20983 2.1239946
20998 1.8662915
21009 1.840173
21015 1.9977549
21027 2.3529673
21033 2.7569346
21044 3.089511
21056 3.2758234
21066 3.3123896
21075 3.2549288
21083 3.1774437
21094 3.1051824
21105 3.0085435
21115 2.8631501
21122 2.6838028
21133 2.5192559
21145 2.4104288
21155 2.381698
21164 2.436547
21174 2.5384095
21183 2.6585548
21194 2.781312
21205 2.906681
21214 3.0538156
21228 3.2026916
21233 3.3280604
21243 3.3742037
21256 3.3298018
21263 3.2140093
21275 3.0720985
21283 2.9711068
21293 2.943247
21305 2.958918
21313 2.9832954
21328 3.002449
21333 3.0416267
21344 3.0860283
21356 3.1260772
21363 3.1609018
21375 3.1983385
21383 3.2340338
21393 3.2531877
21405 3.2436106
21413 3.2192335
21426 3.2096565
21432 3.2296808
21443 3.2819178
21453 3.349826
21463 3.4133813
21473 3.457783
21483 3.474325
21493 3.4664893
21505 3.4360175
21513 3.389004
21523 3.3437316
21533 3.31326
21543 3.338508
21554 3.363756
21563 3.3733327
21573 3.3620148
21583 3.3237076
21593 3.2575407
21605 3.1704788
21613 3.0816758
21624 3.0050611
21633 2.945859
21643 2.9005868
21653 2.826584
21663 2.7604172
21676 2.715145
21682 2.6986032
21693 2.7194984
21703 2.7804415
21713 2.8788216
21724 2.9989672
21733 3.1138887
21743 3.1939852
21755 3.225328
21764 3.2105272
21775 3.163514
21783 3.0938644
21794 3.0128968
21804 2.9328
21814 2.8666327
21824 2.8213603
21833 2.79263
21844 2.771735
21854 2.7482283
21864 2.706439
21873 2.6750968
21883 2.6498487
21893 2.6315653
21904 2.6246004
21913 2.6289535
21926 2.6411424
21932 2.6576843
21944 2.678579
21955 2.7003443
21964 2.7255921
21975 2.757805
21983 2.7734764
21993 2.819619
22004 2.9258347
22014 3.0764518
22027 3.2392576
22033 3.3811681
22043 3.497831
22055 3.6162353
22063 3.785135
22074 4.0306497
22083 4.3536496
22094 4.7332397
22104 5.116312
22114 5.460206
22124 5.7684054
22133 6.045262
22143 6.2907763
22154 6.483183
22164 6.5859165
22177 6.583305
22183 6.448358
22194 6.4004745
22206 6.3656497
22214 6.3151536
22225 6.2106795
22234 6.009567
22243 5.6944027
22259 5.273894
22263 4.7759
22275 4.2282805
22283 3.603176
22293 2.87708
22303 1.7983829
22314 0.4637245
22326 -1.003268
22336 -2.4737432
22354 -3.8797927
22354 -5.1935563
22367 -6.4011045
22375 -7.4911194
22383 -8.456635
22393 -9.1592245
22404 -9.382974
22413 -9.0634575
22425 -8.311242
22432 -7.296101
22443 -6.1225066
22454 -4.8035183
22463 -3.2964773
22473 -1.5413097
22483 0.49854946
22493 2.7917595
22504 4.9735303
22514 6.758299
22525 7.874431
22533 8.509983
22543 8.797288
22553 8.932234
22563 9.02452
22576 9.03932
22584 8.862584
22594 8.403768
22605 7.6620007
22614 6.8784437
22624 6.163666
22633 5.7744994
22644 5.616917
22658 5.6099524
22664 5.5881867
22674 5.4602056
22683 5.241681
22693 5.006614
22704 4.7863474
22713 4.5730457
22725 4.3580027
22733 4.122936
22743 3.823443
22754 3.4290526
22764 2.9615302
22774 2.4600537
22783 1.9690248
22793 1.4945375
22804 1.0061206
22813 0.5081265
22826 0.16597341
22833 -0.2649829
22844 -0.8509093
22854 -1.3993993
22864 -1.7528704
22874 -1.8373208
22883 -1.6954099
22893 -1.4002702
22904 -1.0163273
22914 -0.61323065
22924 -0.2658536
22933 -0.15180267
22943 -0.005538767
22954 0.29482478
22963 0.6387192
22973 0.95040077
22983 1.1837268
22993 1.3238964
23004 1.3578506
23014 1.3090957
23026 1.2498937
23032 1.2507643
23043 1.3491441
23054 1.5337154
23063 1.7417932
23077 1.9176583
23082 2.0386744
23093 2.111806
23104 2.157949
23114 2.191903
23123 2.2293398
23133 2.2728708
23143 2.2850595
23152 2.251976
23163 2.1457605
23174 1.9881786
23183 1.8123134
23194 1.6260012
23208 1.4275
23214 1.224646
23224 1.0244037
23234 0.8259025
23244 0.6308838
23255 0.47939605
23264 0.38014543
23278 0.35663864
23284 0.40974644
23293 0.5298919
23305 0.6926976
23314 0.8607271
23326 0.9939318
23333 1.0731581
23344 1.1201715
23355 1.1680555
23364 1.2385757
23375 1.3439206
23384 1.4832196
23394 1.6338366
23405 1.7618172
23414 1.8471378
23426 1.901987
23433 1.954224
23444 2.0282264
23454 2.1187708
23466 2.2171507
23474 2.3155305
23484 2.3964982
23494 2.4565706
23509 2.5122907
23514 2.5836813
23525 2.68032
23534 2.7935007
23544 2.9110343
23555 3.024215
23564 3.1217241
23573 3.1939857
23584 3.234905
23594 3.2462232
23603 3.2296813
23614 3.183538
23625 3.106053
23633 3.0033202
23643 2.8831747
23655 2.7482285
23663 2.6002235
23673 2.4452531
23683 2.2754824
23694 2.0891697
23705 1.8915391
23714 1.6921674
23726 1.511079
23733 1.3569794
23743 1.2394459
23753 1.1924325
23764 1.2481521
23775 1.4022517
23784 1.6138122
23794 1.8488793
23804 2.062181
23814 2.2737412
23825 2.4957492
23832 2.7177572
23843 2.9310586
23853 3.1217241
23864 3.2557998
23875 3.3062956
23883 3.279306
23894 3.2174926
23904 3.156549
23916 3.1426191
23936 3.156549
23937 3.1826675
23945 3.217492
23955 3.2653763
23964 3.3210955
23974 3.375074
23988 3.4281816
23994 3.4725835
24008 3.5135026
24015 3.5544214
24024 3.5883758
24038 3.606659
24044 3.6040473
24055 3.5805407
24063 3.5422335
24076 3.5039263
24082 3.4743254
24093 3.441242
24103 3.404676
24114 3.3646276
24127 3.3237076
24133 3.2697296
24144 3.208786
24155 3.1452303
24164 3.0851579
24175 3.0329206
24183 2.9937425
24194 2.9624
24204 2.9406347
24213 2.9388933
24224 2.94847
24233 2.9606588
24244 2.9911308
24255 3.038144
24264 3.0999582
24276 3.1722198
24283 3.2349045
24299 3.2723413
24304 3.2993302
24314 3.3237078
24326 3.3419912
24333 3.3559206
24343 3.375945
24353 3.4046755
24365 3.4377592
24376 3.4455948
24384 3.4360178
24393 3.4229586
24403 3.3924873
24413 3.355921
24425 3.3184843
24432 3.275824
24444 3.2322931
24454 3.1835387
24463 3.1208534
24480 3.0572982
24483 3.0172493
24494 2.9893897
24504 2.9684947
24513 2.9711065
24524 2.9832952
24533 3.002449
24543 3.0303087
24553 3.0538154
24564 3.0781927
24577 3.113888
24584 3.1539366
24594 3.1974676
24607 3.244481
24614 3.2975886
24625 3.3463433
24633 3.3750734
24644 3.3811681
24653 3.3698502
24668 3.3524382
24673 3.3289316
24683 3.2993307
24693 3.2610235
24703 3.2131393
24713 3.152196
24722 3.0755816
24732 2.9911318
24744 2.9127762
24755 2.8431268
24765 2.7769594
24775 2.7081804
24784 2.632437
24794 2.5488572
24805 2.4731133
24813 2.4069464
24824 2.3494852
24832 2.3042128
24844 2.278965
24852 2.2754822
24863 2.293765
24874 2.3338137
24883 2.3895335
24893 2.4600534
24902 2.5479858
24913 2.6376595
24924 2.7282038
24932 2.8178775
24943 2.8988452
24953 2.9624002
24965 3.0033195
24975 3.029438
24984 3.04685
24995 3.063392
25007 3.081675
25014 3.0973463
25023 3.1077936
25034 3.1112761
25044 3.1060526
25055 3.0903814
25064 3.068616
25075 3.0503328
25083 3.0346618
25094 3.0163786
25104 2.9954836
25114 2.971977
25124 2.9493408
25133 2.927575
25143 2.902327
25153 2.8762083
25163 2.8483489
25172 2.8196182
25183 2.7804406
25193 2.724721
25204 2.662907
25213 2.6019638
25224 2.5436325
25234 2.4887838
25245 2.4321938
25255 2.3790863
25264 2.3277197
25274 2.2807062
25284 2.2354338
25295 2.1927733
25305 2.157078
25314 2.1370542
25325 2.1448898
25334 2.1788437
25344 2.2267275
25355 2.2850587
25365 2.349485
25375 2.4217463
25384 2.5035844
25393 2.59587
25404 2.7064385
25413 2.822231
25426 2.931058
25432 3.0076723
25444 3.054686
25453 3.0773225
25465 3.0895116
25474 3.0903819
25484 3.0703576
25496 3.0242147
25505 2.9528236
25514 2.853573
25527 2.7412636
25533 2.6228592
25543 2.514903
25555 2.4130404
25564 2.3198843
25575 2.2389166
25585 2.1744905
25594 2.1379244
25609 2.1370542
25614 2.1710083
25625 2.2319517
25633 2.3137896
25643 2.4121695
25654 2.5270913
25663 2.6611664
25675 2.8109128
25683 2.9606593
25693 3.1034408
25703 3.2340338
25713 3.3515673
25723 3.4664893
25734 3.581411
25744 3.6919794
25755 3.779912
25764 3.8504324
25776 3.9017985
25783 3.9496827
25794 4.0097556
25806 4.0889816
25814 4.1812673
25824 4.2796474
25834 4.36758
25844 4.4398413
25854 4.502526
25863 4.5678225
25874 4.6278954
25883 4.69058
25893 4.7402053
25904 4.748041
25913 4.7018986
25924 4.613095
25932 4.4929495
25943 4.354521
25953 4.2160926
25964 4.080276
25976 3.943588
25984 3.8016775
25994 3.6519303
26006 3.5047958
26014 3.3837793
26026 3.2975883
26034 3.2366447
26044 3.186149
26056 3.140877
26063 3.101699
26073 3.0755804
26083 3.0607798
26093 3.086028
26103 3.1313004
26113 3.1887617
26125 3.2505753
26133 3.324578
26142 3.4212167
26154 3.5544214
26163 3.731157
26175 3.9427178
26182 4.173432
26194 4.405887
26204 4.5852346
26214 4.726275
26225 4.835973
26235 4.924776
26244 4.994426
26256 5.0388274
26265 5.0466623
26277 5.003132
26284 4.908234
26301 4.7628407
26305 4.591329
26314 4.4215584
26324 4.2517877
26334 4.070699
26344 3.869586
26354 3.6414835
26364 3.3907456
26375 3.1417487
26389 2.9197412
26393 2.7203696
26404 2.5192566
26413 2.3268495
26426 2.1440194
26432 1.9829545
26443 1.858456
26454 1.7713943
26465 1.7200279
26475 1.7052273
26484 1.7130626
26494 1.7217692
26504 1.7365695
26514 1.7888066
26527 1.8636798
26533 1.9481298
26543 2.0308387
26554 2.1004882
26564 2.1640434
26576 2.2302103
26583 2.298989
26594 2.3642855
26603 2.4217463
26614 2.4678893
26624 2.5018435
26633 2.5270913
26646 2.5514688
26654 2.575846
26664 2.6071885
26673 2.6411426
26682 2.6602962
26693 2.65159
26702 2.6115417
26713 2.5532103
26723 2.4818194
26733 2.4060755
26743 2.329461
26754 2.2467523
26763 2.1623023
26773 2.0656633
26783 1.9611889
26793 1.8601975
26808 1.7748771
26813 1.7043568
26824 1.6442844
26833 1.594659
26844 1.55374
26854 1.5232682
26864 1.5110797
26876 1.5058559
26882 1.5049855
26893 1.5015029
26904 1.4980202
26913 1.5023732
26924 1.5223975
26933 1.561575
26943 1.605106
26954 1.6434132
26964 1.6704022
26975 1.6947795
26983 1.7269921
26994 1.7757468
27006 1.8401725
27014 1.9106927
27025 1.9777305
27034 2.0421565
27045 2.1030998
27054 2.1945145
27064 2.2946358
27075 2.4060752
27083 2.5088084
27094 2.5862937
27109 2.6437547
27113 2.6907685
27123 2.7395232
27133 2.7874072
27143 2.8257146
27153 2.8492212
27163 2.8335502
27173 2.80569
27182 2.7656417
27194 2.725593
27204 2.6994746
27213 2.6785796
27225 2.6585553
27234 2.6324368
27244 2.6010942
27256 2.5714934
27264 2.549728
27275 2.5349274
27284 2.521868
27294 2.5044558
27304 2.473984
27314 2.4295824
27324 2.3816984
27334 2.3338141
27344 2.2937658
27354 2.2580702
27364 2.2206337
27376 2.17362
27383 2.114418
27393 2.0499923
27404 1.9890491
27414 1.9463886
27427 1.917658
27432 1.897634
27444 1.8784804
27455 1.8514915
27464 1.8201492
27474 1.7957718
27484 1.7870654
27494 1.7940307
27507 1.806219
27514 1.8210196
27525 1.834079
27534 1.850621
27544 1.873257
27554 1.9028579
27563 1.9368119
27573 1.9716367
27583 2.0038497
27593 2.0308387
27605 2.0639224
27614 2.112677
27623 2.1762323
27633 2.2389169
27643 2.2937658
27654 2.3372967
27664 2.3747334
27677 2.4086878
27683 2.4443831
27693 2.4774666
27703 2.5079381
27713 2.526221
27724 2.5201268
27733 2.4913964
27743 2.4513476
27754 2.4121702
27765 2.373863
27778 2.3329437
27784 2.291154
27807 2.2511053
27807 2.21541
27812 2.1788442
27824 2.1361837
27832 2.0935228
27843 2.0482507
27853 2.0029788
27864 1.9577065
27873 1.9211408
27883 1.8985044
27893 1.8863162
27904 1.874998
27913 1.8593268
27923 1.8427849
27933 1.838432
27943 1.8427852
27954 1.8514911
27963 1.8645505
27974 1.874998
27986 1.873257
27995 1.8593268
28009 1.8401732
28014 1.8271141
28026 1.8297257
28037 1.8453972
28046 1.8584564
28059 1.874998
28064 1.8932811
28074 1.9115642
28084 1.9281058
28094 1.9394237
28105 1.9446473
28114 1.9455178
28125 1.9341999
28133 1.9037285
28144 1.856715
28154 1.8053483
28163 1.7417932
28174 1.6686611
28184 1.5859524
28194 1.4997611
28203 1.422276
28213 1.3613327
28227 1.3117074
28233 1.2768826
28245 1.2603409
28256 1.2551173
28264 1.2594705
28274 1.2838479
28284 1.3369557
28294 1.416182
28305 1.5145619
28314 1.6190362
28324 1.7208987
28332 1.8262433
28343 1.9324588
28354 2.030839
28363 2.1248655
28375 2.219763
28383 2.3146603
28394 2.395628
28404 2.4652774
28413 2.5270915
28426 2.5836818
28433 2.6298246
28444 2.658555
28454 2.6681318
28464 2.6672614
28475 2.6663907
28484 2.6576846
28495 2.634178
28505 2.6054475
28514 2.5732346
28527 2.5410216
28534 2.5140326
28544 2.4913964
28554 2.473984
28564 2.4644072
28576 2.458313
28584 2.4496067
28594 2.4426415
28604 2.4409003
28614 2.444383
28624 2.451348
28634 2.4591835
28645 2.460054
28655 2.4539595
28664 2.4348059
28674 2.406946
28683 2.3825686
28693 2.3668973
28704 2.3529673
28713 2.3390374
28725 2.3277197
28734 2.3172724
28744 2.308566
28754 2.3024716
28764 2.3007307
28776 2.306825
28784 2.31379
28794 2.3129194
28805 2.3059547
28814 2.29899
28824 2.2902834
28834 2.2763536
28844 2.2563295
28854 2.2275991
28864 2.1953857
28877 2.1596901
28884 2.1239948
28893 2.0943937
28902 2.0734987
28914 2.0499923
28925 2.0221326
28933 1.996014
28943 1.970766
28954 1.9507415
28965 1.9446473
28974 1.9550948
28983 1.9794717
28994 2.0047197
29005 2.0230029
29014 2.027356
29025 2.029968
29034 2.036062
29047 2.0404153
29058 2.0412862
29064 2.0369332
29074 2.0142972
29083 1.9716365
29093 1.9115639
29104 1.8480086
29114 1.7879357
29124 1.7444049
29133 1.7139335
29143 1.6930386
29154 1.6791087
29163 1.6686611
29173 1.6608256
29183 1.6695317
29194 1.698262
29204 1.7478874
29214 1.8149251
29225 1.8863158
29233 1.9472591
29244 2.0021079
29256 2.056957
29264 2.1152885
29274 2.174491
29283 2.2310808
29294 2.2711294
29306 2.2885416
29314 2.28593
29324 2.2754822
29334 2.2650347
29344 2.2685173
29358 2.2728705
29364 2.2598112
29374 2.23021
29383 2.198868
29393 2.1753614
29402 2.1640432
29413 2.1640432
29424 2.175361
29432 2.1866791
29444 2.1953857
29454 2.1919029
29464 2.1814554
29474 2.1823263
29485 2.2040915
29495 2.2380455
29506 2.2719996
29514 2.3033419
29524 2.3277192
29534 2.34252
29544 2.3555791
29555 2.3799562
29564 2.4191344
29575 2.4661477
29584 2.502714
29594 2.522738
29606 2.5357974
29613 2.5497274
29624 2.5610456
29633 2.5636575
29643 2.557563
29654 2.544504
29663 2.5236094
29676 2.4731138
29683 2.4043348
29693 2.3329437
29702 2.2632942
29713 2.192774
29725 2.1222534
29734 2.056957
29746 2.0142968
29754 1.9968845
29764 1.9960136
29776 2.009073
29784 2.0552156
29794 2.125736
29805 2.2145393
29814 2.31466
29824 2.4182634
29834 2.5218673
29844 2.6237297
29858 2.7212389
29864 2.8091712
29876 2.8883975
29883 2.954564
29893 3.0102842
29904 3.053815
29913 3.0842872
29925 3.095605
29932 3.0851576
29943 3.0572982
29954 3.0233438
29965 2.9780717
29975 2.9214814
29984 2.8596673
29994 2.7908888
30006 2.7012148
30013 2.5906465
30024 2.4905252
30033 2.3956277
30043 2.3024714
30053 2.2275984
30063 2.1831968
30072 2.1588194
30083 2.1274774
30093 2.0682752
30105 2.000367
30114 1.9533535
30125 1.9341999
30134 1.9115639
30145 1.9037285
30157 1.9281055
30164 1.9716367
30177 2.0134263
30183 2.0630515
30194 2.1509836
30204 2.2868004
30214 2.4426415
30225 2.5915174
30233 2.7334282
30243 2.8718565
30254 3.002449
30264 3.1173708
30276 3.2122686
30283 3.28453
30293 3.3289316
30305 3.355921
30313 3.348085
30323 3.3324142
30333 3.3237076
30344 3.3193548
30354 3.3123896
30364 3.294107
30377 3.2636354
30382 3.2218454
30393 3.1739614
30405 3.1260772
30414 3.0642633
30425 3.0146377
30433 2.9615302
30444 2.8988454
30454 2.8231013
30464 2.73691
30475 2.6533303
30484 2.577587
30494 2.510549
30505 2.4469938
30513 2.387792
30527 2.339908
30533 2.3042128
30543 2.2841883
30555 2.2746117
30564 2.2746117
30576 2.2885416
30583 2.3120484
30594 2.3407786
30603 2.3668976
30613 2.3930159
30626 2.4182634
30633 2.4417703
30645 2.465277
30654 2.4948778
30667 2.544503
30674 2.6158936
30683 2.6942496
30694 2.7682524
30703 2.8344195
30713 2.8927512
30723 2.9467294
30733 3.0007079
30743 3.0546865
30753 3.1025703
30763 3.1339126
30775 3.1461015
30783 3.1408777
30794 3.133042
30806 3.1295595
30814 3.133042
30823 3.1478424
30833 3.1687372
30844 3.1905024
30853 3.2044327
30864 3.2026916
30875 3.185279
30883 3.1530662
30893 3.1112764
30902 3.0633924
30913 3.0137672
30925 2.959789
30932 2.8944921
30943 2.82136
30953 2.7438745
30965 2.6646483
30978 2.59674
30984 2.55408
30994 2.522738
31005 2.5053256
31014 2.4957488
31024 2.4931366
31034 2.4983604
31044 2.5209963
31055 2.5636568
31064 2.6254709
31073 2.7055676
31083 2.7908885
31094 2.8622792
31106 2.9249635
31114 2.9711065
31124 3.0033195
31133 3.022473
31144 3.0337908
31155 3.0355322
31164 3.0259552
31175 3.011155
31183 2.9963546
31194 2.9824247
31205 2.9711068
31213 2.9658828
31224 2.9676244
31233 2.9772012
31244 2.993743
31255 3.0155084
31264 3.0320504
31274 3.0355332
31284 3.0102851
31294 2.9545655
31307 2.859668
31314 2.7447464
31324 2.6185067
31334 2.4809487
31344 2.3277197
31358 2.1596901
31364 1.980343
31374 1.8053486
31384 1.646896
31393 1.5215267
31403 1.4379474
31413 1.4109582
31425 1.4231468
31433 1.4631953
31443 1.5250092
31454 1.6068473
31463 1.7113214
31474 1.8427849
31483 1.993402
31494 2.150113
31506 2.3050833
31514 2.4513474
31525 2.5941286
31533 2.7421339
31543 2.8910096
31553 3.036403
31564 3.1748314
31573 3.2941062
31584 3.3829093
31594 3.4421113
31606 3.4812891
31613 3.507408
31623 3.5230792
31633 3.5248206
31643 3.5056665
31654 3.4621356
31663 3.4081573
31673 3.3506968
31683 3.2975893
31695 3.2470932
31704 3.1939857
31714 3.131301
31724 3.0564277
31733 2.9745896
31743 2.8971045
31755 2.836161
31764 2.8039482
31777 2.7917593
31783 2.7917593
31799 2.8039482
31804 2.8274546
31814 2.8675034
31840 2.9275763
31840 2.9972258
31849 3.0651343
31857 3.1182418
31868 3.1556785
31875 3.1739614
31884 3.1757028
31893 3.1669967
31902 3.1434898
31913 3.1130183
31923 3.0747108
31932 3.0294383
31944 2.9867783
31953 2.94673
31964 2.9153872
31976 2.8866572
31983 2.8648913
31994 2.8535736
32005 2.850091
32015 2.8596678
32024 2.8718565
32035 2.8883982
32047 2.9153872
32054 2.9510825
32070 2.995484
32073 3.0407562
32084 3.078193
32095 3.1008291
32104 3.1130178
32114 3.1182413
32127 3.1173706
32133 3.1191123
32145 3.1243355
32154 3.127818
32163 3.127818
32174 3.1260772
32183 3.1208532
32194 3.1182413
32204 3.1225946
32213 3.1252062
32224 3.1269476
32233 3.1252062
32244 3.1156297
32255 3.1043115
32263 3.089511
32273 3.0677454
32283 3.0364034
32294 2.9989665
32308 2.958918
32313 2.9075515
32325 2.8544436
32332 2.803077
32343 2.7534516
32352 2.7046974
32364 2.6507187
32375 2.5941286
32384 2.5418913
32393 2.5001016
32404 2.4748538
32413 2.464406
32425 2.4731123
32432 2.490525
32444 2.510549
32454 2.5288322
32463 2.5497274
32474 2.5758455
32484 2.6054466
32494 2.6272123
32504 2.6402712
32514 2.648107
32530 2.649848
32532 2.6489775
32546 2.647236
32555 2.642883
32564 2.6376595
32575 2.6367888
32583 2.6411417
32594 2.646366
32604 2.6585543
32614 2.6733549
32627 2.6785784
32635 2.685543
32644 2.690767
32655 2.69512
32664 2.7055674
32674 2.7264624
32683 2.7482278
32693 2.761287
32704 2.7691228
32713 2.7752168
32725 2.7760873
32733 2.774346
32743 2.7534513
32754 2.7160149
32763 2.6707423
32775 2.623729
32783 2.578457
32793 2.5392792
32803 2.5149019
32813 2.4983604
32825 2.4853013
32833 2.4844306
32843 2.4957488
32853 2.5166435
32864 2.547115
32875 2.5810692
32883 2.6097999
32893 2.6263413
32902 2.6394007
32913 2.6481066
32925 2.6550715
32932 2.6611662
32945 2.6646483
32959 2.6663897
32964 2.6620367
32975 2.6629074
32984 2.6611662
32994 2.6550715
33006 2.6515892
33014 2.6446242
33025 2.631565
33034 2.6193764
33044 2.615894
33055 2.6211176
33064 2.6237295
33073 2.6237295
33083 2.6080582
33094 2.5889046
33105 2.5741043
33114 2.5636568
33129 2.5619156
33133 2.5741043
33143 2.5984817
33154 2.6193764
33163 2.6289535
33176 2.6394007
33183 2.6663897
33193 2.7055678
33204 2.7456162
33214 2.776088
33227 2.803077
33234 2.828325
33244 2.8457375
33257 2.8509612
33264 2.8474786
33273 2.8387725
33284 2.8248422
33294 2.813524
33306 2.7995946
33314 2.7821822
33323 2.7656405
33333 2.739522
33344 2.704697
33355 2.6629074
33364 2.6211176
33376 2.5836813
33384 2.550598
33393 2.5166438
33404 2.4687598
33413 2.4234877
33425 2.3912745
33432 2.3677676
33444 2.3512259
33453 2.332943
33464 2.316401
33473 2.2946358
33484 2.271129
33495 2.253717
33505 2.253717
33514 2.2737412
33530 2.3094366
33539 2.3555791
33545 2.4043336
33555 2.4496057
33564 2.492266
33573 2.5366676
33584 2.5897753
33594 2.6498482
33604 2.707309
33614 2.7517104
33625 2.777829
33633 2.7900176
33643 2.7969825
33653 2.8056889
33663 2.8257127
33676 2.8492196
33683 2.8675025
33694 2.8744676
33705 2.8718557
33713 2.8631494
33724 2.855314
33733 2.855314
33744 2.856185
33754 2.8474786
33764 2.832678
33774 2.8109124
33784 2.7891467
33793 2.7691228
33803 2.7517104
33813 2.7299452
33825 2.7099206
33834 2.6925087
33843 2.6750963
33854 2.663778
33863 2.6594248
33873 2.6611662
33883 2.669872
33893 2.685543
33902 2.7099206
33913 2.745616
33925 2.7995944
33932 2.8701146
33944 2.9589179
33954 3.066004
33965 3.1678665
33974 3.301071
33984 3.44037
33994 3.5805395
34008 3.7137442
34014 3.8295364
34027 3.9192102
34034 3.9758003
34044 3.9879892
34054 3.9479408
34064 3.8530436
34075 3.7180977
34083 3.4786773
34094 3.0929933
34104 2.660296
34114 2.2571993
34126 1.8131839
34133 1.3796157
34144 1.0304976
34155 0.7719238
34164 0.5612341
34176 0.3644744
34183 0.17642073
34194 0.045827866
34204 0.087617524
34214 0.24694079
34226 0.45850113
34234 0.77714753
34244 1.1288775
34255 1.4327235
34264 1.710451
34273 2.007332
34283 2.3268492
34293 2.6411424
34305 2.8561857
34315 2.9824255
34327 3.0250854
34333 2.9859076
34344 2.8918808
34355 2.797854
34364 2.7430048
34377 2.7203684
34384 2.706439
34395 2.7012153
34404 2.7229807
34414 2.8396437
34425 3.0015786
34433 3.166996
34444 3.3559203
34454 3.6118822
34466 3.93227
34475 4.259623
34484 4.5042667
34494 4.6574955
34506 4.7898297
34514 4.977883
34524 5.21295
34534 5.4314756
34544 5.612564
34555 5.76144
34564 5.920763
34574 6.170631
34584 6.5728564
34594 7.156172
34605 7.7978177
34614 8.295812
34625 8.539585
34633 8.54655
34646 8.440333
34655 8.342824
34664 8.3741665
34676 8.38026
34683 8.235739
34694 7.902292
34705 7.4164867
34714 6.9419994
34724 6.7034497
34733 6.7156386
34743 6.8671265
34754 7.0543094
34763 7.1648784
34776 7.058663
34783 6.827077
34793 6.513655
34803 6.1358066
34813 5.7065916
34826 5.2181745
34834 4.6122236
34844 3.9427178
34853 3.3376372
34864 2.847479
34876 2.492267
34883 2.2711296
34893 2.1649141
34904 2.1596901
34913 2.238046
34926 2.3956277
34932 2.6341772
34943 2.9371526
34952 3.2732117
34964 3.5848932
34976 3.8791625
34984 4.1386065
34994 4.36758
35005 4.568692
35014 4.745428
35023 4.909104
35034 5.0571094
35045 5.1781254
35054 5.276505
35065 5.3844624
35076 5.6195292
35083 5.9651647
35094 6.344755
35105 6.7182508
35114 7.0847807
35125 7.4234514
35133 7.679413
35143 7.7734394
35153 7.655035
35163 7.3416123
35176 6.861032
35183 6.1688905
35194 5.2852116
35205 4.323178
35214 3.3585317
35225 2.4417708
35234 1.6268716
35244 0.9921906
35255 0.6369781
35264 0.6152125
35273 0.88075125
35284 1.3378261
35294 1.8636799
35305 2.3869216
35314 2.884045
35326 3.322837
35333 3.6763084
35344 3.9078932
35355 3.9871187
35364 3.892222
35374 3.6205885
35384 3.2357752
35393 2.8883986
35403 3.1278188
35413 3.567481
35424 3.522209
35432 3.2932358
35443 3.2714705
35453 3.3193543
35464 3.2949767
35475 3.3776855
35484 3.4595244
35494 3.4865136
35505 3.3959694
35515 2.7874067
35525 2.1858091
35534 2.31379
35544 2.8318079
35554 3.215751
35564 3.5195968
35576 3.8547852
35584 4.0384855
35595 4.1943264
35604 4.3536496
35615 4.4772773
35627 4.4946895
35633 4.271811
35644 3.8843863
35653 3.7268038
35663 3.4543002
35675 2.8596678
35683 2.156208
35693 1.4649365
35705 0.9773899
35714 0.5699405
35725 -0.0046679755
35734 -0.47567275
35744 -0.43997735
35755 -0.23451133
35764 -0.51136816
35773 -0.7638477
35786 -0.67852694
35794 -0.4861203
35805 -0.21448725
35814 -0.040363487
35826 0.07194636
35833 0.39320472
35843 0.65090793
35854 0.5490455
35865 0.35402688
35880 0.26957685
35897 0.18425621
35897 0.104159266
35907 0.11983048
35913 0.14246655
35924 0.10677112
35934 0.11286545
35943 0.16597314
35954 0.2660943
35963 0.3357438
35974 0.3252963
35983 0.31833136
35995 0.35750917
36005 0.40365192
36014 0.4254173
36027 0.430641
36034 0.4550183
36044 0.48636055
36055 0.49506673
36064 0.4933254
36075 0.49593726
36084 0.50029033
36109 0.50551414
36109 0.5089967
36113 0.5081261
36124 0.5029024
36133 0.49767867
36143 0.49854928
36154 0.5002905
36163 0.50203174
36176 0.5081261
36183 0.5124792
36194 0.5177029
36205 0.51073784
36214 0.49506664
36227 0.48984292
36234 0.4881017
36244 0.48636055
36254 0.4793956
36265 0.46546572
36274 0.4506652
36284 0.43238223
36295 0.41932297
36305 0.40800494
36315 0.40016937
36326 0.40365183
36333 0.40887555
36343 0.4158405
36353 0.41845226
36363 0.42367598
36374 0.43325278
36383 0.44544142
36394 0.45675945
36404 0.46807748
36413 0.48113677
36426 0.49593726
36432 0.5107378
36444 0.5229264
36454 0.5325032
36464 0.54295063
36475 0.54991555
36484 0.54991555
36494 0.5464331
36504 0.5412094
36514 0.5325032
36524 0.52031463
36534 0.4741719
36544 0.30614245
36555 0.0249326
36564 -0.2440886
36573 -0.4243067
36584 -0.50527424
36594 -0.52616906
36605 -0.53574586
36615 -0.5557701
36625 -0.6001716
36633 -0.6672094
36649 -0.6889749
36654 -0.56534696
36665 -0.31547937
36675 -0.06561175
36683 0.11983004
36693 0.24084611
36703 0.33400232
36713 0.43325284
36725 0.55862194
36733 0.73187506
36743 0.95388293
36754 1.1767614
36764 1.321284
36775 1.3770036
36785 1.3970279
36794 1.3830979
36804 1.3273783
36814 1.2437989
36824 1.1462896
36833 1.0392035
36844 0.9103518
36855 0.75886416
36864 0.5951878
36880 0.48723108
36883 0.45501822
36893 0.45153582
36902 0.45763016
36913 0.47156003
36924 0.489843
36933 0.51073784
36943 0.5325033
36952 0.544692
36963 0.5464332
36974 0.5403389
36983 0.5185734
36994 0.48636055
37004 0.4445708
37014 0.39842805
37026 0.35402653
37034 0.32007244
37044 0.29830706
37054 0.275671
37064 0.25825864
37074 0.2565174
37084 0.27305916
37094 0.30091903
37104 0.33226126
37114 0.36534473
37124 0.40452254
37133 0.44631222
37143 0.47330138
37154 0.4802662
37163 0.4802662
37177 0.48200747
37183 0.4741719
37193 0.4497946
37205 0.42367598
37214 0.40800485
37224 0.40016928
37233 0.39668682
37245 0.39233372
37256 0.39233372
37264 0.4010399
37274 0.41671103
37286 0.4297703
37294 0.4445708
37304 0.4628538
37314 0.48548985
37324 0.50203156
37333 0.50986713
37344 0.5107378
37353 0.50986713
37364 0.50464344
37376 0.4976785
37384 0.48461923
37393 0.4785249
37404 0.4733012
37413 0.47155997
37426 0.46807748
37433 0.4689481
37443 0.47155997
37452 0.47591305
37463 0.47591305
37474 0.47504243
37484 0.47068933
37494 0.4689481
37506 0.46111253
37514 0.453277
37525 0.44544142
37533 0.4393471
37544 0.4341234
37554 0.4306409
37564 0.42715845
37574 0.42280534
37585 0.42193472
37593 0.42280534
37603 0.42628783
37613 0.43673524
37623 0.4489239
37633 0.46111253
37643 0.47504243
37654 0.4837486
37663 0.4889723
37673 0.4924548
37683 0.4985491
37694 0.49941972
37704 0.4985491
37714 0.4985491
37727 0.4976785
37733 0.49071357
37743 0.482878
37754 0.46720687
37764 0.45240638
37775 0.4393471
37783 0.42802906
37794 0.41584042
37806 0.40887547
37814 0.40887547
37824 0.4114874
37834 0.41322872
37844 0.41496995
37854 0.41322872
37864 0.41932306
37874 0.4315117
37883 0.44370034
37893 0.45588902
37904 0.4698189
37913 0.4837488
37926 0.48723125
37932 0.4828781
37943 0.47068933
37954 0.453277
37964 0.42280534
37974 0.3862394
37984 0.36099148
37995 0.35141468
38006 0.34967345
38014 0.35576776
38026 0.3618621
38034 0.3723095
38044 0.38014507
38056 0.38711002
38064 0.39755744
38074 0.4245466
38084 0.453277
38094 0.46633625
38104 0.46546564
38114 0.45763007
38126 0.44631204
38133 0.43673524
38143 0.42889968
38152 0.42715845
38163 0.4341234
38175 0.44544142
38183 0.4541476
38193 0.4637244
38204 0.47155997
38213 0.4793955
38225 0.48200738
38233 0.4837486
38244 0.4837486
38255 0.48200738
38264 0.4785249
38274 0.47417182
38283 0.47068933
38294 0.46807748
38306 0.46720687
38316 0.46546564
38327 0.4637244
38333 0.4637244
38344 0.46198317
38355 0.4602419
38364 0.45850068
38376 0.4602419
38383 0.4602419
38394 0.4628538
38403 0.46633625
38413 0.4698187
38425 0.47591305
38432 0.4785249
38443 0.4837486
38452 0.4889723
38463 0.49593726
38473 0.49941972
38484 0.5029022
38495 0.5037728
38505 0.5029022
38514 0.4985491
38528 0.49419603
38534 0.48548985
38544 0.48026612
38555 0.4785249
38565 0.47678366
38576 0.4733012
38584 0.4698187
38594 0.46546564
38604 0.4637244
38615 0.4602419
38624 0.46459502
38634 0.4698187
38647 0.48113677
38658 0.48636046
38665 0.4881017
38678 0.48984292
38683 0.48984292
38694 0.49419603
38703 0.4924548
38716 0.49419603
38727 0.49593726
38733 0.4933254
38744 0.49158418
38754 0.4881017
38765 0.49158418
38775 0.4924548
38784 0.4933254
38795 0.4933254
38804 0.48984292
38815 0.48723108
38825 0.482878
38833 0.48026612
38844 0.48026612
38854 0.48026612
38865 0.48026612
38873 0.4793955
38883 0.48026612
38894 0.48113677
38902 0.48200738
38914 0.48200738
38926 0.48636046
38932 0.49419603
38944 0.50029033
38952 0.5037728
38965 0.5029022
38979 0.50029033
38984 0.49419603
38995 0.48636046
39005 0.47417182
39015 0.46720687
39024 0.46633625
39034 0.46546564
39045 0.46198317
39054 0.4593713
39065 0.4602419
39077 0.4628538
39083 0.4689481
39095 0.47591305
39104 0.48548985
39115 0.4976785
39126 0.50464344
39133 0.5063847
39145 0.5081259
39152 0.50899655
39164 0.5072553
39176 0.5029022
39183 0.49941972
39193 0.4933254
39205 0.49158418
39214 0.4837486
39224 0.47765428
39234 0.47417182
39249 0.47417182
39256 0.47417182
39264 0.47591305
39275 0.48113677
39284 0.48636046
39296 0.4881017
39306 0.49071357
39315 0.4889723
39328 0.49158418
39334 0.4924548
39344 0.49506664
39354 0.49506664
39364 0.4933254
39379 0.49071357
39384 0.48636046
39394 0.48461923
39404 0.482878
39413 0.482878
39423 0.48548985
39434 0.48984292
39444 0.49419603
39453 0.49680787
39464 0.50203156
39474 0.5063847
39483 0.51160836
39494 0.5168321
39505 0.5203146
39514 0.52379704
39525 0.5272795
39534 0.52553827
39544 0.5220558
39555 0.5177027
39564 0.51160836
39577 0.5072553
39584 0.5055141
39594 0.49680787
39604 0.49071357
39615 0.4881017
39624 0.4837486
39634 0.47765428
39644 0.4793955
39654 0.482878
39663 0.48548985
39678 0.49071357
39684 0.49593726
39695 0.4985491
39705 0.5029022
39714 0.50464344
39728 0.49941972
39733 0.4976785
39744 0.49593726
39753 0.48984292
39765 0.482878
39774 0.48200738
39784 0.48026612
39794 0.47678366
39809 0.4724306
39814 0.4733012
39824 0.47591305
39833 0.4793955
39844 0.48461923
39855 0.48984292
39864 0.4924548
39875 0.4976785
39884 0.4976785
39894 0.49680787
39905 0.49593726
39913 0.49506664
39924 0.49071357
39933 0.48461923
39944 0.482878
39955 0.48200738
39963 0.482878
39975 0.4881017
39984 0.49071357
39994 0.4924548
40006 0.4933254
40015 0.49071357
40025 0.4881017
40034 0.4889723
40045 0.4889723
40055 0.48723108
40064 0.48461923
40074 0.48200738
40084 0.47678366
40095 0.47155997
40109 0.4698187
40115 0.47155997
40127 0.47678366
40135 0.48548985
40151 0.4924548
40154 0.4985491
40163 0.5063847
40176 0.5107378
40183 0.5150909
40193 0.5177027
40205 0.5203146
40214 0.5177027
40226 0.5133496
40236 0.5072553
40244 0.501161
40253 0.49593726
40263 0.4933254
40274 0.4889723
40283 0.48723108
40293 0.4837486
40305 0.482878
40314 0.4785249
40327 0.4785249
40333 0.4793955
40343 0.48026612
40353 0.4793955
40363 0.47765428
40376 0.47591305
40384 0.47155997
40393 0.46807748
40404 0.4637244
40413 0.4628538
40425 0.46546564
40432 0.46633625
40444 0.46633625
40454 0.4698187
40464 0.47155997
40476 0.4733012
40488 0.4785249
40494 0.48636046
40506 0.4933254
40514 0.49941972
40526 0.50203156
40533 0.5055141
40544 0.5081259
40555 0.5081259
40565 0.50203156
40576 0.501161
40584 0.50029033
40593 0.49680787
40603 0.4881017
40613 0.4793955
40625 0.4724306
40633 0.46546564
40645 0.45850068
40656 0.45501822
40664 0.4541476
40675 0.45763007
40686 0.45675945
40695 0.4541476
40705 0.45153573
40713 0.453277
40724 0.4541476
40733 0.45240638
40743 0.44718266
40753 0.44195893
40764 0.43673524
40778 0.4306409
40785 0.42715845
40794 0.42802906
40803 0.42889968
40814 0.42628783
40824 0.4245466
40833 0.4210641
40844 0.4140992
40853 0.4140992
40864 0.41845226
40876 0.4245466
40883 0.42889968
40893 0.42715845
40902 0.4201935
40913 0.4149698
40926 0.40887547
40933 0.40278113
40943 0.40016928
40954 0.40626362
40963 0.4106167
40974 0.40974608
40983 0.40626362
40994 0.405393
41005 0.40800485
41015 0.4140992
41024 0.4149698
41034 0.4201935
41045 0.42367598
41055 0.42889968
41064 0.42889968
41076 0.42628783
41083 0.42280534
41094 0.4210641
41105 0.41932288
41114 0.41758165
41124 0.41584042
41134 0.4210641
41144 0.4245466
41154 0.4297703
41164 0.4306409
41173 0.43238214
41184 0.43586463
41194 0.4393471
41205 0.4437002
41214 0.44631204
41227 0.4489239
41234 0.45153573
41245 0.453277
41256 0.45588884
41265 0.45066512
41276 0.4445708
41283 0.43760586
41294 0.4306409
41304 0.42367598
41314 0.4149698
41325 0.40974608
41333 0.40626362
41344 0.4019105
41354 0.3949456
41364 0.3914631
41376 0.39755744
41386 0.40626362
41394 0.41758165
41405 0.42889968
41413 0.44108832
41426 0.453277
41433 0.4602419
41445 0.46198317
41455 0.46720687
41464 0.4724306
41475 0.47504243
41485 0.4733012
41495 0.47417182
41505 0.47504243
41514 0.47417182
41527 0.47155997
41533 0.4689481
41544 0.4637244
41555 0.46459502
41563 0.45850068
41577 0.45588884
41583 0.4497945
41593 0.44805327
41604 0.44108832
41614 0.4341234
41624 0.43151152
41634 0.43151152
41644 0.4297703
41654 0.43586463
41664 0.43760586
41673 0.44544142
41687 0.44631204
41694 0.45066512
41704 0.453277
41713 0.4593713
41726 0.46198317
41734 0.46111253
41744 0.46198317
41755 0.46198317
41764 0.45588884
41773 0.453277
41784 0.44718266
41795 0.4445708
41805 0.44195893
41814 0.43673524
41827 0.43151152
41835 0.4297703
41845 0.42628783
41854 0.42367598
41864 0.42628792
41874 0.426288
41883 0.41758183
41893 0.40800503
41904 0.40452254
41914 0.4062638
41925 0.40800503
41933 0.4114875
41944 0.4114875
41954 0.41496995
41966 0.4123581
41978 0.4062637
41984 0.405393
41994 0.41235793
42005 0.42367598
42014 0.43238214
42023 0.43151152
42034 0.43151152
42044 0.42715845
42054 0.4245466
42064 0.4201935
42074 0.42193472
42083 0.42367598
42094 0.42802906
42104 0.4341234
42114 0.4402177
42127 0.4445708
42134 0.44718266
42144 0.44718266
42154 0.4445708
42164 0.4437002
42176 0.4445708
42184 0.44282958
42194 0.44195893
42204 0.4402177
42214 0.43586463
42226 0.4297703
42234 0.4210641
42244 0.41845226
42256 0.41932288
42265 0.42367598
42274 0.4297703
42284 0.434994
42294 0.43847647
42305 0.44108832
42314 0.4437002
42325 0.4437002
42334 0.4437002
42344 0.44108832
42354 0.43586463
42364 0.4297703
42376 0.42715845
42384 0.42280534
42395 0.4201935
42404 0.41758165
42413 0.41845226
42426 0.41671103
42432 0.41932288
42443 0.4201935
42455 0.4210641
42464 0.42280534
42475 0.42628783
42483 0.42628783
42494 0.42367598
42504 0.4201935
42513 0.41671103
42525 0.40887547
42534 0.4010399
42544 0.3914631
42555 0.3810157
42565 0.37492135
42574 0.37405074
42583 0.37927446
42594 0.38362753
42604 0.3905925
42613 0.39320433
42626 0.3949456
42633 0.3958162
42645 0.39755744
42654 0.39929867
42663 0.4045224
42673 0.41235793
42683 0.4140992
42694 0.40974608
42704 0.40887547
42713 0.40800485
42724 0.40800485
42733 0.41235793
42743 0.4201935
42754 0.4297703
42764 0.43760586
42776 0.4445708
42784 0.44544142
42794 0.45066512
42804 0.45153573
42814 0.4497945
42824 0.4497945
42833 0.453277
42844 0.45066512
42854 0.4445708
42864 0.44195893
42876 0.44282958
42883 0.43847647
42894 0.43673524
42905 0.43151152
42913 0.4306409
42924 0.4306409
42933 0.42715845
42944 0.42367598
42954 0.41932288
42964 0.41671103
42976 0.4106167
42986 0.4045224
42995 0.4010399
43005 0.4010399
43014 0.4019105
43024 0.4045224
43034 0.405393
43044 0.40974608
43054 0.41584042
43064 0.42193472
43074 0.42628783
43083 0.42715845
43094 0.42280534
43104 0.42367598
43114 0.4245466
43127 0.42367598
43133 0.41932288
43144 0.4210641
43153 0.4210641
43163 0.41584042
43175 0.4149698
43185 0.41322854
43193 0.40974608
43204 0.40713423
43214 0.40278113
43226 0.39668682
43234 0.39320433
43245 0.3914631
43255 0.39233372
43264 0.3949456
43274 0.39407495
43284 0.39407495
43294 0.40016928
43305 0.40974608
43314 0.41932288
43325 0.4254172
43334 0.4297703
43344 0.434994
43355 0.43847647
43364 0.43151152
43374 0.41932288
43387 0.4140992
43394 0.40800485
43404 0.39668682
43413 0.38449815
43425 0.37840384
43433 0.37753323
43443 0.37753323
43454 0.37753323
43464 0.3818863
43478 0.39233372
43484 0.40365174
43494 0.4149698
43505 0.42367598
43515 0.43151152
43524 0.43586463
43534 0.43673524
43544 0.43586463
43554 0.44282958
43564 0.4637244
43573 0.4837486
43584 0.48026612
43594 0.45675945
43605 0.42193472
43614 0.38885126
43625 0.35054407
43634 0.33051986
43644 0.32964924
43655 0.32877862
43664 0.32094306
43675 0.2948245
43684 0.26696473
43693 0.26261166
43703 0.28089464
43712 0.30701315
43725 0.33487293
43733 0.37056828
43743 0.39233372
43754 0.39320433
43764 0.39320433
43776 0.39320433
43784 0.39929867
43794 0.405393
43804 0.40713423
43813 0.40887547
43825 0.4114873
43833 0.4106167
43844 0.4106167
43853 0.4106167
43863 0.4045224
43875 0.3949456
43883 0.38972187
43893 0.38275692
43903 0.37753323
43913 0.37492135
43925 0.36969766
43933 0.36795643
43946 0.36447394
43953 0.35837963
43963 0.35402653
43973 0.36012086
43986 0.3723095
43995 0.3818863
44004 0.3914631
44013 0.39755744
44024 0.405393
44033 0.4140992
44044 0.42193472
44055 0.43325278
44064 0.4445708
44074 0.45153573
44083 0.45501822
44094 0.453277
44104 0.44544142
44114 0.43325278
44125 0.4245466
44133 0.4140992
44143 0.405393
44154 0.39842805
44163 0.3958162
44178 0.39320433
44184 0.3949456
44196 0.39929867
44205 0.4045224
44214 0.4140992
44227 0.42367598
44233 0.42889968
44244 0.4306409
44254 0.4306409
44264 0.42715845
44276 0.4210641
44283 0.41758165
44294 0.4140992
44307 0.4106167
44314 0.40887547
44325 0.40974608
44333 0.4140992
44345 0.41932288
44355 0.42802906
44364 0.43673524
44374 0.44718266
44386 0.4541476
44394 0.4593713
44405 0.4602419
44414 0.45501822
44426 0.45153573
44433 0.44108832
44444 0.4306409
44454 0.42193472
44464 0.4140992
44475 0.40974608
44484 0.405393
44495 0.4045224
44504 0.40713423
44515 0.4140992
44526 0.4254172
44533 0.43238214
44544 0.44282958
44554 0.45153573
44564 0.45588884
44580 0.4593713
44586 0.46111253
44594 0.46111253
44604 0.4602419
44613 0.45501822
44623 0.45240638
44634 0.45153573
44649 0.45066512
44654 0.44718266
44666 0.4445708
44676 0.44631204
44683 0.4497945
44694 0.4497945
44704 0.45066512
44714 0.45066512
44725 0.45153573
44733 0.44718266
44743 0.44108832
44753 0.434994
44763 0.43238214
44773 0.4306409
44783 0.42889968
44793 0.4245466
44805 0.42628783
44814 0.42889968
44824 0.434994
44833 0.44282958
44844 0.45066512
44855 0.45588884
44865 0.46198317
44877 0.4602419
44883 0.45850068
44894 0.45675945
44904 0.45501822
44913 0.45066512
44925 0.44544142
44932 0.43673524
44943 0.4297703
44954 0.42367598
44964 0.41671103
44975 0.4140992
44988 0.4201935
44995 0.42889968
45006 0.43673524
45014 0.44544142
45025 0.453277
45034 0.45850068
45044 0.4637244
45054 0.4637244
45064 0.46546564
45074 0.46807748
45083 0.46807748
45094 0.46720687
45104 0.4602419
45114 0.45588884
45126 0.4497945
45133 0.4445708
45144 0.44282958
45153 0.44108832
45163 0.44282958
45174 0.44631204
45183 0.45066512
45193 0.453277
45204 0.453277
45214 0.45675945
45227 0.45501822
45233 0.45501822
45244 0.45501822
45253 0.453277
45264 0.453277
45274 0.45501822
45284 0.453277
45294 0.45153573
45304 0.45153573
45314 0.453277
45325 0.453277
45334 0.45675945
45344 0.4602419
45355 0.4628538
45365 0.46546564
45375 0.46807748
45384 0.46633625
45394 0.4637244
45403 0.4628538
45413 0.45763007
45424 0.45501822
45432 0.45066512
45443 0.44631204
45454 0.4437002
45463 0.44195893
45475 0.4437002
45484 0.44282958
45494 0.44282958
45506 0.44282958
45514 0.44282958
45529 0.44544142
45533 0.4437002
45545 0.4437002
45555 0.44631204
45564 0.44718266
45574 0.44544142
45586 0.44195893
45594 0.43847647
45604 0.43847647
45614 0.43586463
45626 0.434994
45638 0.43586463
45644 0.4393471
45653 0.44631204
45663 0.45066512
45676 0.453277
45684 0.45850068
45694 0.45850068
45706 0.45850068
45714 0.4541476
45726 0.45153573
45733 0.44544142
45743 0.4393471
45755 0.43325278
45763 0.4254172
45774 0.41671103
45783 0.41235793
45794 0.40974608
45805 0.41235793
45814 0.41671103
45826 0.41932288
45833 0.42715845
45844 0.43238214
45854 0.4393471
45864 0.44282958
45878 0.4445708
45884 0.4445708
45894 0.43760586
45905 0.42889968
45913 0.4201935
45927 0.41235793
45933 0.4106167
45944 0.405393
45954 0.40626362
45965 0.405393
45977 0.40626362
45984 0.4045224
45995 0.39407495
46005 0.38972187
46014 0.3914631
46024 0.39755744
46034 0.40016928
46044 0.39755744
46054 0.40016928
46065 0.3958162
46077 0.38885126
46083 0.38362753
46094 0.38449815
46103 0.39842805
46113 0.41235793
46124 0.41758165
46133 0.41845226
46145 0.42193472
46153 0.4245466
46163 0.42367598
46176 0.4245466
46184 0.4297703
46193 0.4297703
46205 0.4306409
46214 0.4297703
46225 0.4254172
46233 0.4254172
46244 0.42715845
46255 0.42802906
46264 0.43151152
46275 0.43238214
46283 0.43586463
46294 0.434994
46305 0.43847647
46313 0.4393471
46325 0.4402177
46334 0.4402177
46344 0.43847647
46354 0.43238214
46364 0.4297703
46374 0.4254172
46384 0.42367598
46394 0.4254172
46405 0.42628783
46413 0.4245466
46425 0.42367598
46433 0.42280534
46443 0.4245466
46452 0.42628783
46463 0.42889968
46475 0.4297703
46484 0.4402177
46494 0.45850068
46504 0.47591305
46514 0.49071357
46525 0.50203156
46533 0.5055141
46544 0.50203156
46555 0.4976785
46564 0.4985491
46575 0.5063847
46584 0.5150909
46594 0.51596147
46605 0.50899655
46613 0.49593726
46623 0.48636046
46633 0.4785249
46643 0.47765428
46654 0.48636046
46664 0.49680787
46675 0.501161
46683 0.50029033
46693 0.49680787
46703 0.4933254
46713 0.48461923
46726 0.47417182
46733 0.4628538
46743 0.45501822
46753 0.44805327
46763 0.44195893
46773 0.4402177
46784 0.4402177
46795 0.44108832
46804 0.4437002
46814 0.44631204
46823 0.45153573
46833 0.46198317
46844 0.47417182
46854 0.48984292
46864 0.5029022
46876 0.50986713
46884 0.50986713
46893 0.5072553
46903 0.50203156
46913 0.49680787
46926 0.49158418
46932 0.49071357
46943 0.49071357
46952 0.4924548
46964 0.4924548
46976 0.49158418
46984 0.49158418
46995 0.49506664
47005 0.47765428
47014 0.5211853
47025 0.606506
47034 0.650037
47044 0.6900854
47054 0.71881586
47064 0.7275221
47074 0.7196865
47086 0.68747365
47095 0.62478906
47106 0.55078644
47114 0.5194441
47129 0.45153582
47133 0.3557677
47144 0.30614236
47154 0.26174086
47165 0.23126914
47188 0.22082172
47188 0.2243042
47294 0.2530346
47294 0.3131073
47294 0.3844981
47294 0.4341234
47294 0.4628538
47294 0.4785249
47295 0.49158418
47295 0.4985491
47295 0.5029022
47295 0.5055141
47295 0.50899655
47311 0.51160836
47316 0.5150909
47329 0.51422024
47333 0.5150909
47346 0.51422024
47357 0.5107378
47364 0.5063847
47375 0.50029033
47383 0.49593726
47395 0.4933254
47404 0.49419603
47416 0.49593726
47427 0.49941972
47439 0.5037728
47448 0.5072553
47453 0.5081259
47467 0.512479
47477 0.51422024
