168 0.12157154
168 0.35141563
168 0.619565
168 0.3131075
245 -0.03165722
245 0.15987873
245 0.38972282
245 0.15987873
258 0.08326435
336 -0.1082716
337 0.12157154
337 0.38972187
337 0.2748003
386 0.35141468
386 0.35141563
397 0.04495716
417 -0.1082716
437 -0.06996441
457 -0.3381157
477 -0.6445732
497 -0.22319317
517 0.3131075
537 0.006649971
557 -0.26150036
577 -0.56795883
597 -0.797802
617 -0.7211876
637 -0.14657879
657 -0.031658173
677 -0.06996441
697 0.19818592
717 0.12157154
737 0.23649311
757 -0.06996441
777 -0.18488598
797 0.04495716
817 0.006649971
837 0.08326435
857 -0.1082716
877 0.006649971
897 -0.22319317
917 -0.49134445
937 -0.45303726
957 0.08326435
977 0.08326435
997 -0.14657879
1017 -0.29980755
1037 -0.41472912
1057 -0.1082716
1077 -0.14657879
1097 -0.22319317
1117 -0.14657879
1137 -0.41472912
1157 -0.45303726
1177 -0.18488598
1197 0.12157154
1217 0.04495716
1237 -0.18488598
1257 -0.45303726
1277 -0.2998085
1297 -0.41472912
1317 -0.37642193
1337 -0.18488598
1357 -0.06996441
1377 -0.29980755
1397 -0.26150036
1417 -0.29980755
1437 -0.18488598
1457 -0.14657879
1477 -0.26150036
1497 -0.56795883
1517 -0.49134445
1537 -0.26150036
1557 -0.06996441
1577 -0.29980755
1597 -0.606266
1634 -0.41473007
1637 -0.18488598
1657 -0.29980755
1677 -0.4530363
1697 -0.37642193
1717 -0.5296507
1737 -0.83610916
1757 -0.60626507
1777 -0.4530363
1797 -0.18488598
1817 -0.41472912
1837 -0.4913435
1857 -0.5296507
1877 -0.14657879
1897 -0.03165722
1917 0.12157154
1937 -0.06996441
1957 -0.29980755
1978 -0.4913435
1997 -0.03165722
2017 -0.03165722
2037 -0.18488598
2057 -0.6828804
2079 -0.56795883
2097 -0.37642193
2117 -0.26150036
2137 -0.18488598
2157 -0.41472912
2177 -0.60626507
2197 -0.56795883
2217 -0.33811474
2237 -0.14657879
2257 0.006649971
2277 0.04495716
2297 -0.4913435
2317 -0.91272354
2337 -0.797802
2357 -0.4913435
2377 -0.22319317
2397 -0.37642193
2417 -0.72118664
2437 -0.83610916
2457 -0.7594938
2477 -0.1082716
2498 0.006649971
2517 -0.5679579
2537 -0.64457226
2557 -0.5296507
2577 -0.14657879
2598 -0.26150036
2617 -0.06996441
2637 -0.41472912
2657 -0.8361082
2677 -0.797801
2697 -0.33811474
2717 -0.26150036
2737 -0.33811474
2757 -0.41472912
2777 -0.5296507
2797 -0.72118664
2818 -0.797801
2837 -0.41472912
2857 -0.4913435
2877 -0.60626507
2897 -0.5679579
2918 -0.5679579
2937 -0.37642193
2957 -0.5679579
2977 -0.41472912
2997 -0.37642193
3018 -0.1082716
3037 -0.5679579
3057 -0.64457226
3077 -0.4913435
3097 -0.41472912
3119 -0.37642193
3137 -0.14657879
3157 -0.37642193
3177 -0.4913435
3197 -0.6445732
3217 -0.56795883
3238 -0.41472912
3257 -0.14657879
3277 -0.06996441
3299 -0.37642193
3317 -0.83610916
3338 -0.9893379
3357 -0.56795883
3377 -0.26150036
3397 -0.49134445
3417 -0.49134445
3437 -0.18488598
3457 -0.1082716
3477 -0.33811474
3497 -0.37642193
3517 -0.1082716
3538 0.3131075
3557 0.35141468
3577 0.12157154
3597 0.006649971
3617 0.04495716
3639 0.19818592
3657 0.4663372
3677 0.65787315
3697 0.38972187
3717 0.12157154
3737 -0.1082716
3757 0.15987968
3777 0.2748003
3797 0.006649971
3817 -0.22319317
3837 0.08326435
3857 0.2748003
3877 0.38972187
3897 0.35141468
3917 0.19818687
3937 0.7344866
3957 1.232481
3977 0.42803
3997 -0.03165722
4017 0.19818592
4037 0.5046444
4058 0.8111019
4078 1.3474026
4097 1.1941738
4117 1.0792522
4137 0.7727947
4157 0.8877163
4177 2.0752401
4197 3.3393784
4217 3.7224512
4237 3.684143
4257 3.7990656
4277 3.87568
4297 2.7647696
4317 1.6155529
4337 1.2707882
4358 1.1558676
4378 1.1175594
4397 0.8494091
4418 -0.41472912
4437 -1.7554827
4457 -2.1768618
4478 -1.6022539
4497 -1.7554827
4517 -1.4873314
4537 -1.2574892
4557 -1.1042595
4578 -1.3724098
4597 -1.4490252
4617 -1.3341026
4637 -0.95103073
4657 -0.7594948
4677 -0.6445732
4698 -0.29980755
4717 0.69618034
4737 1.5006323
4757 1.9986258
4777 2.036933
4797 2.4966202
4817 2.9946146
4837 3.9139872
4857 4.1821384
4877 3.7607584
4898 2.228469
4918 1.8070898
4937 3.0329208
4957 2.9563065
4977 1.5006323
4999 -0.18488598
5017 -1.8704042
5037 -3.2494645
5057 -3.0579286
5077 -1.5256386
5098 -1.3341036
5117 -2.1768618
5137 -3.3260784
5157 -3.134543
5177 -1.8704042
5197 -0.7211876
5217 -0.52965164
5237 -0.87441635
5257 -0.72118664
5277 -0.2998085
5297 0.69618034
5317 1.8837042
5337 2.879692
5357 3.684144
5377 3.9139872
5397 4.526902
5417 5.063204
5437 3.87568
5457 2.9946136
5477 2.8030777
5497 2.458312
5518 1.8070898
5537 1.1175604
5558 0.12157154
5577 -1.0276451
5597 -1.2191811
5619 -1.3724098
5637 -2.138555
5657 -2.9813137
5677 -3.134543
5697 -2.4067054
5717 -1.9087114
5737 -1.4490242
5757 -1.0276451
5777 -0.29980755
5797 0.12157154
5817 0.81110096
5837 1.9220114
5857 3.3776855
5877 3.7224512
5897 3.7224512
5917 4.4119806
5938 3.7224512
5957 3.7607584
5977 5.9825773
5997 5.4079685
6017 2.8030777
6038 -0.6445732
6058 -2.4450126
6077 -2.3683982
6097 -2.6365485
6117 -2.5982409
6138 -2.2534766
6157 -2.5982413
6177 -2.713163
6197 -2.7897778
6217 -2.330091
6237 -0.9893379
6257 0.50464344
6277 1.0026379
6297 0.38972187
6317 0.08326435
6337 0.73448753
6357 2.1518545
6377 3.492608
6397 4.258753
6417 4.297059
6437 3.684144
6458 1.9986258
6477 1.9220114
6497 3.2244577
6517 2.6881552
6537 1.9986258
6558 1.232482
6577 0.23649406
6598 -0.6828804
6617 -0.83610916
6637 -1.3341026
6657 -1.5256395
6677 -2.023633
6697 -2.636549
6717 -2.8663921
6737 -2.1002474
6757 -0.6445732
6777 -0.22319317
6797 -0.26150036
6817 -0.14657879
6837 0.19818592
6857 1.3857107
6877 3.071228
6897 4.0289087
6917 3.5692225
6937 3.2244568
6957 3.2244568
6978 4.9482822
6997 4.718439
7017 2.3433905
7037 0.121572495
7057 -1.1808748
7079 -1.9853258
7097 -2.4833193
7117 -2.023633
7137 -1.4873323
7157 -1.5256386
7177 -2.215169
7197 -2.9046993
7217 -2.9813137
7237 -2.1385546
7257 -0.91272354
7277 0.54295063
7297 1.4623251
7317 0.88771534
7337 1.5006313
7357 2.7647705
7377 3.1478424
7398 3.3010721
7417 3.6458368
7437 3.492608
7457 2.1901617
7477 2.4966202
7498 2.841384
7517 2.036933
7537 1.3474035
7557 0.42802906
7578 -0.33811474
7599 -0.26150036
7617 -0.797801
7637 -1.9087114
7657 -2.2534766
7677 -2.636549
7697 -2.6748557
7717 -1.9470186
7737 -1.410718
7757 -1.2574883
7777 -1.1808739
7797 -0.41472912
7817 0.38972282
7837 1.6155539
7857 3.0329208
7877 3.3393793
7897 3.7224512
7917 4.258752
7937 2.7264624
7957 2.6881561
7977 3.6075296
7997 2.0752401
8018 -0.18488598
8037 -0.83610916
8058 -0.03165722
8077 -0.29980755
8097 -1.1808739
8119 -1.9470191
8137 -2.4833198
8157 -2.2534761
8177 -2.2917833
8197 -1.6405611
8217 -1.0276451
8237 -0.33811474
8257 -0.1082716
8277 -0.26150036
8297 -0.06996441
8317 0.08326435
8337 0.8877163
8357 2.3816986
8377 2.7647705
8397 2.841385
8417 2.841385
8437 1.4240179
8457 2.6881561
8477 3.7990656
8497 3.9139872
8517 3.071228
8538 2.036933
8557 1.3090954
8577 0.12157154
8597 -0.606266
8617 -1.410717
8638 -2.1768618
8657 -2.9046993
8677 -2.4450126
8697 -2.0619402
8717 -1.832097
8737 -1.9087114
8757 -1.7554827
8777 -0.6445732
8797 0.23649311
8817 0.38972187
8837 0.65787315
8857 1.1558666
8877 1.7304754
8897 2.9946127
8917 3.5692225
8937 2.6115417
8958 3.6458368
8977 4.8333607
8997 3.1095352
9017 0.8111019
9037 0.5046444
9062 0.04495716
9077 -1.2957954
9097 -2.4833198
9117 -2.828085
9137 -3.555922
9158 -3.555922
9177 -3.2494645
9197 -2.636549
9217 -1.6788683
9237 -0.56795883
9257 0.61956596
9277 0.619565
9297 0.23649311
9317 0.12157154
9337 0.9643307
9357 1.9986258
9377 2.649848
9397 3.1095352
9417 2.879692
9437 1.5772457
9458 2.228469
9477 4.0289087
9497 4.680131
9517 2.8796911
9537 1.040945
9557 -0.03165722
9579 -0.41473007
9597 -0.52965164
9617 -0.9893379
9637 -1.9470186
9657 -3.0962353
9678 -3.0962358
9697 -2.3683982
9717 -1.4873314
9737 -0.9893379
9757 -0.37642288
9780 0.54295063
9797 0.8877163
9817 1.5772457
9837 2.075241
9857 2.4200058
9877 2.879692
9897 3.2244577
9917 3.6075296
9937 2.841384
9957 1.7687817
9977 2.3816977
9998 2.0752401
10017 0.5046444
10037 -0.56795883
10057 -0.41472912
10077 -0.6828804
10098 -1.4490252
10117 -2.713163
10137 -2.0619402
10157 -1.5639458
10177 -1.9853258
10199 -2.3683982
10217 -1.6405611
10237 -0.49134445
10257 0.5046444
10277 0.9260235
10297 1.4240179
10317 1.3090954
10337 1.1941748
10357 1.9220114
10377 3.3393793
10397 3.6458359
10417 3.0329208
10437 1.9603186
10457 1.6155539
10477 2.075241
10497 1.6921682
10517 0.69618034
10537 -0.797801
10557 -1.5639467
10577 -1.9853263
10597 -2.3683982
10618 -1.7171755
10637 -0.9893379
10657 -1.4873314
10677 -2.2917833
10697 -2.330091
10717 -2.023633
10737 -1.410718
10757 -0.45303726
10777 0.8877163
10797 1.6538601
10817 1.8070898
10837 1.845397
10857 2.1518545
10877 2.8796911
10897 4.0289087
10917 4.297059
10937 2.6881561
10957 2.2284698
10977 2.3050842
10997 1.6538601
11017 0.61956596
11039 0.19818592
11057 -0.7594938
11077 -2.4067054
11097 -3.1728501
11117 -1.9470186
11139 -1.5639467
11157 -2.1385546
11177 -2.5599341
11197 -2.7514706
11217 -2.6748562
11237 -2.2917838
11257 -0.87441635
11277 -0.37642193
11297 -0.18488598
11317 0.3131075
11337 1.1941738
11357 2.5732336
11377 3.2244568
11397 3.3776855
11418 2.3433914
11437 1.5389385
11457 2.4200058
11477 3.6075296
11497 3.1095352
11517 1.6155539
11537 -0.41473007
11558 -1.7937899
11577 -1.9470186
11597 -1.9470186
11617 -2.4450126
11637 -3.057928
11659 -3.1345425
11677 -2.6748562
11697 -2.7514706
11717 -2.445013
11737 -0.83610916
11757 1.1558676
11777 1.7304754
11797 0.8494091
11817 1.5389395
11837 2.5732346
11857 2.7647705
11877 3.0329208
11897 3.1478434
11917 2.3050833
11937 1.8837042
11957 4.105523
11977 4.5652103
11997 2.4200058
12017 0.3131075
12037 -0.83610916
12057 -1.7554827
12079 -3.0579286
12097 -2.9046993
12117 -2.1385546
12137 -2.1768618
12157 -3.0962353
12178 -3.555922
12197 -3.4026933
12217 -2.4450126
12237 -1.2574883
12257 -0.06996441
12279 0.619565
12297 1.3090954
12317 1.9220114
12337 2.4200058
12357 3.0329208
12377 3.1095362
12397 2.649849
12417 2.0752401
12437 0.73448753
12457 1.3857098
12477 2.4966192
12497 1.7687826
12517 1.3857107
12537 1.3474035
12558 0.46633625
12577 -0.7594948
12597 -1.6405611
12617 -2.1002474
12637 -2.828085
12657 -3.2111573
12677 -3.1728497
12698 -2.330091
12717 -0.5296507
12737 1.2707891
12757 1.8837042
12777 2.0752401
12798 2.266776
12817 1.845397
12837 1.8837042
12857 3.1478424
12877 4.1821375
12897 4.3353662
12917 3.5692225
12937 2.6881561
12957 3.1861496
12977 1.653861
12998 -0.03165722
13017 -0.9893379
13037 -1.3724108
13057 -1.6405611
13077 -1.9087114
13097 -0.9893379
13117 -0.52965164
13137 -1.4490252
13157 -2.1385546
13177 -2.4450126
13197 -1.9087114
13218 -0.87441635
13237 0.4663372
13257 1.1941738
13277 0.8111019
13297 0.7344866
13318 1.3474026
13337 2.266776
13357 2.9179993
13377 3.1095352
13397 3.3393793
13417 1.9986258
13437 1.653861
13457 3.1478434
13477 3.684144
13497 1.1175594
13517 -0.6828804
13538 -1.2574883
13557 -0.6828804
13577 -1.410717
13597 -2.3683977
13617 -2.5216274
13637 -2.5599341
13657 -2.2917833
13677 -1.832097
13697 -1.7554827
13717 -1.2574883
13738 -0.6445732
13757 0.2748003
13777 1.4240179
13797 1.7304745
13817 1.9603186
13838 2.458312
13857 3.0329208
13877 3.7990656
13897 3.8373728
13917 2.6115408
13937 3.4159927
13957 3.9906015
13977 3.2244577
13997 1.8837032
14017 0.9643307
14037 0.42802906
14057 -1.832097
14077 -3.2111573
14097 -3.0962353
14117 -2.5982413
14137 -2.636549
14157 -2.7514706
14177 -2.1385546
14197 -1.0276451
14217 -0.14657879
14237 0.006649971
14258 -0.1082716
14277 0.23649406
14297 0.9643307
14317 1.5006313
14337 2.4966192
14358 2.8796911
14377 2.9563055
14397 1.8837042
14417 0.9643307
14437 2.5349274
14457 3.684144
14477 3.5309143
14497 1.4623251
14517 -0.64457226
14538 -1.602253
14558 -1.7171755
14577 -2.4067054
14597 -2.2534761
14617 -1.6405611
14637 -1.832097
14657 -1.7937899
14677 -1.7171755
14697 -1.5256395
14717 -0.83610916
14737 0.38972187
14757 1.5772467
14778 2.0752401
14797 1.8837042
14817 2.7264624
14837 3.8373728
14857 4.641824
14877 4.7567453
14897 4.297059
14917 2.879693
14937 1.7687826
14957 3.262764
14977 3.7607584
14997 2.036933
15018 0.2748003
15037 -0.4530363
15057 -1.4873323
15077 -2.2534761
15097 -2.1768618
15117 -1.2574892
15137 -1.3341036
15157 -1.6788683
15177 -2.0619402
15198 -1.6022539
15217 -0.37642193
15237 0.42802906
15257 0.42802906
15277 0.044958115
15299 0.2748003
15317 0.9643307
15337 2.3816977
15357 3.6458368
15377 3.9139872
15397 2.6115408
15417 1.424017
15437 3.9906015
15457 4.718438
15477 3.6075296
15497 2.7264633
15517 1.4623241
15537 -0.7594948
15557 -1.6788683
15577 -1.4490242
15597 -1.9470181
15617 -1.9087114
15637 -1.5639467
15657 -1.7171755
15677 -2.2917833
15697 -2.0619402
15718 -1.5256395
15737 -0.797802
15757 -0.41473007
15777 0.65787315
15797 1.7687826
15817 2.1901617
15837 2.649849
15857 3.492608
15877 3.6458368
15897 3.3393784
15917 2.036934
15938 2.6115417
15957 3.9522943
15977 2.879692
15997 0.9643307
16017 -0.29980755
16038 -1.2957964
16057 -2.1768618
16077 -2.4833193
16097 -2.1002479
16117 -1.6788683
16137 -1.5639458
16157 -1.0659533
16177 -0.83610916
16197 -1.0276451
16217 -0.606266
16238 0.8111019
16257 1.3474026
16277 0.50464344
16297 -0.7211876
16317 -0.1082716
16337 0.9260235
16357 1.3857107
16377 1.6921673
16397 1.7304754
16417 0.73448753
16437 0.04495716
16457 2.228469
16477 3.7990656
16497 4.258752
16518 3.492608
16537 2.5349264
16558 1.9603186
16577 0.619565
16598 -0.52965164
16617 -1.6022539
16637 -1.7937899
16658 -0.9893379
16677 -0.83610916
16697 -0.60626507
16717 -1.1042595
16737 -1.1425667
16757 -0.7594948
16777 -0.56795883
16797 -0.41472912
16817 0.15987873
16837 1.040945
16857 1.2707891
16877 0.8494091
16897 1.5772467
16917 2.3816986
16937 2.879692
16957 2.6115408
16977 1.9603186
16997 1.9603186
17017 1.2707891
17037 0.65787315
17057 2.5349264
17078 3.2244568
17097 1.2707891
17117 -1.1425667
17138 -3.134543
17157 -3.1728497
17179 -1.5639467
17197 0.7727947
17217 2.6881561
17237 3.9522943
17258 4.105523
17277 2.5349274
17297 1.5006323
17317 1.3474035
17337 0.8494091
17357 0.38972187
17377 0.69618034
17397 1.1941738
17417 0.38972282
17437 -0.64457226
17457 0.12157154
17477 1.040945
17498 1.0026379
17517 0.42803
17537 0.08326435
17557 -0.7594948
17577 -0.95103073
17598 -1.2191811
17617 -0.68287945
17637 -0.14657879
17657 0.73448753
17677 0.42802906
17697 -1.1042595
17717 -1.7554827
17737 -1.4873314
17757 -0.95103073
17777 -1.219182
17797 -1.7171755
17817 -1.9853258
17837 -1.7554827
17857 -0.87441635
17877 -0.98933697
17897 -0.68287945
17917 -0.4530363
17937 -1.3341036
17957 -1.7937899
17977 -1.9470186
17997 -1.410717
18018 -1.5639467
18037 -2.1002474
18057 -2.1002474
18077 -2.0619407
18097 -1.9470181
18118 -1.410717
18137 -1.0659523
18157 -1.1425667
18177 -1.0659523
18197 -1.0659523
18217 -0.7211876
18237 -0.49134445
18257 -0.797801
18277 -0.91272354
18297 0.23649406
18317 1.653861
18337 1.6155529
18357 0.006649971
18377 -0.64457226
18397 -0.6445732
18417 -0.56795883
18437 0.15987873
18457 0.73448753
18477 1.2707882
18497 1.2707882
18517 1.8070898
18537 2.879692
18557 1.5006323
18578 0.42803
18597 -0.22319317
18617 -0.4530363
18637 0.23649311
18657 1.1941738
18677 1.1941738
18697 0.31310844
18717 -0.2615013
18737 0.54295063
18757 1.4623241
18777 1.6921682
18797 1.3090963
18817 0.42803
18837 0.50464344
18857 0.7344866
18877 1.2707891
18897 1.3857107
18917 1.3857098
18937 1.232481
18958 1.2707891
18977 1.1175594
18997 0.73448753
19017 0.8877163
19037 1.3090954
19059 1.3857098
19077 1.1558666
19097 1.1175594
19117 1.4623251
19137 2.0752401
19157 2.5732346
19177 2.9179993
19197 3.4543009
19217 3.7607584
19237 3.9906015
19257 4.4119806
19277 4.1821375
19297 2.5349274
19317 1.9603186
19337 2.9179993
19357 3.4543
19378 2.7264633
19397 0.65787315
19418 -0.83610916
19437 -1.7554827
19457 -1.6788683
19479 -1.8704042
19497 -1.410717
19517 -1.2191811
19537 -1.1042595
19558 -1.1425667
19579 -0.56795883
19597 -0.2998085
19617 0.15987873
19637 -0.18488598
19657 -0.18488598
19677 0.31310844
19697 0.35141563
19717 -0.18488693
19737 -0.22319317
19757 0.73448753
19777 2.1518545
19797 3.1095352
19817 3.7990656
19837 3.7224512
19857 3.875679
19877 4.3736734
19898 3.1861506
19917 3.9522943
19937 5.293047
19957 3.875679
19977 0.7727947
19998 -1.2191811
20017 -1.3724098
20037 -1.9087114
20057 -2.6365485
20077 -2.6365485
20097 -2.1768622
20117 -2.2151694
20137 -2.4067054
20157 -2.4450126
20177 -1.8704042
20197 -2.2534766
20217 -2.023633
20237 -0.6828804
20257 -0.37642193
20277 0.04495716
20297 0.27480125
20317 1.0026369
20337 2.1135473
20357 2.9180002
20378 3.4543009
20398 3.9139872
20418 4.718439
20437 4.2204447
20457 2.3816977
20477 2.5732346
20497 2.5349264
20517 2.266776
20537 0.9643297
20557 0.08326435
20577 -0.06996536
20597 -0.2998085
20617 -1.1425667
20637 -2.3683977
20657 -2.7131634
20677 -2.023633
20697 -0.29980755
20717 1.1941748
20737 1.3857098
20757 0.42802906
20777 -0.26150036
20797 0.23649406
20817 1.7687826
20838 2.6115417
20857 2.649849
20877 3.1861506
20897 3.4543009
20917 3.4543
20938 3.262765
20957 2.5732346
20977 3.492608
20997 4.0289087
21017 2.2284698
21037 -0.41472912
21057 -1.5256386
21077 -0.64457226
21097 -0.06996441
21117 -0.7594948
21137 -2.2534766
21157 -3.1728501
21177 -2.1002479
21197 -0.6828804
21217 -0.14657879
21237 -0.91272354
21257 -1.5256395
21277 -1.2574883
21297 -0.06996441
21317 0.38972187
21337 0.23649311
21360 0.619565
21377 1.6155529
21397 2.9179993
21417 4.1821375
21437 3.7607584
21458 1.6155539
21477 1.0026379
21497 2.3433905
21517 3.9522943
21537 3.7990656
21557 1.7687826
21577 -0.18488598
21597 -0.5679579
21617 -0.1082716
21637 -0.6828804
21657 -1.410718
21677 -2.023633
21697 -2.636549
21717 -3.019621
21737 -2.9430065
21757 -1.9087114
21777 -1.2191811
21797 -0.6445732
21818 0.619565
21837 1.8837042
21857 2.8030777
21878 3.1478434
21897 3.4159937
21917 3.9522943
21937 4.0289087
21957 3.6075296
21979 1.9986258
21997 2.1901617
22017 4.7950525
22037 5.4462757
22057 3.0329208
22077 1.2707891
22097 0.46633625
22117 -0.37642288
22137 -1.2574883
22157 -1.7937899
22177 -2.2534766
22197 -2.75147
22217 -2.713163
22237 -2.1385546
22257 -1.4873323
22277 -0.7211876
22297 -0.1082716
22317 0.54295063
22337 1.232482
22357 2.1518545
22377 3.3776855
22398 3.7224512
22417 3.684144
22437 3.492608
22457 3.3776865
22477 1.1941748
22498 2.228469
22517 3.9906015
22537 4.297059
22557 2.879692
22577 1.0409441
22597 0.2748003
22617 0.15987968
22637 -0.606266
22657 -1.9087114
22677 -2.75147
22697 -2.9813137
22717 -1.9853258
22737 0.006649971
22757 1.1941748
22777 0.9643307
22797 -0.14657879
22817 0.08326435
22837 0.8111019
22857 1.3090963
22877 1.7304754
22897 3.1095352
22919 4.718439
22937 5.4079685
22957 5.293047
22977 5.139818
22997 4.2204447
23018 4.6035166
23037 4.105523
23057 1.3090954
23077 -1.1808748
23097 -1.8704042
23117 -1.9853258
23137 -2.1768622
23158 -2.6748557
23177 -2.9046993
23197 -2.7897778
23217 -2.1768622
23237 -1.3341036
23257 -0.52965164
23277 0.08326435
23297 0.46633625
23317 0.619565
23338 0.69618034
23357 0.9643307
23377 1.6155539
23397 2.3816986
23417 2.9946136
23438 3.1478434
23457 3.2244568
23477 3.7607584
23497 2.841385
23517 3.1478424
23537 4.488596
23557 4.1821375
23577 2.7647705
23597 -0.14657879
23617 -1.1808739
23637 -1.410718
23657 -1.9853258
23677 -1.8704042
23697 -1.0276451
23717 -1.3724108
23737 -1.6788683
23757 -1.6405611
23777 -1.5256395
23797 -0.95103073
23817 -0.1082716
23837 0.77279377
23858 1.7687826
23877 2.5349264
23897 3.1478424
23917 3.87568
23937 4.5652094
23959 5.2164335
23977 5.67612
23997 4.6035166
24017 4.871668
24037 4.680132
24057 2.7264633
24077 0.65787315
24097 -0.5679579
24117 -1.8320966
24137 -3.1345425
24157 -2.828085
24177 -1.0276451
24197 0.2748003
24217 0.65787315
24237 -0.03165722
24257 -0.41473007
24278 -0.14657879
24297 1.0792522
24317 2.036933
24337 2.4966202
24357 2.7647696
24379 2.8030777
24397 2.5349274
24417 2.7647705
24437 2.9179993
24457 3.071228
24479 3.262764
24497 1.6155539
24517 1.0026379
24537 2.1518545
24557 2.9946136
24577 2.1135473
24597 0.6578722
24617 -0.83610916
24637 -1.0276451
24657 -0.83610916
24677 -1.5256395
24697 -1.9470186
24717 -1.3724108
24737 -1.410717
24757 -0.9893379
24777 0.006649971
24797 0.04495716
24817 -0.18488598
24837 0.4663372
24857 1.7304754
24877 2.2284698
24898 2.4200058
24917 2.6881561
24937 3.3776865
24957 4.526903
24977 3.6075296
24998 3.3776865
25017 5.4462767
25037 4.2204447
25057 1.040945
25077 -0.6445732
25097 -0.9893379
25117 -0.06996441
25137 0.12157154
25157 -0.7594948
25177 -1.4873323
25197 -1.5256395
25217 -1.410717
25237 -1.3724098
25257 -1.0276451
25277 -1.1425667
25297 -0.52965164
25318 0.42802906
25337 0.42802906
25357 0.61956596
25377 0.9260235
25397 1.6538601
25418 2.036933
25437 2.3816977
25457 2.649849
25477 1.3090963
25497 1.0026379
25518 3.0329218
25537 4.2204447
25557 3.1861506
25577 1.4623241
25597 -0.60626507
25618 -3.3643856
25637 -4.053916
25657 -1.1808739
25677 1.8837042
25697 1.3857107
25717 -0.68287945
25737 -1.4490252
25757 -1.2191811
25777 -0.606266
25797 0.15987873
25817 0.8877163
25838 1.5006323
25857 3.2244568
25877 2.7264624
25897 2.1135473
25917 2.5349274
25938 4.1438303
25957 5.1781263
25977 2.9946146
25997 2.879692
26017 4.526903
26037 4.4119816
26057 2.3816977
26077 0.5046444
26098 -0.22319317
26117 -0.91272354
26137 -1.2191811
26157 -1.9853263
26177 -2.4833202
26197 -2.4450126
26217 -2.6365485
26237 -2.1768618
26257 -1.2191811
26277 -0.83610916
26297 -0.91272354
26317 -0.83610916
26337 -0.14657879
26358 0.61956596
26377 1.3857107
26397 2.228469
26417 1.9220114
26437 1.653861
26459 2.1135473
26477 1.2707882
26497 1.8837042
26517 2.841385
26537 2.7264633
26557 1.8070889
26577 0.619565
26597 -0.4530363
26617 -0.7211876
26637 -0.606266
26657 -0.9893379
26677 -1.9087114
26697 -2.636549
26717 -2.7897778
26737 -3.2111573
26757 -3.0579286
26777 -1.6022539
26797 0.006649971
26817 1.1175594
26837 2.1135473
26857 2.3816986
26878 2.5732346
26897 3.3776855
26917 4.297059
26937 3.5692225
26957 2.458312
26977 1.9603186
26997 4.105523
27017 4.258752
27037 2.228469
27057 -0.14657879
27077 -2.023633
27097 -2.3683977
27117 -2.4067059
27137 -2.1768618
27157 -2.0236325
27177 -2.5599346
27197 -2.636549
27217 -2.215169
27237 -1.7554827
27257 -1.6788683
27277 -0.87441635
27297 0.15987968
27317 0.19818592
27337 0.5812588
27357 0.7727947
27377 1.5389395
27398 2.4200048
27417 2.266777
27437 1.6155539
27457 1.653861
27477 1.4623251
27497 0.7727947
27517 1.5006323
27537 2.458313
27557 0.5429516
27577 -0.9893389
27597 -1.0659533
27617 -0.37642288
27637 -0.29980755
27657 -1.1042604
27677 -2.0619402
27698 -2.445013
27718 -1.9470186
27737 -0.9893379
27757 -1.3724108
27777 -1.5639458
27797 -1.1808739
27818 -0.18488598
27837 0.73448753
27857 1.0792522
27877 0.5812588
27897 0.5429516
27917 0.69618034
27937 0.8877163
27957 1.232481
27977 2.3816977
27997 3.4159937
28017 1.7687826
28037 1.8837042
28057 3.9906015
28077 5.331354
28097 2.7647705
28117 -1.2191811
28137 -1.7171755
28157 -2.215169
28177 -3.7474585
28197 -3.86238
28217 -3.3260784
28238 -2.9046993
28257 -2.5216265
28277 -2.6748557
28297 -2.445013
28317 -1.4873323
28338 -0.14657879
28357 0.5046444
28377 0.65787315
28397 0.19818687
28417 -0.14657974
28439 -0.18488598
28457 0.35141468
28477 1.3474035
28497 1.0792522
28517 -0.14657974
28537 -0.7594948
28557 0.15987873
28577 1.7304745
28597 2.1135483
28617 0.8877163
28637 -0.7594948
28658 -1.5256395
28677 -0.4913435
28697 0.42802906
28717 1.232481
28737 0.6578722
28757 -0.26150036
28777 -0.797802
28797 -0.41472912
28817 0.8494091
28837 1.424017
28858 0.8494091
28877 0.27480125
28897 -0.06996536
28917 0.23649406
28937 0.5046444
28957 1.1941738
28977 2.3050833
28997 2.0752401
29017 1.040945
29037 1.0026379
29057 1.232481
29078 1.2707882
29097 1.1941748
29117 1.0026369
29137 0.9260235
29157 0.9643307
29178 0.8494091
29197 0.9643307
29217 1.0792522
29237 0.619565
29257 0.6961794
29278 0.61956596
29297 0.5812588
29317 0.4663372
29337 0.4663372
29357 0.5429516
29377 0.4663372
29397 0.5812588
29417 0.9260235
29437 0.8494091
29457 0.61956596
29477 0.7727947
29497 1.5772467
29517 1.1941738
29537 0.23649406
29557 0.35141468
29577 0.77279377
29598 1.040945
29617 0.9260235
29637 0.73448753
29657 0.5046444
29677 0.38972187
29698 0.42802906
29717 0.8877163
29737 1.1175594
29757 1.040945
29777 1.0792522
29799 0.38972282
29817 0.23649406
29837 0.69618034
29857 0.88771534
29877 0.7727947
29897 0.35141563
29917 0.35141563
29937 0.27480125
29957 0.8111019
29977 0.69618034
29997 0.3131075
30017 -0.4913435
30037 0.006649971
30057 1.1175594
30077 1.0792522
30152 -0.06996441
30152 0.4663372
30152 1.2707882
30184 1.1558666
30184 0.2748003
30197 -0.18488598
30219 0.8494091
30242 1.3090954
30269 0.19818592
30278 -0.37642288
30305 -0.14657879
30317 0.4663372
30340 1.2707882
30357 1.0026379
30377 -0.18488598
30397 0.121572495
30417 0.9643307
30437 0.8111019
30457 0.42803
30477 0.19818592
30497 0.23649311
30517 0.65787315
