467 -0.2681506 4.596867 8.312668
473 -0.19153613 4.55856 8.542512
474 -0.2681506 4.4436383 8.848969
476 -0.19153613 4.4819455 8.772355
476 -0.34476504 4.7500963 8.274361
477 -0.2681506 4.673482 7.8146744
478 -0.38307226 4.7884035 7.776367
479 -0.5746084 4.7500963 7.8529816
480 -0.91937345 4.9416323 8.389283
480 -0.80445176 4.711789 8.580819
481 -0.38307226 4.596867 8.312668
482 -0.19153613 4.55856 8.082825
483 0.038307227 4.55856 7.929596
483 0.11492168 4.4819455 8.0445175
484 0.076614454 4.4436383 8.197746
485 0.15322891 4.55856 8.274361
783 0.038307227 4.5202527 8.504205
784 0.038307227 4.596867 8.580819
784 0.0 4.596867 8.42759
785 0.22984336 4.596867 8.42759
785 0.38307226 4.367024 8.619126
785 0.5746084 4.3287168 8.6574335
786 0.38307226 4.367024 8.504205
786 0.30645782 4.405331 8.389283
787 0.038307227 4.405331 8.619126
787 -0.22984336 4.55856 8.6574335
787 -0.49799395 4.596867 8.465898
788 -0.45968673 4.4819455 8.236053
788 -0.49799395 4.596867 8.121132
789 -0.34476504 4.6351743 8.236053
789 -0.2681506 4.5202527 8.42759
846 -0.11492168 4.55856 8.580819
847 -0.076614454 4.4436383 8.695741
847 -0.076614454 4.5202527 8.6574335
873 -0.22984336 4.596867 8.465898
873 -0.34476504 4.6351743 8.389283
892 -0.4213795 4.55856 8.274361
933 -0.49799395 4.711789 8.350976
933 -0.6512229 4.673482 8.42759
984 -0.49799395 4.596867 8.42759
985 -0.45968673 4.4819455 8.389283
992 -0.38307226 4.596867 8.389283
1010 -0.5363012 4.6351743 8.465898
1030 -0.5363012 4.4819455 8.542512
1050 -0.49799395 4.5202527 8.350976
1070 -0.34476504 4.55856 8.197746
1090 -0.45968673 4.4436383 8.236053
1111 -0.6895301 4.596867 8.465898
1130 -0.6512229 4.5202527 8.504205
1150 -0.61291564 4.6351743 8.504205
1170 -0.45968673 4.6351743 8.580819
1190 -0.30645782 4.673482 8.350976
1211 -0.38307226 4.673482 8.236053
1230 -0.5363012 4.596867 8.312668
1250 -0.6895301 4.596867 8.42759
1270 -0.6512229 4.596867 8.465898
1290 -0.5746084 4.55856 8.389283
1312 -0.5746084 4.6351743 8.42759
1330 -0.49799395 4.596867 8.42759
1350 -0.38307226 4.596867 8.236053
1370 -0.30645782 4.55856 8.236053
1390 -0.49799395 4.673482 8.236053
1410 -0.5746084 4.673482 8.465898
1431 -0.6512229 4.596867 8.504205
1450 -0.61291564 4.596867 8.42759
1470 -0.5746084 4.6351743 8.312668
1490 -0.49799395 4.673482 8.274361
1510 -0.45968673 4.6351743 8.274361
1531 -0.45968673 4.6351743 8.312668
1550 -0.45968673 4.673482 8.504205
1570 -0.45968673 4.673482 8.504205
1590 -0.49799395 4.711789 8.42759
1610 -0.49799395 4.55856 8.197746
1630 -0.45968673 4.596867 8.236053
1650 -0.49799395 4.55856 8.42759
1670 -0.45968673 4.596867 8.42759
1690 -0.5363012 4.55856 8.350976
1710 -0.6512229 4.55856 8.389283
1731 -0.5363012 4.55856 8.389283
1750 -0.45968673 4.6351743 8.465898
1770 -0.38307226 4.55856 8.619126
1790 -0.30645782 4.4819455 8.504205
1810 -0.38307226 4.55856 8.312668
1830 -0.5363012 4.596867 8.082825
1850 -0.6895301 4.596867 8.197746
1870 -0.7661445 4.55856 8.465898
1890 -0.6512229 4.6351743 8.350976
1910 -0.45968673 4.596867 8.350976
1930 -0.45968673 4.4819455 8.236053
1951 -0.61291564 4.4819455 8.542512
1970 -0.45968673 4.55856 8.542512
1990 -0.5746084 4.55856 8.465898
2010 -0.49799395 4.596867 8.312668
2030 -0.49799395 4.55856 8.350976
2050 -0.5746084 4.673482 8.42759
2070 -0.49799395 4.711789 8.465898
2090 -0.38307226 4.6351743 8.274361
2110 -0.38307226 4.6351743 8.389283
2130 -0.38307226 4.55856 8.389283
2150 -0.4213795 4.55856 8.465898
2170 -0.4213795 4.673482 8.389283
2190 -0.49799395 4.7500963 8.389283
2210 -0.4213795 4.55856 8.159439
2230 -0.49799395 4.55856 8.236053
2272 -0.49799395 4.6351743 8.42759
2272 -0.61291564 4.6351743 8.465898
2290 -0.6512229 4.6351743 8.312668
2310 -0.5746084 4.596867 8.159439
2330 -0.45968673 4.596867 8.274361
2350 -0.4213795 4.596867 8.274361
2370 -0.5746084 4.596867 8.350976
2390 -0.61291564 4.6351743 8.389283
2410 -0.5746084 4.673482 8.350976
2430 -0.61291564 4.6351743 8.465898
2450 -0.45968673 4.673482 8.389283
2471 -0.5363012 4.4819455 8.236053
2490 -0.45968673 4.4819455 8.504205
2510 -0.5746084 4.6351743 8.695741
2530 -0.5363012 4.4819455 8.389283
2550 -0.49799395 4.596867 8.350976
2572 -0.61291564 4.55856 8.350976
2590 -0.5363012 4.596867 8.504205
2610 -0.49799395 4.596867 8.580819
2630 -0.49799395 4.6351743 8.350976
2650 -0.34476504 4.6351743 8.274361
2672 -0.38307226 4.7500963 8.389283
2690 -0.49799395 4.673482 8.236053
2710 -0.38307226 4.711789 8.159439
2730 -0.49799395 4.6351743 8.197746
2750 -0.5363012 4.6351743 8.236053
2773 -0.49799395 4.596867 8.42759
2791 -0.4213795 4.596867 8.465898
2810 -0.38307226 4.6351743 8.504205
2830 -0.7661445 4.6351743 8.465898
2850 -0.80445176 4.596867 8.350976
2870 -0.6895301 4.6351743 8.236053
2890 -0.5746084 4.711789 8.274361
2910 -0.34476504 4.673482 8.274361
2930 -0.4213795 4.711789 8.465898
2950 -0.34476504 4.711789 8.312668
2970 -0.4213795 4.7884035 8.236053
2991 -0.49799395 4.7884035 8.00621
3010 -0.49799395 4.711789 8.121132
3030 -0.49799395 4.6351743 8.312668
3050 -0.6512229 4.596867 8.389283
3070 -0.6895301 4.5202527 8.504205
3091 -0.61291564 4.4436383 8.542512
3110 -0.5363012 4.5202527 8.504205
3130 -0.4213795 4.596867 8.542512
3150 -0.38307226 4.55856 8.542512
3170 -0.5746084 4.6351743 8.274361
3192 -0.80445176 4.596867 8.159439
3210 -0.6895301 4.673482 8.0445175
3230 -0.5363012 4.673482 8.0445175
3250 -0.45968673 4.7500963 8.274361
3270 -0.5746084 4.55856 8.465898
3290 -0.5363012 4.55856 8.465898
3310 -0.4213795 4.673482 8.274361
3330 -0.4213795 4.6351743 8.121132
3350 -0.30645782 4.673482 8.159439
3370 -0.49799395 4.673482 8.197746
3390 -0.6512229 4.673482 8.542512
3410 -0.7278373 4.5202527 8.42759
3430 -0.6512229 4.711789 8.236053
3450 -0.6895301 4.596867 8.159439
3470 -0.61291564 4.55856 8.542512
3490 -0.5363012 4.4819455 8.504205
3511 -0.5363012 4.4819455 8.542512
3530 -0.61291564 4.5202527 8.504205
3550 -0.4213795 4.673482 8.42759
3570 -0.4213795 4.6351743 8.312668
3590 -0.49799395 4.6351743 8.197746
3612 -0.5746084 4.4436383 8.42759
3630 -0.6512229 4.367024 8.695741
3650 -0.6895301 4.4436383 8.542512
3670 -0.61291564 4.4819455 8.504205
3690 -0.49799395 4.4819455 8.504205
3712 -0.45968673 4.367024 8.504205
3730 -0.45968673 4.4436383 8.619126
3750 -0.49799395 4.596867 8.504205
3770 -0.45968673 4.55856 8.389283
3790 -0.45968673 4.55856 8.197746
3810 -0.5363012 4.596867 8.274361
3830 -0.5363012 4.596867 8.389283
3850 -0.5363012 4.4819455 8.542512
3870 -0.45968673 4.5202527 8.580819
3890 -0.49799395 4.596867 8.504205
3910 -0.45968673 4.596867 8.42759
3930 -0.5363012 4.673482 8.159439
3950 -0.49799395 4.711789 8.121132
3970 -0.7278373 4.596867 8.159439
3990 -0.6512229 4.596867 8.274361
4010 -0.49799395 4.6351743 8.350976
4032 -0.49799395 4.673482 8.42759
4050 -0.5746084 4.673482 8.274361
4070 -0.49799395 4.55856 8.465898
4090 -0.5746084 4.55856 8.389283
4110 -0.49799395 4.55856 8.350976
4131 -0.38307226 4.5202527 8.274361
4150 -0.5363012 4.6351743 8.236053
4171 -0.45968673 4.6351743 8.159439
4190 -0.5746084 4.5202527 8.121132
4210 -0.6895301 4.5202527 8.236053
4232 -0.61291564 4.4436383 8.42759
4250 -0.6512229 4.4436383 8.580819
4270 -0.5746084 4.4819455 8.542512
4290 -0.61291564 4.405331 8.312668
4310 -0.7661445 4.5202527 8.42759
4330 -0.80445176 4.596867 8.389283
4350 -0.6895301 4.55856 8.274361
4370 -0.61291564 4.4436383 8.121132
4390 -0.45968673 4.4819455 8.274361
4410 -0.49799395 4.4436383 8.542512
4430 -0.38307226 4.3287168 8.695741
4450 -0.38307226 4.367024 8.465898
4470 -0.49799395 4.5202527 8.312668
4490 -0.61291564 4.6351743 8.350976
4510 -0.80445176 4.5202527 8.42759
4530 -0.6512229 4.596867 8.312668
4552 -0.6512229 4.55856 8.197746
4570 -0.5363012 4.596867 8.236053
4590 -0.49799395 4.405331 8.389283
4610 -0.34476504 4.4436383 8.159439
4630 -0.45968673 4.55856 7.6614456
4651 -0.5746084 4.367024 7.6614456
4670 -1.0342951 4.4819455 8.504205
4690 -0.9959879 4.4819455 9.078813
4710 -0.6895301 4.175488 9.155427
4730 -0.38307226 4.1371803 8.810662
4752 -0.19153613 4.213795 8.465898
4770 -0.19153613 4.2521024 8.389283
4790 -0.34476504 4.2904096 8.695741
4810 -0.38307226 4.175488 8.810662
4830 -0.30645782 4.213795 8.695741
4850 -0.34476504 4.367024 8.619126
4870 -0.38307226 4.3287168 8.504205
4890 -0.61291564 4.367024 8.42759
4910 -0.8810662 4.367024 8.42759
4930 -0.6512229 4.2521024 8.6574335
4950 -0.5363012 4.2904096 8.695741
4970 -0.22984336 4.213795 8.580819
4990 -0.19153613 4.1371803 8.504205
5010 -0.2681506 4.2521024 8.542512
5030 -0.4213795 4.3287168 8.542512
5050 -0.5363012 4.596867 8.504205
5070 -0.5746084 4.55856 8.159439
5090 -0.61291564 4.5202527 8.121132
5110 -0.49799395 4.596867 8.236053
5130 -0.38307226 4.7500963 8.42759
5150 -0.4213795 4.55856 8.197746
5172 -0.45968673 4.367024 8.465898
5190 -0.4213795 4.3287168 8.6574335
5210 -0.45968673 4.2904096 8.619126
5230 -0.5363012 4.4436383 8.619126
5250 -0.49799395 4.5202527 8.42759
5272 -0.45968673 4.4819455 8.465898
5290 -0.5746084 4.55856 8.42759
5310 -0.61291564 4.4819455 8.42759
5330 -0.7661445 4.596867 8.465898
5350 -0.6512229 4.4819455 8.159439
5372 -0.6895301 4.5202527 8.274361
5390 -0.6895301 4.596867 8.465898
5410 -0.61291564 4.5202527 8.350976
5430 -0.6895301 4.55856 8.389283
5450 -0.7661445 4.4436383 8.580819
5470 -0.61291564 4.405331 8.504205
5490 -0.49799395 4.5202527 8.389283
5510 -0.49799395 4.4436383 8.350976
5530 -0.5746084 4.5202527 8.389283
5550 -0.6512229 4.4819455 8.542512
5570 -0.6895301 4.5202527 8.734048
5590 -0.7278373 4.405331 8.465898
5610 -0.5746084 4.4819455 8.274361
5630 -0.6512229 4.405331 8.42759
5650 -0.6895301 4.405331 8.504205
5670 -0.6512229 4.4436383 8.542512
5692 -0.7661445 4.4436383 8.542512
5710 -0.61291564 4.4819455 8.389283
5730 -0.6512229 4.405331 8.312668
5750 -0.5363012 4.4436383 8.542512
5770 -0.61291564 4.4819455 8.504205
5791 -0.6512229 4.4819455 8.465898
5810 -0.5363012 4.4436383 8.619126
5830 -0.5363012 4.3287168 8.504205
5850 -0.6512229 4.367024 8.42759
5870 -0.6512229 4.3287168 8.312668
5892 -0.7661445 4.4436383 8.504205
5910 -0.7661445 4.4436383 8.504205
5930 -0.6512229 4.5202527 8.465898
5950 -0.61291564 4.405331 8.42759
5970 -0.6512229 4.5202527 8.465898
5990 -0.5746084 4.55856 8.350976
6011 -0.6512229 4.4819455 8.312668
6030 -0.61291564 4.4819455 8.389283
6050 -0.5363012 4.4819455 8.542512
6070 -0.38307226 4.4819455 8.542512
6090 -0.4213795 4.405331 8.350976
6110 -0.45968673 4.4436383 8.504205
6130 -0.49799395 4.3287168 8.504205
6150 -0.5363012 4.4819455 8.465898
6170 -0.6512229 4.367024 8.389283
6190 -0.7278373 4.4436383 8.312668
6210 -0.6895301 4.405331 8.389283
6230 -0.5363012 4.405331 8.389283
6250 -0.61291564 4.405331 8.504205
6270 -0.5363012 4.4819455 8.465898
6290 -0.61291564 4.4436383 8.42759
6311 -0.7661445 4.55856 8.274361
6330 -0.7278373 4.4436383 8.389283
6350 -0.7661445 4.55856 8.274361
6370 -0.6895301 4.5202527 8.312668
6390 -0.7278373 4.4819455 8.42759
6412 -0.7278373 4.55856 8.542512
6430 -0.61291564 4.4819455 8.389283
6450 -0.5363012 4.4436383 8.350976
6470 -0.5746084 4.4436383 8.350976
6490 -0.6895301 4.55856 8.465898
6510 -0.6895301 4.5202527 8.274361
6530 -0.61291564 4.55856 8.350976
6550 -0.6895301 4.4819455 8.236053
6570 -0.6512229 4.4819455 8.465898
6590 -0.5746084 4.3287168 8.465898
6610 -0.5363012 4.5202527 8.542512
6630 -0.5363012 4.4819455 8.42759
6650 -0.6512229 4.6351743 8.312668
6670 -0.61291564 4.55856 8.389283
6690 -0.6895301 4.55856 8.42759
6710 -0.6512229 4.5202527 8.504205
6730 -0.6895301 4.5202527 8.350976
6751 -0.80445176 4.5202527 8.312668
6770 -0.842759 4.5202527 8.350976
6790 -0.6895301 4.4819455 8.236053
6810 -0.61291564 4.4819455 8.389283
6831 -0.7661445 4.405331 8.312668
6850 -0.6895301 4.596867 8.465898
6870 -0.5746084 4.6351743 8.274361
6890 -0.5746084 4.55856 8.312668
6910 -0.6895301 4.5202527 8.42759
6932 -0.6512229 4.5202527 8.542512
6950 -0.5363012 4.5202527 8.465898
6970 -0.5363012 4.4819455 8.465898
6990 -0.6512229 4.55856 8.465898
7010 -0.7278373 4.55856 8.504205
7030 -0.6512229 4.55856 8.465898
7050 -0.6512229 4.55856 8.274361
7070 -0.7278373 4.55856 8.389283
7090 -0.7278373 4.55856 8.389283
7110 -0.7278373 4.5202527 8.350976
7130 -0.5363012 4.5202527 8.42759
7150 -0.5363012 4.405331 8.542512
7170 -0.5746084 4.4436383 8.42759
7190 -0.6895301 4.5202527 8.350976
7210 -0.7278373 4.5202527 8.274361
7230 -0.6895301 4.596867 8.274361
7250 -0.6512229 4.4819455 8.350976
7270 -0.5746084 4.4819455 8.350976
7290 -0.45968673 4.55856 8.389283
7310 -0.49799395 4.5202527 8.312668
7330 -0.6512229 4.405331 8.350976
7350 -0.6895301 4.5202527 8.389283
7370 -0.5746084 4.596867 8.42759
7390 -0.6512229 4.4436383 8.42759
7410 -0.5746084 4.5202527 8.465898
7430 -0.61291564 4.55856 8.465898
7452 -0.7278373 4.4436383 8.504205
7470 -0.7661445 4.5202527 8.542512
7491 -0.6895301 4.596867 8.389283
7510 -0.80445176 4.6351743 8.389283
7530 -0.7661445 4.5202527 8.236053
7550 -0.7278373 4.596867 8.350976
7570 -0.5363012 4.4819455 8.42759
7590 -0.6512229 4.4436383 8.580819
7610 -0.6895301 4.4819455 8.42759
7630 -0.7278373 4.4436383 8.350976
7650 -0.5746084 4.596867 8.197746
7671 -0.6895301 4.55856 8.236053
7690 -0.61291564 4.4819455 8.312668
7710 -0.6895301 4.55856 8.312668
7730 -0.6512229 4.596867 8.465898
7750 -0.842759 4.405331 8.389283
7770 -0.7278373 4.5202527 8.389283
7790 -0.80445176 4.596867 8.389283
7810 -0.7278373 4.55856 8.312668
7830 -0.6512229 4.55856 8.350976
7850 -0.61291564 4.4436383 8.504205
7871 -0.6512229 4.5202527 8.504205
7890 -0.7278373 4.4819455 8.389283
7910 -0.6895301 4.596867 8.389283
7930 -0.6512229 4.596867 8.312668
7950 -0.5746084 4.4436383 8.350976
7970 -0.7278373 4.4819455 8.465898
7990 -0.6512229 4.5202527 8.312668
8010 -0.7661445 4.55856 8.197746
8030 -0.80445176 4.596867 8.274361
8050 -0.6895301 4.4436383 8.312668
8070 -0.6512229 4.3287168 8.389283
8090 -0.6895301 4.367024 8.580819
8110 -0.6895301 4.5202527 8.465898
8130 -0.7278373 4.596867 8.197746
8150 -0.5746084 4.55856 8.236053
8170 -0.61291564 4.596867 8.121132
8191 -0.5363012 4.596867 8.350976
8210 -0.49799395 4.55856 8.619126
8230 -0.61291564 4.5202527 8.42759
8250 -0.6512229 4.4436383 8.159439
8270 -0.80445176 4.673482 8.159439
8290 -0.7278373 4.596867 8.350976
8310 -0.7661445 4.405331 8.465898
8330 -0.6895301 4.55856 8.42759
8350 -0.61291564 4.4436383 8.42759
8370 -0.61291564 4.55856 8.350976
8391 -0.49799395 4.55856 8.389283
8410 -0.6895301 4.596867 8.504205
8430 -0.9576807 4.596867 8.42759
8450 -1.1109096 4.7500963 8.236053
8470 -0.9576807 4.596867 8.159439
8490 -0.49799395 4.4819455 8.312668
8510 -0.45968673 4.4819455 8.580819
8530 -0.5746084 4.4436383 8.619126
8550 -0.6895301 4.6351743 8.580819
8570 -0.842759 4.673482 8.197746
8590 -0.9959879 4.596867 7.967903
8610 -0.842759 4.673482 8.121132
8630 -0.842759 4.596867 8.42759
8650 -0.7661445 4.4819455 8.6574335
8670 -0.5746084 4.4436383 8.504205
8690 -0.49799395 4.4819455 8.350976
8710 -0.4213795 4.596867 8.236053
8730 -0.5363012 4.6351743 8.121132
8750 -0.7661445 4.673482 8.082825
8770 -0.91937345 4.7500963 8.274361
8790 -0.8810662 4.596867 8.312668
8810 -0.7661445 4.55856 8.274361
8830 -0.61291564 4.596867 8.274361
8850 -0.5363012 4.55856 8.312668
8870 -0.5746084 4.711789 8.389283
8890 -0.7278373 4.6351743 8.389283
8912 -0.6895301 4.596867 8.197746
8930 -0.7661445 4.673482 8.197746
8951 -0.8810662 4.673482 8.312668
8970 -0.842759 4.673482 8.350976
8990 -0.80445176 4.711789 8.274361
9010 -0.7661445 4.673482 8.312668
9030 -0.80445176 4.7500963 8.350976
9050 -0.9576807 4.6351743 8.389283
9070 -1.1109096 4.6351743 8.42759
9090 -1.2641385 4.8267107 8.350976
9110 -1.1875241 4.903325 8.274361
9130 -1.1109096 4.711789 8.00621
9150 -0.8810662 4.7500963 7.929596
9170 -0.38307226 4.5202527 7.967903
9190 -0.15322891 4.4819455 8.159439
9210 -0.076614454 4.405331 8.504205
9230 -0.076614454 4.3287168 8.772355
9250 -0.38307226 4.5202527 8.6574335
9270 -0.6895301 4.6351743 8.312668
9290 -0.842759 4.7500963 8.121132
9310 -0.80445176 4.865018 7.929596
9331 -0.6895301 4.711789 8.00621
9350 -0.6512229 4.7884035 8.121132
9370 -0.6512229 4.7500963 8.236053
9390 -0.61291564 4.673482 8.312668
9410 -0.4213795 4.596867 8.236053
9431 -0.6512229 4.673482 8.312668
9450 -0.61291564 4.673482 8.236053
9470 -0.6895301 4.673482 8.197746
9490 -0.6895301 4.7884035 8.121132
9510 -0.6512229 4.865018 8.236053
9530 -0.6895301 4.7500963 8.236053
9550 -0.6895301 4.673482 8.350976
9570 -0.61291564 4.6351743 8.274361
9590 -0.6512229 4.711789 8.389283
9610 -0.6512229 4.673482 8.350976
9630 -0.6512229 4.596867 8.312668
9650 -0.7661445 4.6351743 8.159439
9670 -0.80445176 4.8267107 8.082825
9690 -0.6895301 4.9799395 8.197746
9710 -0.7661445 4.7884035 8.197746
9730 -0.7278373 4.673482 8.389283
9750 -0.6512229 4.7500963 8.350976
9770 -0.5746084 4.6351743 8.312668
9790 -0.6512229 4.7884035 8.312668
9810 -0.6512229 4.7500963 8.312668
9830 -0.6895301 4.9416323 8.312668
9852 -0.7661445 4.8267107 8.274361
9870 -0.6895301 4.8267107 8.274361
9890 -0.5746084 4.673482 8.236053
9910 -0.5363012 4.6351743 8.236053
9930 -0.49799395 4.596867 8.389283
9951 -0.61291564 4.6351743 8.42759
9970 -0.7278373 4.673482 8.312668
9990 -0.7661445 4.8267107 8.236053
10010 -0.7661445 4.7884035 8.121132
10030 -0.6895301 4.711789 8.312668
10050 -0.61291564 4.5202527 8.350976
10070 -0.6512229 4.596867 8.350976
10090 -0.49799395 4.55856 8.465898
10110 -0.6512229 4.596867 8.504205
10130 -0.6895301 4.7884035 8.350976
10150 -0.7661445 4.7500963 8.159439
10170 -0.6512229 4.8267107 8.121132
10190 -0.7278373 4.8267107 8.389283
10210 -0.7278373 4.6351743 8.350976
10230 -0.6512229 4.596867 8.312668
10250 -0.5746084 4.7500963 8.236053
10270 -0.7661445 4.7884035 8.236053
10290 -0.80445176 4.7500963 8.197746
10310 -0.7278373 4.7500963 8.312668
10330 -0.6512229 4.8267107 8.159439
10350 -0.61291564 4.6351743 8.274361
10371 -0.6895301 4.55856 8.274361
10390 -0.6895301 4.6351743 8.274361
10410 -0.61291564 4.596867 8.121132
10430 -0.6895301 4.6351743 8.082825
10450 -0.80445176 4.596867 8.197746
10471 -0.80445176 4.673482 8.274361
10490 -0.6895301 4.7500963 8.197746
10510 -0.7278373 4.7500963 8.350976
10530 -0.6895301 4.711789 8.389283
10550 -0.6895301 4.596867 8.312668
10573 -0.5746084 4.673482 8.197746
10590 -0.7278373 4.711789 8.159439
10610 -0.61291564 4.6351743 8.197746
10630 -0.6895301 4.711789 8.197746
10650 -0.5746084 4.6351743 8.121132
10670 -0.5746084 4.6351743 8.159439
10690 -0.45968673 4.6351743 8.121132
10710 -0.61291564 4.711789 8.274361
10730 -0.80445176 4.6351743 8.389283
10751 -0.842759 4.596867 8.312668
10770 -0.7278373 4.6351743 8.389283
10790 -0.7278373 4.55856 8.389283
10810 -0.6895301 4.596867 8.312668
10830 -0.7661445 4.673482 8.236053
10850 -0.7661445 4.673482 8.350976
10870 -0.61291564 4.711789 8.274361
10890 -0.61291564 4.7500963 8.197746
10910 -0.7278373 4.6351743 8.312668
10930 -0.6895301 4.6351743 8.312668
10950 -0.61291564 4.711789 8.465898
10970 -0.7661445 4.711789 8.274361
10991 -0.80445176 4.711789 8.312668
11010 -0.91937345 4.7500963 8.389283
11030 -0.80445176 4.55856 8.197746
11050 -0.8810662 4.673482 8.082825
11070 -0.8810662 4.7884035 8.236053
11090 -0.6512229 4.7884035 8.197746
11110 -0.7278373 4.7500963 8.350976
11130 -0.842759 4.7884035 8.236053
11150 -0.7661445 4.865018 8.0445175
11170 -0.7278373 4.7884035 8.0445175
11190 -0.7278373 4.903325 8.0445175
11210 -0.6895301 4.7884035 8.236053
11230 -0.6895301 4.865018 8.121132
11250 -0.7278373 4.9416323 8.389283
11270 -0.80445176 4.8267107 8.389283
11290 -0.8810662 5.0182467 8.274361
11310 -0.80445176 4.903325 7.8912888
11330 -0.61291564 4.865018 8.159439
11350 -0.4213795 4.7884035 8.274361
11370 -0.38307226 4.7500963 8.236053
11390 -0.2681506 4.903325 8.121132
11411 -0.30645782 4.903325 7.73806
11430 -0.6895301 4.9416323 7.8912888
11450 -0.91937345 5.094861 8.542512
11470 -0.7661445 4.9416323 8.734048
11490 -0.61291564 4.7884035 8.274361
11511 -0.38307226 4.903325 8.0445175
11530 -0.076614454 4.903325 7.8912888
11550 -0.076614454 5.0182467 8.121132
11570 -0.11492168 4.9416323 8.389283
11590 -0.2681506 5.0182467 8.350976
11610 -0.5746084 4.9799395 8.121132
11630 -0.45968673 4.903325 7.8912888
11650 -0.5363012 5.056554 7.929596
11670 -0.38307226 5.056554 8.0445175
11690 -0.45968673 5.094861 8.159439
11710 -0.45968673 5.171476 8.121132
11730 -0.45968673 5.094861 8.082825
11750 -0.30645782 5.0182467 7.929596
11770 -0.2681506 4.9416323 8.350976
11790 -0.49799395 5.094861 8.619126
11810 -0.38307226 4.9416323 8.350976
11830 0.19153613 4.865018 7.967903
11850 0.2681506 4.8267107 7.8529816
11870 -0.076614454 5.056554 8.159439
11890 -0.15322891 5.094861 8.082825
11910 -0.19153613 5.094861 8.0445175
11932 0.11492168 4.9799395 8.0445175
11950 0.19153613 5.0182467 8.082825
11970 0.15322891 4.9799395 8.312668
11990 0.15322891 4.9416323 8.350976
12010 0.2681506 4.903325 8.350976
12032 0.2681506 4.9416323 8.121132
12050 0.38307226 4.9416323 8.0445175
12070 0.30645782 4.7500963 8.159439
12090 0.2681506 5.0182467 8.197746
12110 0.22984336 5.056554 8.0445175
12130 0.11492168 5.0182467 8.159439
12150 0.038307227 5.094861 8.197746
12170 0.11492168 5.056554 8.0445175
12190 0.11492168 5.133168 8.082825
12210 0.2681506 5.056554 8.121132
12230 0.22984336 4.9416323 8.389283
12250 0.15322891 4.7500963 8.312668
12270 0.2681506 4.8267107 8.274361
12290 0.2681506 4.865018 8.197746
12310 0.2681506 4.8267107 8.312668
12330 0.2681506 4.9416323 8.389283
12350 0.22984336 4.9416323 8.312668
12370 0.30645782 5.0182467 8.389283
12390 0.45968673 4.9416323 8.197746
12410 0.4213795 5.056554 8.121132
12430 0.38307226 5.056554 8.159439
12453 0.49799395 5.056554 8.082825
12470 0.6895301 5.0182467 8.0445175
12490 0.49799395 5.056554 7.8912888
12510 0.34476504 4.9799395 7.8912888
12530 0.19153613 4.865018 7.929596
12551 0.038307227 4.711789 8.00621
12570 -0.076614454 4.6351743 8.504205
12590 -0.15322891 4.673482 8.6574335
12610 -0.038307227 4.6351743 8.389283
12630 0.038307227 4.596867 8.121132
12650 0.19153613 4.711789 7.8529816
12670 0.11492168 4.673482 7.8912888
12690 -0.038307227 4.673482 8.312668
12710 -0.15322891 4.6351743 8.925584
12730 -0.22984336 4.55856 9.308656
12750 -0.038307227 4.5202527 9.078813
12770 0.34476504 4.405331 8.6574335
12790 0.34476504 4.367024 8.389283
12810 0.11492168 4.367024 8.619126
12830 -0.038307227 4.3287168 8.848969
12850 -0.15322891 4.3287168 8.848969
12870 -0.15322891 4.55856 8.619126
12890 -0.15322891 4.6351743 8.42759
12910 0.038307227 4.6351743 8.197746
12930 0.15322891 4.55856 8.350976
12950 0.0 4.405331 8.580819
12971 -0.038307227 4.4436383 8.619126
12990 0.038307227 4.367024 8.42759
13010 0.038307227 4.4819455 8.389283
13030 0.038307227 4.55856 8.465898
13050 -0.15322891 4.596867 8.350976
13071 -0.38307226 4.596867 8.274361
13090 -0.49799395 4.5202527 8.389283
13110 -0.5363012 4.6351743 8.465898
13130 -0.7278373 4.673482 8.504205
13150 -0.8810662 4.673482 8.580819
13170 -0.7278373 4.596867 8.389283
13190 -0.5746084 4.5202527 8.236053
13210 -0.6895301 4.4819455 8.197746
13230 -0.5746084 4.5202527 8.236053
13250 -0.5363012 4.596867 8.274361
13270 -0.6512229 4.55856 8.350976
13290 -0.7278373 4.596867 8.389283
13310 -0.80445176 4.6351743 8.42759
13330 -0.8810662 4.5202527 8.389283
13350 -0.7661445 4.55856 8.197746
13370 -0.61291564 4.6351743 8.389283
13391 -0.7661445 4.5202527 8.504205
13410 -0.842759 4.5202527 8.619126
13430 -0.5746084 4.4819455 8.350976
13450 -0.49799395 4.5202527 8.159439
13470 -0.6512229 4.6351743 8.236053
13491 -0.842759 4.6351743 8.542512
13510 -0.91937345 4.596867 8.312668
13530 -0.5363012 4.5202527 8.00621
13550 -0.45968673 4.55856 8.0445175
13570 -0.6512229 4.5202527 8.197746
13592 -0.7278373 4.596867 8.542512
13610 -0.842759 4.6351743 8.42759
13630 -0.80445176 4.596867 8.236053
13650 -0.6512229 4.596867 8.00621
13670 -0.5363012 4.55856 8.0445175
13690 -0.6895301 4.596867 8.350976
13710 -0.6512229 4.596867 8.312668
13730 -0.7661445 4.673482 8.389283
13750 -0.8810662 4.673482 8.274361
13770 -0.80445176 4.673482 8.197746
13790 -0.7661445 4.711789 8.082825
13811 -0.7661445 4.673482 8.197746
13830 -0.7661445 4.673482 8.350976
13850 -0.7661445 4.6351743 8.350976
13870 -0.6512229 4.596867 8.42759
13890 -0.6895301 4.5202527 8.312668
13911 -0.80445176 4.596867 8.197746
13930 -0.91937345 4.6351743 8.236053
13950 -0.8810662 4.711789 8.350976
13970 -0.7278373 4.6351743 8.350976
13990 -0.7278373 4.55856 8.350976
14011 -0.6895301 4.55856 8.236053
14030 -0.7661445 4.55856 8.312668
14050 -0.7661445 4.596867 8.274361
14070 -0.842759 4.673482 8.236053
14090 -0.8810662 4.6351743 8.121132
14110 -0.80445176 4.673482 8.197746
14130 -0.6895301 4.596867 8.236053
14150 -0.80445176 4.55856 8.274361
14171 -0.6895301 4.5202527 8.42759
14190 -0.80445176 4.711789 8.350976
14210 -0.842759 4.673482 8.121132
14230 -0.80445176 4.6351743 8.121132
14250 -0.842759 4.711789 8.197746
14270 -0.842759 4.596867 8.274361
14290 -0.7278373 4.6351743 8.236053
14310 -0.7278373 4.711789 8.236053
14330 -0.7278373 4.6351743 8.312668
14350 -0.7278373 4.596867 8.389283
14370 -0.9576807 4.55856 8.350976
14390 -0.80445176 4.596867 8.197746
14410 -0.91937345 4.5202527 8.312668
14431 -0.842759 4.673482 8.350976
14450 -0.80445176 4.673482 8.236053
14470 -0.842759 4.596867 8.159439
14490 -0.6895301 4.673482 8.159439
14510 -0.7661445 4.55856 8.42759
14530 -0.842759 4.6351743 8.350976
14550 -0.842759 4.596867 8.236053
14570 -0.6512229 4.596867 8.082825
14591 -0.842759 4.711789 8.236053
14610 -0.80445176 4.6351743 8.274361
14630 -0.80445176 4.711789 8.389283
14650 -0.80445176 4.6351743 8.274361
14670 -0.7661445 4.711789 8.121132
14690 -0.80445176 4.673482 8.159439
14710 -0.80445176 4.6351743 8.159439
14730 -0.91937345 4.596867 8.350976
14750 -0.9576807 4.596867 8.542512
14770 -0.8810662 4.673482 8.236053
14790 -0.45968673 4.673482 8.159439
14810 -0.5746084 4.673482 8.274361
14830 -0.8810662 4.673482 8.274361
14850 -0.9959879 4.6351743 8.274361
14870 -0.9959879 4.55856 8.274361
14890 -0.842759 4.6351743 8.350976
14910 -0.6512229 4.5202527 8.465898
14930 -0.49799395 4.596867 8.350976
14952 -0.5363012 4.711789 8.236053
14970 -0.7661445 4.6351743 8.236053
14990 -0.8810662 4.6351743 8.121132
15010 -0.9576807 4.6351743 8.197746
15030 -0.8810662 4.55856 8.274361
15050 -0.7278373 4.6351743 8.465898
15070 -0.6512229 4.673482 8.350976
15090 -0.6512229 4.55856 8.236053
15110 -0.8810662 4.4436383 8.274361
15130 -0.91937345 4.596867 8.42759
15150 -0.9959879 4.596867 8.465898
15171 -0.9576807 4.7884035 8.350976
15190 -0.7661445 4.7500963 8.274361
15210 -0.7278373 4.673482 8.082825
15230 -0.80445176 4.7500963 8.350976
15250 -0.80445176 4.673482 8.580819
15270 -0.7661445 4.673482 8.389283
15290 -0.7661445 4.711789 8.197746
15310 -0.80445176 4.6351743 8.197746
15330 -0.842759 4.7500963 8.312668
15350 -0.7661445 4.865018 8.274361
15371 -0.7278373 4.7884035 8.121132
15390 -0.7661445 4.7884035 8.159439
15410 -0.6512229 4.7884035 8.274361
15430 -0.6895301 4.673482 8.389283
15450 -0.6512229 4.7500963 8.274361
15470 -0.80445176 4.7500963 8.389283
15490 -0.91937345 4.7884035 8.274361
15510 -0.9576807 4.711789 8.159439
15530 -0.80445176 4.7884035 8.312668
15550 -0.6895301 4.7500963 8.197746
15570 -0.6895301 4.7500963 8.197746
15590 -0.7278373 4.7500963 8.350976
15610 -0.91937345 4.673482 8.42759
15630 -0.91937345 4.865018 8.121132
15650 -0.91937345 4.9416323 8.121132
15670 -0.8810662 5.056554 8.159439
15691 -0.80445176 4.9416323 8.274361
15710 -0.6512229 4.7500963 8.121132
15730 -0.5363012 4.8267107 8.121132
15750 -0.6512229 4.7884035 8.082825
15770 -0.49799395 4.9799395 8.197746
15791 -0.38307226 4.7884035 8.0445175
15810 -0.4213795 4.903325 8.00621
15830 -0.61291564 4.9416323 8.159439
15850 -0.5746084 4.865018 8.121132
15870 -0.5363012 4.7500963 8.197746
15891 -0.5746084 4.865018 8.274361
15910 -0.61291564 4.903325 8.274361
15930 -0.5746084 4.8267107 8.0445175
15950 -0.4213795 4.8267107 8.00621
15970 -0.5363012 4.903325 8.121132
15990 -0.45968673 4.9416323 8.159439
16010 -0.5746084 4.9416323 8.197746
16030 -0.5746084 4.865018 8.312668
16050 -0.61291564 4.903325 8.236053
16070 -0.6895301 4.9799395 8.350976
16090 -0.5746084 4.865018 8.197746
16111 -0.61291564 4.9799395 8.00621
16130 -0.5746084 5.0182467 8.082825
16150 -0.842759 5.094861 8.159439
16170 -0.6895301 4.865018 8.159439
16190 -0.45968673 4.903325 8.159439
16211 -0.5363012 4.9416323 8.274361
16230 -0.5363012 4.903325 8.350976
16250 -0.6512229 4.865018 8.197746
16270 -0.38307226 4.711789 8.00621
16290 -0.30645782 4.711789 8.197746
16311 0.0 4.673482 8.312668
16330 0.4213795 4.6351743 8.542512
16350 0.7278373 4.7884035 8.504205
16370 0.9959879 4.3287168 8.389283
16390 1.1109096 4.4436383 8.0445175
16410 1.0726024 4.4819455 7.929596
16430 0.80445176 4.6351743 8.580819
16450 0.842759 4.4819455 8.810662
16470 0.9959879 4.405331 8.504205
16490 1.0342951 4.5202527 8.350976
16510 1.0342951 4.55856 8.159439
16530 1.1492168 4.55856 7.967903
16550 1.1492168 4.673482 7.8912888
16570 0.7661445 4.6351743 8.121132
16590 0.30645782 4.6351743 8.580819
16610 0.15322891 4.4436383 8.848969
16630 0.22984336 4.5202527 8.734048
16650 0.6512229 4.596867 8.312668
16670 0.9576807 4.596867 8.121132
16690 1.1109096 4.5202527 8.274361
16710 0.9576807 4.4436383 8.810662
16730 0.9576807 4.367024 8.963891
16750 0.91937345 4.3287168 8.810662
16770 0.9576807 4.3287168 8.504205
16790 0.9576807 4.367024 8.350976
16810 0.80445176 4.4819455 8.619126
16831 0.6895301 4.5202527 8.772355
16850 0.8810662 4.5202527 8.504205
16870 0.7661445 4.5202527 8.350976
16890 0.34476504 4.6351743 8.350976
16910 0.22984336 4.55856 8.389283
16930 0.2681506 4.6351743 8.580819
16950 0.15322891 4.55856 8.389283
16970 0.076614454 4.673482 8.236053
16990 -0.038307227 4.673482 8.236053
17010 -0.15322891 4.8267107 8.274361
17030 -0.15322891 4.7884035 8.542512
17050 -0.15322891 4.7500963 8.619126
17070 -0.038307227 4.6351743 8.350976
17090 0.19153613 4.711789 8.121132
17110 0.22984336 4.6351743 8.197746
17130 0.22984336 4.711789 8.312668
17150 0.30645782 4.55856 8.236053
17171 0.19153613 4.6351743 8.312668
17190 -0.038307227 4.711789 8.350976
17210 -0.11492168 4.711789 8.312668
17230 -0.19153613 4.711789 8.274361
17250 -0.22984336 4.7500963 8.082825
17270 -0.076614454 4.711789 7.776367
17290 0.15322891 4.673482 7.73806
17310 -0.38307226 4.7500963 8.274361
17330 -0.6512229 4.8267107 9.078813
17351 -0.61291564 4.5202527 9.193734
17370 -0.45968673 4.4819455 8.887277
17390 -0.076614454 4.405331 8.312668
17410 0.22984336 4.405331 8.159439
17430 0.076614454 4.55856 8.504205
17450 -0.19153613 4.6351743 8.734048
17470 -0.2681506 4.5202527 8.6574335
17490 -0.30645782 4.673482 8.312668
17510 -0.2681506 4.596867 8.00621
17530 -0.038307227 4.673482 7.967903
17550 -0.076614454 4.4436383 8.312668
17570 0.0 4.55856 8.312668
17590 -0.11492168 4.4819455 8.619126
17610 -0.11492168 4.405331 8.734048
17630 0.0 4.4819455 8.42759
17650 -0.11492168 4.5202527 8.197746
17671 -0.11492168 4.55856 8.42759
17690 -0.19153613 4.5202527 8.6574335
17710 -0.15322891 4.367024 8.772355
17730 0.0 4.367024 8.619126
17750 0.0 4.405331 8.580819
17771 0.15322891 4.367024 8.619126
17790 0.22984336 4.4436383 8.42759
17810 0.2681506 4.4819455 8.312668
17830 0.30645782 4.4436383 8.42759
17850 0.22984336 4.405331 8.6574335
17870 0.2681506 4.405331 8.695741
17890 0.34476504 4.2904096 8.580819
17910 0.34476504 4.405331 8.542512
17930 0.38307226 4.4436383 8.42759
17950 0.22984336 4.5202527 8.465898
17970 0.22984336 4.596867 8.465898
17990 0.15322891 4.55856 8.580819
18010 0.038307227 4.4819455 8.312668
18030 0.038307227 4.673482 8.082825
18050 0.076614454 4.55856 7.967903
18070 0.19153613 4.596867 7.967903
18090 0.22984336 4.673482 8.00621
18111 0.15322891 4.6351743 8.274361
18130 -0.15322891 4.711789 8.619126
18150 -0.38307226 4.711789 8.619126
18170 -0.30645782 4.55856 8.197746
18191 -0.22984336 4.711789 7.967903
18210 -0.22984336 4.711789 8.082825
18230 -0.2681506 4.673482 8.350976
18250 -0.38307226 4.7500963 8.734048
18270 -0.4213795 4.673482 8.772355
18290 -0.38307226 4.55856 8.542512
18310 -0.11492168 4.55856 7.967903
18330 -0.038307227 4.55856 7.6614456
18350 0.0 4.5202527 7.776367
18370 -0.19153613 4.6351743 8.159439
18390 -0.30645782 4.55856 8.542512
18410 -0.30645782 4.55856 8.963891
18430 -0.15322891 4.405331 8.963891
18450 0.22984336 4.098873 8.504205
18470 0.5363012 3.86903 8.42759
18490 0.4213795 4.060566 8.772355
18510 0.22984336 4.2904096 9.155427
18530 -0.11492168 4.2904096 9.078813
18550 -0.2681506 4.367024 8.274361
18570 -0.4213795 4.903325 7.699753
18590 -0.7278373 4.7500963 7.6614456
18611 -1.685518 4.4819455 8.810662
18631 -2.1068976 4.1371803 9.078813
18650 -2.1452048 3.7924154 8.963891
18670 -2.4899697 3.9073372 8.619126
18690 -3.0262709 4.175488 8.389283
18711 -3.4859576 4.4436383 7.8912888
18730 -3.6008794 4.8267107 7.2783732
18750 -2.566584 5.0182467 6.933608
18770 -1.3790601 4.596867 7.0485296
18790 -0.8810662 4.098873 7.6614456
18810 -1.4556746 4.2521024 8.925584
18830 -1.4556746 4.213795 9.232041
18850 -0.7661445 3.9839516 8.274361
18870 -0.19153613 3.7924154 7.086837
18890 -0.38307226 3.4859576 6.2823853
18910 -1.0726024 3.2561142 6.167464
18930 -1.9919758 3.064578 7.0485296
18950 -1.9919758 2.566584 7.8529816
18970 -1.2641385 1.3790601 8.197746
18990 -1.5705963 0.6895301 9.691729
19010 -2.6048915 0.9959879 11.836933
19030 -3.217807 1.4173675 12.411542
19050 -3.5242648 1.3024458 11.568783
19070 -3.4093432 1.2258313 10.496181
19090 -3.4859576 1.1492168 9.423578
19110 -3.1028855 1.1109096 8.925584
19132 -3.1411927 1.1875241 8.848969
19151 -3.4859576 1.340753 9.691729
19170 -2.9496565 1.1109096 9.615114
19190 -2.4516625 0.80445176 9.308656
19210 -2.183512 0.7661445 8.772355
19230 -2.1068976 0.80445176 8.465898
19250 -2.336741 0.8810662 8.542512
19270 -2.4133554 0.9959879 8.580819
19290 -2.566584 1.1492168 8.504205
19310 -2.681506 0.9959879 8.619126
19330 -2.9496565 0.9576807 8.925584
19350 -3.2561142 1.1109096 9.500193
19370 -4.1371803 1.6089035 10.457873
19390 -4.7500963 1.9153614 10.381259
19410 -5.133168 2.3750482 9.423578
19430 -4.6351743 2.336741 9.232041
19450 -3.3327289 1.7621324 9.040505
19471 -2.336741 1.4556746 9.040505
19490 -2.834735 1.8770541 9.615114
19510 -2.873042 2.4899697 10.036493
19530 -1.532289 2.2218192 9.078813
19551 0.11492168 1.6472107 7.5082164
19570 0.49799395 2.030283 7.431602
19590 -1.6472107 2.4516625 8.619126
19610 -1.1492168 3.9073372 9.385271
19630 -0.038307227 3.715801 8.159439
19650 0.5363012 3.1794999 6.5122285
19670 0.38307226 3.4093432 7.3549876
19690 0.15322891 3.8307228 9.155427
19710 -0.11492168 3.715801 9.002198
19730 0.076614454 3.9073372 7.967903
19750 -0.19153613 4.213795 8.42759
19770 -0.4213795 4.6351743 8.197746
19790 -0.38307226 4.7500963 7.201759
19810 -0.34476504 4.673482 7.0102224
19830 -0.49799395 4.6351743 7.5465236
19850 -1.4173675 5.133168 8.810662
19870 -1.8387469 5.171476 9.232041
19891 -1.3790601 5.0182467 8.772355
19910 -0.8810662 5.2480903 8.082825
19931 -0.45968673 5.056554 7.929596
19950 -0.34476504 4.903325 8.274361
19971 -0.34476504 4.8267107 8.274361
19990 -0.4213795 5.0182467 8.350976
20010 -0.5746084 5.0182467 8.42759
20030 -0.8810662 5.0182467 8.619126
20050 -1.340753 5.056554 8.580819
20071 -1.1875241 4.903325 8.00621
20090 -0.91937345 4.7884035 7.6231384
20110 -0.9959879 4.7500963 8.0445175
20130 -0.6512229 4.903325 8.197746
20150 -0.49799395 4.7500963 8.082825
20170 -0.5746084 4.903325 7.8912888
20190 -0.61291564 5.094861 7.6231384
20210 -0.34476504 4.903325 7.73806
20230 -0.4213795 4.9799395 8.312668
20250 -0.5746084 4.7884035 8.42759
20270 -0.34476504 4.7884035 8.312668
20290 -0.45968673 4.865018 8.389283
20310 -0.49799395 4.711789 8.159439
20330 -0.6512229 4.673482 8.504205
20350 -1.0342951 4.9799395 8.925584
20370 -0.7661445 4.865018 8.121132
20391 -0.6512229 4.903325 7.3166804
20410 -0.9959879 4.9799395 7.6614456
20430 -1.340753 5.094861 8.236053
20450 -1.2258313 4.9799395 8.312668
20470 -1.0726024 5.0182467 7.929596
20491 -0.91937345 5.0182467 8.082825
20510 -0.91937345 5.094861 8.312668
20530 -0.49799395 4.9416323 8.0445175
20550 -0.6895301 4.9416323 7.776367
20570 -0.80445176 5.2863975 8.197746
20599 -1.2258313 5.171476 7.6231384
20610 -0.9959879 4.865018 8.6574335
20630 -0.5363012 4.865018 8.159439
20650 -0.6512229 4.9416323 7.699753
20718 -0.7278373 5.056554 7.8529816
20718 -0.5363012 4.8267107 7.967903
20718 -0.45968673 4.903325 8.082825
20733 -0.6512229 4.9799395 8.312668
20779 -0.5746084 4.9799395 8.389283
20779 -0.49799395 4.8267107 8.312668
20790 -0.5363012 4.865018 8.197746
20813 -0.4213795 4.7500963 8.274361
20854 -0.38307226 4.673482 8.465898
20854 -0.38307226 4.55856 8.504205
20870 -0.2681506 4.596867 8.236053
20898 -0.30645782 4.711789 8.236053
20910 -0.34476504 4.7884035 8.504205
20931 -0.34476504 4.673482 8.542512
20950 -0.4213795 4.7884035 8.465898
20970 -0.30645782 4.711789 8.197746
20990 -0.22984336 4.596867 8.082825
21010 -0.30645782 4.711789 8.159439
21030 -0.2681506 4.55856 8.389283
21050 -0.2681506 4.6351743 8.542512
21070 -0.2681506 4.596867 8.465898
