1625 -1.4173675 6.703765 14.939818
1626 -1.5705963 5.707777 10.534488
1627 -1.4173675 4.6351743 5.8226986
1628 -0.8810662 3.6774938 2.183512
1628 -0.45968673 3.2561142 -0.45968673
1629 -0.2681506 3.064578 -2.2601264
1630 -0.19153613 2.7581203 -2.9496565
1631 0.076614454 2.6431987 -4.3287168
1631 0.0 2.3750482 -5.171476
1632 -0.15322891 2.2984335 -5.0182467
1633 -0.38307226 1.8004397 -4.213795
1634 -0.6895301 1.1492168 -1.9153614
1634 -0.9959879 0.6512229 1.9153614
1635 -2.183512 0.8810662 8.121132
1636 -3.1794999 1.9153614 17.046717
1636 -2.030283 2.3750482 25.857378
1637 -1.340753 3.4093432 30.569168
1638 -1.3790601 5.401319 31.182083
1639 -0.30645782 6.703765 26.125528
1639 0.7278373 7.0102224 21.375433
1640 0.6895301 6.3206925 17.774553
1641 0.076614454 5.0182467 9.921572
1641 -0.38307226 4.55856 4.4436383
1642 -0.38307226 4.175488 0.30645782
1643 0.076614454 3.715801 -2.1452048
1644 0.34476504 3.371036 -3.3327289
1644 0.34476504 3.1028855 -4.596867
1645 0.45968673 2.4899697 -4.9416323
1646 0.22984336 1.9536686 -4.8267107
1646 -0.34476504 1.4939818 -4.7884035
1647 -0.6895301 1.2641385 -4.6351743
1647 -0.80445176 0.842759 -3.7924154
1648 -0.9959879 0.80445176 -0.45968673
1648 -1.4556746 0.7661445 6.4739213
1649 -2.2218192 1.4556746 15.859192
1649 -1.9153614 3.0262709 24.210167
1649 -3.064578 4.711789 29.458258
1650 -3.7924154 6.9719152 29.075186
1650 -3.217807 8.00621 27.274746
1651 -1.6089035 7.8146744 22.94603
1651 -1.340753 7.2783732 18.847157
1652 -2.0685902 6.3589997 13.752295
1652 -2.566584 5.631162 7.5465236
1653 -2.0685902 4.7500963 2.2601264
1653 -1.340753 4.0222588 -1.1109096
1653 -0.45968673 3.6391866 -3.1411927
1654 0.076614454 3.4093432 -4.711789
1654 0.4213795 3.1411927 -5.5162406
1655 0.30645782 2.336741 -5.401319
1655 0.076614454 2.0685902 -5.363012
1655 -0.80445176 2.030283 -4.865018
1656 -0.9959879 1.8004397 -3.715801
1656 -1.9919758 2.6048915 -0.7278373
1657 -2.9113493 2.834735 6.933608
1657 -3.8307228 2.7964275 18.92377
1657 -3.9456444 3.3327289 29.994558
1658 -4.1371803 5.592855 33.557133
1658 -2.9113493 7.0485296 31.028854
1659 -1.1109096 7.5465236 24.516624
1928 -0.11492168 7.086837 18.540697
1928 -0.5746084 6.090849 13.982138
1928 -1.4173675 5.209783 9.11712
1929 -2.1452048 4.596867 3.6008794
1929 -2.183512 4.4436383 -0.45968673
1929 -1.685518 4.367024 -3.1411927
1929 -1.2641385 4.213795 -4.3287168
1930 -1.3024458 4.405331 -5.056554
1930 -0.91937345 3.8307228 -5.4779334
1930 -0.49799395 3.217807 -5.094861
1930 -0.30645782 3.0262709 -5.5162406
1931 -0.4213795 2.6431987 -5.707777
1931 -0.6895301 2.0685902 -3.8307228
2104 -1.4939818 2.2984335 0.19153613
2105 -2.3750482 2.3750482 9.615114
2105 -2.336741 2.0685902 25.512613
2105 -0.8810662 3.1411927 37.043087
2105 -1.9153614 6.090849 33.25067
2105 -1.3790601 7.5465236 25.129541
2106 -0.38307226 7.3166804 19.34515
2106 -0.038307227 5.746084 15.093047
2106 -0.6895301 4.4819455 9.844957
2121 -1.5705963 4.3287168 3.2944214
2140 -1.8004397 4.213795 -1.532289
2180 -1.2641385 4.2904096 -4.0222588
2180 -0.7661445 4.0222588 -5.401319
2218 -0.842759 4.175488 -6.742072
2218 -0.80445176 3.8307228 -8.0445175
2239 -0.91937345 3.4859576 -9.193734
2265 -1.7238252 3.1411927 -9.11712
2277 -2.2984335 2.7581203 -7.6231384
2296 -2.566584 2.336741 -4.7500963
2316 -2.4899697 2.2601264 2.4899697
2336 -1.8770541 2.1452048 13.522451
2356 -0.7278373 2.873042 26.393679
2378 -0.6512229 4.2521024 36.621708
2396 -0.4213795 5.66947 39.49475
2416 0.2681506 6.3589997 33.44221
2436 0.61291564 7.1634517 23.558945
2460 0.49799395 6.3206925 15.016433
2477 -0.61291564 4.9416323 9.308656
2497 -1.6089035 3.7924154 3.7541082
2516 -2.2218192 3.064578 -2.873042
2536 -2.2601264 3.7924154 -10.113108
2556 -1.4556746 4.175488 -12.641385
2577 -1.2258313 3.9456444 -12.947843
2596 -0.8810662 3.0262709 -11.262324
2616 -1.1109096 2.566584 -8.619126
2636 -2.0685902 2.4899697 -5.4779334
2656 -2.4133554 2.681506 -0.38307226
2678 -0.2681506 1.8387469 8.00621
2696 1.685518 1.7238252 17.889475
2716 0.61291564 3.4859576 28.500578
2736 -0.80445176 4.9416323 39.149986
2756 0.34476504 4.7500963 40.107666
2779 1.0342951 5.7843914 29.57318
2796 0.45968673 7.6231384 18.157625
2816 -0.11492168 6.7803793 11.032481
2836 -1.685518 5.363012 7.929596
2856 -2.183512 4.2904096 3.4476504
2876 -1.8770541 4.2904096 -2.4899697
2896 -1.1875241 4.4819455 -6.2823853
2916 -0.5746084 3.9456444 -7.469909
2936 -0.7278373 3.9456444 -7.967903
2956 -0.842759 3.5625722 -7.776367
2976 -0.6512229 2.873042 -7.6614456
2996 -0.8810662 2.9113493 -8.504205
3016 -1.1492168 3.371036 -8.389283
3036 -0.9959879 2.9113493 -5.363012
3056 -1.1109096 3.3327289 -0.4213795
3076 -0.5363012 3.8307228 14.709975
3097 0.38307226 4.175488 28.30904
3116 0.038307227 5.4779334 38.115692
3136 0.11492168 6.5122285 41.295193
3156 0.49799395 6.4739213 34.591427
3176 -0.38307226 7.469909 21.758505
3198 -1.7621324 7.086837 11.683704
3216 -3.1411927 6.0525417 4.0222588
3236 -4.2904096 5.171476 -0.80445176
3256 -3.4093432 4.060566 -3.86903
3276 -1.9919758 3.3327289 -6.090849
3298 -0.842759 3.217807 -7.699753
3316 0.30645782 2.9113493 -9.002198
3336 0.91937345 2.4899697 -10.228029
3356 0.9959879 1.8387469 -9.5385
3376 0.19153613 1.9919758 -8.810662
3396 -0.4213795 2.1068976 -7.201759
3416 -0.91937345 2.1068976 -2.834735
3436 -1.2641385 2.873042 4.213795
3456 -0.6512229 3.6391866 14.671668
3476 -0.6512229 3.6008794 31.450233
3496 -1.4939818 5.171476 41.3335
3517 -2.2601264 7.201759 37.88585
3536 -1.8004397 8.197746 27.77274
3556 -1.1875241 8.542512 18.004396
3576 -1.0342951 6.6271505 11.300632
3596 -2.2984335 5.2863975 6.5122285
3652 -2.834735 4.3287168 -1.532289
3653 -1.532289 4.0222588 -5.209783
3662 -0.2681506 3.4093432 -6.2823853
3676 0.19153613 3.0262709 -6.205771
3696 0.45968673 2.9879637 -6.7803793
3720 0.22984336 2.873042 -7.469909
3736 0.15322891 2.4516625 -6.9719152
3756 0.34476504 2.0685902 -5.66947
3776 0.19153613 2.2601264 -3.2561142
3796 -0.30645782 3.4859576 2.1068976
3816 -1.5705963 4.2904096 14.748282
3837 -2.4133554 4.673482 29.534872
3856 -1.4556746 4.9799395 39.149986
3877 -0.8810662 5.66947 37.043087
3896 -0.5746084 7.240066 26.54691
3916 -0.7661445 8.121132 16.587029
3938 -0.842759 6.8186865 10.879252
3956 -1.5705963 5.746084 6.6654577
3976 -2.1452048 5.0182467 2.528277
3996 -1.6472107 4.596867 -0.5363012
4016 -0.7661445 4.098873 -2.6048915
4038 -0.45968673 3.86903 -4.2904096
4056 -0.19153613 3.6391866 -5.0182467
4076 0.038307227 3.064578 -4.903325
4096 0.11492168 2.9113493 -5.209783
4117 -0.34476504 3.064578 -5.66947
4139 -0.7661445 2.834735 -4.1371803
4159 0.22984336 1.5705963 -0.45968673
4176 -0.2681506 2.2601264 3.5625722
4196 -0.91937345 3.5625722 12.947843
4216 -0.38307226 3.9073372 28.6155
4236 0.5746084 3.8307228 42.482716
4256 0.61291564 3.7541082 41.8698
4276 -0.2681506 5.707777 29.84133
4296 -1.9536686 7.5848308 16.74026
4316 -2.336741 7.393295 7.8529816
4336 -2.719813 5.8226986 5.0182467
4356 -3.2944214 4.2521024 2.9113493
4376 -3.1794999 3.4476504 0.038307227
4396 -2.0685902 3.1794999 -2.9113493
4416 -1.0342951 2.9879637 -4.711789
4436 -0.5363012 3.064578 -5.363012
4457 -0.45968673 2.834735 -5.171476
4476 -0.5746084 2.4133554 -5.094861
4496 -1.1109096 2.4899697 -5.439626
4516 -2.2601264 3.1028855 -5.631162
4536 -2.9113493 3.4476504 -4.4436383
4557 -2.9113493 2.873042 -1.2641385
4576 -3.0262709 2.7581203 4.673482
4596 -3.6774938 3.8307228 12.564771
4616 -3.8307228 4.060566 26.585217
4636 -3.7541082 4.5202527 38.345535
4658 -2.2984335 4.711789 39.49475
4676 -0.4213795 5.707777 29.726408
4696 -0.076614454 7.5082164 13.254301
4717 -0.45968673 6.588843 7.929596
4737 -1.5705963 5.592855 4.711789
4759 -2.1068976 4.865018 1.8770541
4776 -1.8387469 4.175488 -0.5746084
4796 -1.3024458 3.9839516 -2.4899697
4816 -0.80445176 3.9839516 -4.1371803
4836 -0.2681506 3.5625722 -5.439626
4856 -0.4213795 3.4093432 -6.0142345
4876 -0.842759 3.1411927 -6.205771
4896 -1.532289 2.873042 -6.090849
4916 -2.030283 2.6431987 -5.592855
4936 -1.8770541 1.685518 -3.6391866
4956 -1.4939818 1.2641385 -0.5363012
4976 -1.5705963 1.340753 9.040505
4996 -1.8004397 0.45968673 27.313053
5016 -0.8810662 0.34476504 40.375816
5036 -0.5363012 2.030283 40.222588
5056 1.685518 4.5202527 27.77274
5077 1.0726024 7.929596 17.00841
5096 -0.30645782 8.121132 12.373235
5116 -2.528277 7.1251445 10.534488
5136 -4.2904096 6.5122285 7.1634517
5156 -5.171476 6.167464 2.873042
5178 -4.2904096 5.899313 -0.38307226
5196 -3.0262709 5.0182467 -2.336741
5216 -2.030283 3.9073372 -2.834735
5237 -1.8387469 3.6391866 -3.6391866
5256 -2.183512 3.8307228 -4.865018
5278 -2.681506 4.0222588 -5.899313
5296 -2.3750482 3.217807 -5.0182467
5316 -1.685518 1.9153614 -2.9113493
5336 -1.4939818 1.340753 -0.2681506
5356 -1.532289 1.532289 3.9456444
5376 -1.1875241 2.2601264 11.722012
5396 -1.2641385 2.681506 22.639572
5416 -3.2944214 3.1411927 34.897884
5436 -3.6774938 4.060566 38.460457
5456 -1.532289 5.363012 29.917944
5476 -0.30645782 7.2783732 19.306843
5496 -0.2681506 7.201759 13.67568
5516 -1.0342951 6.0525417 10.764331
5536 -2.1068976 5.3247046 8.00621
5556 -2.3750482 4.8267107 4.1371803
5577 -2.2601264 4.7500963 0.842759
5597 -2.1068976 4.6351743 -0.9959879
5616 -1.8770541 4.2904096 -1.9919758
5636 -1.7621324 4.2521024 -2.7964275
5656 -1.4939818 4.1371803 -3.6008794
5676 -1.532289 3.8307228 -3.86903
5697 -1.5705963 3.5625722 -4.213795
5716 -1.7621324 3.4476504 -5.094861
5736 -1.532289 2.6431987 -5.707777
5756 -1.1109096 1.9153614 -2.4899697
5776 -0.7661445 2.183512 4.9799395
5798 1.0726024 0.8810662 16.778566
5816 2.0685902 1.4939818 23.405716
5836 0.6512229 4.3287168 26.202143
5856 -0.6895301 5.707777 30.837318
5876 -1.1875241 5.631162 31.182083
5899 -0.9576807 6.205771 24.823084
5916 -0.8810662 6.8569937 17.046717
5936 -0.842759 6.435614 10.496181
5956 -0.9959879 5.861006 5.899313
5976 -1.6089035 5.094861 3.217807
5996 -1.9919758 4.673482 1.3024458
6017 -2.1452048 4.596867 -0.842759
6036 -1.7621324 4.6351743 -2.681506
6056 -1.1875241 4.3287168 -3.7924154
6076 -0.91937345 3.7924154 -3.86903
6096 -0.6512229 3.064578 -3.2944214
6116 -0.38307226 2.4899697 -3.6008794
6136 -0.5746084 2.681506 -4.6351743
6156 -0.7278373 2.6431987 -4.2521024
6176 -0.15322891 1.4939818 -0.8810662
6196 -0.11492168 1.6089035 3.6008794
6217 0.2681506 2.4516625 11.492168
6237 -0.11492168 3.064578 27.925968
6256 -2.6431987 4.4819455 41.02704
6276 -3.1794999 5.861006 40.414124
6296 0.11492168 7.5465236 22.486341
6317 1.9153614 7.0102224 12.641385
6336 1.1875241 5.746084 7.6614456
6356 -1.340753 4.711789 4.596867
6376 -3.371036 4.2904096 1.9919758
6396 -3.6008794 4.098873 -1.0726024
6418 -2.681506 3.9456444 -3.064578
6436 -2.183512 3.6391866 -4.098873
6456 -2.1068976 3.5625722 -4.2904096
6476 -1.9153614 3.217807 -4.0222588
6496 -1.7238252 3.064578 -4.3287168
6516 -1.6472107 3.1411927 -4.7884035
6536 -2.3750482 3.2944214 -4.865018
6556 -2.7581203 2.9496565 -2.6048915
6576 -1.2258313 1.532289 2.4516625
6596 0.38307226 1.0726024 7.6614456
6616 -0.038307227 3.2561142 13.292608
6636 -2.1452048 4.5202527 26.355371
6656 -3.5242648 3.9456444 39.188293
6676 -1.3790601 4.4436383 36.813244
6696 -0.2681506 5.8226986 26.278757
6716 0.19153613 6.9719152 16.050728
6737 -0.5746084 6.435614 11.530476
6756 -2.1452048 5.5162406 8.963891
6776 -3.064578 5.133168 5.209783
6796 -3.3327289 5.171476 1.7621324
6816 -2.566584 4.7500963 -1.2641385
6837 -2.1068976 4.4819455 -2.6048915
6857 -1.685518 4.175488 -3.064578
6876 -1.1109096 3.7924154 -2.9496565
6896 -0.7278373 3.4476504 -3.4476504
6916 -0.45968673 3.064578 -4.0222588
6938 -0.9576807 3.1028855 -4.5202527
6956 -1.4939818 3.1028855 -4.7884035
6976 -1.4556746 2.7964275 -3.3327289
6996 -0.45968673 2.0685902 0.842759
7016 0.38307226 1.6472107 8.312668
7036 0.038307227 1.8770541 19.268536
7056 -2.3750482 3.7924154 30.032866
7076 -3.064578 5.056554 36.430172
7096 -1.2258313 5.8226986 33.174057
7116 -0.30645782 6.9719152 24.899698
7137 0.34476504 7.1251445 17.085024
7156 -0.6512229 6.397307 11.760319
7176 -2.183512 5.746084 7.0485296
7196 -3.217807 5.4779334 2.9113493
7216 -3.1794999 5.133168 0.4213795
7236 -2.719813 4.903325 -1.1875241
7256 -1.6472107 4.6351743 -2.183512
7276 -0.7278373 4.405331 -2.719813
7296 -0.19153613 4.0222588 -2.719813
7316 0.076614454 3.4093432 -2.566584
7336 -0.22984336 3.4093432 -3.4093432
7357 -0.5746084 3.371036 -4.865018
7376 -1.4939818 3.4859576 -5.056554
7396 -0.91937345 2.3750482 -1.6472107
7417 0.8810662 1.3790601 3.2944214
7436 2.183512 1.4556746 8.6574335
7458 1.340753 3.1411927 15.322891
7476 -1.8770541 5.439626 24.554934
7496 -5.746084 7.5848308 33.825283
7516 -4.903325 7.8912888 34.93619
7536 -2.834735 8.00621 27.734432
7556 -1.1109096 8.121132 18.119318
7576 -1.1875241 7.3166804 11.453861
7596 -2.183512 6.244078 6.8569937
7616 -3.1028855 5.363012 2.719813
7636 -2.873042 4.711789 0.4213795
7656 -2.0685902 4.098873 -1.340753
7676 -1.1875241 3.7541082 -2.566584
7696 -0.5363012 3.371036 -3.064578
7716 0.076614454 2.719813 -2.681506
7736 0.15322891 2.6431987 -3.217807
7756 -0.076614454 2.719813 -4.098873
7776 -0.9576807 2.7964275 -4.596867
7796 -1.4556746 2.681506 -4.9799395
7816 -1.1109096 2.1068976 -3.9839516
7836 -0.11492168 1.532289 -0.19153613
7856 0.49799395 1.2258313 7.5465236
7876 -3.3327289 3.5625722 23.558945
7896 -6.244078 6.244078 31.028854
7917 -5.401319 6.3589997 35.012806
7936 -2.4516625 6.167464 31.718384
7956 -1.0342951 7.1634517 22.562958
7977 -1.5705963 7.3166804 15.820885
7996 -2.3750482 6.244078 11.453861
8016 -2.1068976 4.865018 7.393295
8036 -1.8387469 4.175488 3.3327289
8056 -1.1492168 3.7541082 -0.076614454
8076 -0.4213795 3.7924154 -2.9879637
8096 -0.30645782 3.86903 -4.4436383
8116 -0.19153613 3.7541082 -5.439626
8136 -0.15322891 3.3327289 -5.66947
8156 -0.22984336 2.9113493 -5.554548
8176 -0.30645782 2.7581203 -5.707777
8196 -0.5363012 2.719813 -5.861006
8216 -1.0342951 2.2984335 -4.367024
8236 -0.5363012 1.3790601 -0.4213795
8256 0.45968673 0.842759 6.742072
8276 -0.8810662 2.0685902 18.464083
8296 -3.1794999 3.4093432 30.68409
8316 -5.2863975 4.711789 36.660015
8337 -2.566584 5.056554 32.98252
8356 -0.2681506 6.397307 23.48233
8376 -0.22984336 7.393295 16.663643
8397 -2.183512 6.205771 12.143391
8416 -3.1794999 5.66947 8.42759
8436 -2.6431987 4.9799395 4.865018
8456 -1.685518 4.2521024 1.7238252
8476 -1.0726024 4.0222588 -0.6895301
8497 -0.9576807 4.0222588 -2.528277
8516 -0.842759 4.0222588 -4.2521024
8536 -0.2681506 3.6008794 -5.133168
8556 -0.15322891 3.4093432 -5.746084
8576 -0.30645782 2.9879637 -5.9759274
8598 -0.6895301 2.6048915 -5.2863975
8616 -0.8810662 2.2984335 -3.9839516
8636 -0.34476504 1.8770541 -0.49799395
8657 0.30645782 1.6089035 6.244078
8676 -0.38307226 1.8770541 17.429789
8696 -2.9879637 3.6774938 28.577192
8716 -5.0182467 5.5162406 34.897884
8737 -5.0182467 6.5122285 32.216377
8756 -4.5202527 7.5082164 24.938005
8776 -3.4093432 7.8912888 17.736246
8796 -3.715801 7.393295 13.752295
8816 -3.715801 6.090849 9.844957
8836 -3.7541082 5.401319 6.0142345
8856 -3.1028855 4.5202527 2.566584
8876 -1.685518 3.9073372 -0.4213795
8896 -0.6512229 3.6774938 -2.719813
8916 -0.15322891 3.86903 -4.711789
8936 -0.2681506 4.060566 -5.3247046
8957 -0.11492168 4.1371803 -5.439626
8976 -0.19153613 3.9073372 -5.0182467
8996 -0.076614454 3.371036 -5.2480903
9017 0.22984336 2.6431987 -4.9416323
9036 0.15322891 1.8770541 -3.7541082
9056 -1.1109096 2.1068976 -0.7661445
9076 -0.842759 2.3750482 5.056554
9096 -0.34476504 2.2984335 17.199945
9116 -2.7581203 3.6391866 30.722397
9136 -6.8186865 6.6271505 37.1197
9156 -6.4739213 8.121132 34.246662
9177 -3.4476504 8.504205 25.01462
9196 -1.6472107 8.619126 16.778566
9216 -1.532289 7.3166804 12.105083
9238 -2.1068976 6.0525417 8.542512
9256 -2.528277 5.0182467 4.6351743
9276 -2.1068976 4.405331 1.0342951
9296 -1.0726024 4.0222588 -1.8387469
9316 -0.5363012 3.9073372 -3.5625722
9336 -0.30645782 3.9456444 -4.55856
9356 -0.49799395 3.86903 -5.133168
9376 -0.7661445 3.9073372 -5.209783
9396 -1.0726024 3.86903 -5.66947
9416 -0.9576807 3.4859576 -5.8226986
9437 -0.9576807 2.9113493 -4.4819455
9457 -1.0342951 2.1068976 -1.685518
9476 0.2681506 0.9959879 4.5202527
9496 0.842759 0.80445176 14.595054
9516 -1.1875241 2.4516625 25.359385
9537 -5.0182467 5.3247046 33.25067
9556 -6.244078 7.086837 35.395878
9576 -4.1371803 7.3166804 29.381643
9596 -2.4133554 8.197746 19.958065
9616 -2.4899697 8.121132 13.330915
9636 -3.6774938 7.2783732 9.346964
9656 -4.4819455 6.435614 5.209783
9676 -4.367024 5.746084 1.8770541
9696 -3.1794999 4.8267107 -0.5363012
9716 -2.2601264 4.596867 -2.2984335
9736 -1.4556746 4.4436383 -3.7541082
9756 -0.9959879 4.4819455 -5.094861
9776 -0.9576807 4.367024 -5.439626
9796 -0.8810662 4.098873 -5.5162406
9816 -0.19153613 3.6008794 -5.93762
9836 -0.076614454 3.0262709 -5.861006
9856 -0.30645782 2.4516625 -5.2480903
9876 -0.61291564 1.8770541 -2.2601264
9896 -0.076614454 1.2641385 4.673482
9916 0.038307227 1.4556746 14.250289
9936 -2.2984335 2.566584 27.121517
9956 -6.8186865 5.8226986 33.74867
9976 -8.465898 8.350976 31.756691
9996 -4.2521024 8.082825 22.256498
10016 -1.4939818 7.5465236 14.824897
10036 -1.532289 6.742072 9.998186
10058 -2.1068976 6.205771 6.090849
10076 -2.336741 5.66947 3.4093432
10096 -2.4899697 5.3247046 1.340753
10116 -2.0685902 5.133168 -0.6512229
10136 -1.7621324 5.133168 -2.183512
10158 -1.4556746 5.209783 -3.5242648
10176 -1.4173675 5.056554 -4.060566
10196 -1.2641385 4.7500963 -4.4436383
10216 -0.7661445 4.367024 -4.865018
10236 -0.45968673 3.7541082 -5.2480903
10256 -0.2681506 2.9113493 -5.133168
10276 -0.19153613 1.8770541 -2.2218192
10296 0.15322891 1.4556746 2.030283
10316 1.6089035 0.7278373 9.040505
10336 0.4213795 1.8387469 17.621325
10356 -3.9839516 4.9416323 27.274746
10376 -8.734048 7.8912888 34.323277
10396 -8.159439 8.082825 33.59544
10416 -5.056554 8.00621 25.397692
10436 -2.566584 8.236053 16.931795
10456 -2.0685902 7.2783732 11.683704
10476 -2.6048915 6.129156 7.967903
10496 -3.1028855 4.9416323 3.0262709
10516 -2.834735 4.4819455 -0.038307227
10536 -1.8770541 4.2521024 -2.2601264
10556 -1.0726024 4.0222588 -3.6008794
10577 -0.45968673 3.8307228 -4.060566
10596 -0.076614454 3.4476504 -4.0222588
10616 0.15322891 3.1411927 -4.6351743
10636 -0.076614454 3.4859576 -5.5162406
10656 -0.5363012 3.6391866 -5.5162406
10678 -0.34476504 2.834735 -4.8267107
10696 0.11492168 1.6472107 -3.6008794
10716 0.19153613 1.1492168 -0.38307226
10736 0.61291564 1.0342951 5.2480903
10756 -1.1492168 1.340753 17.123331
10776 -7.1634517 4.2521024 28.998571
10796 -11.836933 7.73806 34.9745
10816 -10.840945 8.465898 33.97851
10836 -5.66947 7.469909 25.70415
10856 -2.7964275 7.5465236 16.472107
10876 -2.4516625 7.0485296 10.764331
10896 -2.719813 6.0525417 7.5082164
10916 -2.9113493 5.171476 4.596867
10936 -2.3750482 4.711789 1.5705963
10956 -1.6089035 4.5202527 -0.61291564
10976 -0.80445176 4.1371803 -1.4556746
10996 -0.22984336 4.060566 -2.2601264
11016 0.22984336 3.8307228 -3.064578
11036 0.4213795 3.6008794 -3.5625722
11056 0.19153613 3.6391866 -4.405331
11077 -0.61291564 3.8307228 -4.7884035
11097 -1.2258313 3.4476504 -5.2480903
11116 -1.9153614 3.1411927 -3.371036
11136 -1.6472107 2.681506 -0.5363012
11156 0.0 1.9919758 5.631162
11176 0.15322891 1.7621324 15.74427
11196 -2.9113493 3.4476504 27.427975
11216 -6.3589997 5.861006 34.66804
11236 -6.6654577 6.6271505 35.5108
11256 -3.1794999 6.244078 27.121517
11276 -1.1492168 6.9719152 17.506403
11296 -0.7278373 6.703765 11.492168
11316 -1.532289 5.899313 8.159439
11336 -2.3750482 5.401319 5.133168
11356 -1.9536686 4.903325 2.4899697
11376 -0.91937345 4.175488 0.61291564
11396 -0.5746084 4.060566 -1.1492168
11416 -0.6895301 4.367024 -2.681506
11436 -0.6512229 4.596867 -4.060566
11456 -0.7278373 4.6351743 -5.0182467
11476 -1.1875241 4.5202527 -5.7843914
11497 -1.6472107 4.2904096 -5.746084
11517 -2.0685902 3.9456444 -4.711789
11536 -1.8770541 3.6008794 -3.7924154
11556 -1.1109096 3.217807 2.4899697
11576 -0.11492168 2.1068976 12.947843
11596 -1.2641385 2.834735 24.708162
11618 -4.711789 5.5162406 32.790985
11636 -5.746084 6.8186865 35.549107
11656 -2.9879637 6.129156 29.956251
11676 -0.6512229 6.205771 20.762518
11696 0.038307227 6.244078 13.522451
11716 -0.38307226 5.66947 8.695741
11736 -0.9959879 4.903325 5.094861
11756 -1.685518 4.865018 1.9153614
11776 -1.7621324 4.8267107 -0.61291564
11796 -1.2641385 4.865018 -2.030283
11817 -0.6895301 4.673482 -2.7964275
11836 -0.61291564 4.8267107 -3.8307228
11856 -0.34476504 4.711789 -4.367024
11876 -0.38307226 4.55856 -4.865018
11896 -0.45968673 4.367024 -5.7843914
11916 -0.7278373 3.86903 -6.244078
11936 -1.4939818 3.4476504 -5.707777
11956 -1.9919758 2.873042 -4.2521024
11976 -1.532289 2.030283 -0.7661445
11996 0.11492168 1.0342951 4.673482
12016 0.91937345 1.6089035 12.909535
12037 -3.064578 2.6431987 28.232426
12056 -7.3166804 4.5202527 41.75488
12076 -6.5505357 6.205771 35.5108
12096 -2.4133554 7.1634517 21.68189
12116 -0.49799395 6.8186865 12.29662
12138 -0.9576807 5.93762 8.00621
12156 -2.030283 4.9799395 5.66947
12176 -2.9113493 4.9799395 2.528277
12200 -2.4516625 4.8267107 0.038307227
12216 -1.0726024 4.4819455 -1.5705963
12238 -0.2681506 4.3287168 -2.336741
12256 -0.49799395 4.4436383 -2.7581203
12276 -0.7661445 4.55856 -3.6008794
12296 -1.0726024 4.55856 -4.175488
12316 -1.3024458 4.6351743 -4.903325
12336 -1.6089035 4.367024 -5.5162406
12357 -2.183512 4.213795 -5.5162406
12376 -2.4899697 3.6774938 -3.3327289
12396 -1.7621324 3.1411927 1.1492168
12416 0.5746084 2.030283 10.0748005
12436 1.4556746 1.8770541 21.796812
12456 -1.340753 3.6774938 33.097443
12476 -4.9799395 6.3589997 37.31124
12496 -5.056554 7.469909 31.64177
12516 -2.6431987 7.5465236 21.528662
12536 -0.6512229 6.895301 13.177686
12557 -0.49799395 5.9759274 8.42759
12576 -1.7238252 5.631162 5.401319
12596 -2.6048915 5.2480903 2.6431987
12616 -2.1068976 4.865018 0.91937345
12636 -1.1109096 4.7500963 -0.6895301
12658 -0.19153613 4.3287168 -1.8387469
12676 0.22984336 4.1371803 -2.681506
12696 0.11492168 4.1371803 -3.371036
12716 -0.45968673 4.213795 -4.175488
12736 -1.1875241 4.5202527 -5.746084
12756 -1.6472107 4.673482 -6.742072
12776 -1.6089035 4.098873 -6.435614
12796 -1.4556746 2.9496565 -4.2521024
12816 -1.7621324 2.566584 -1.4556746
12836 -1.9536686 2.834735 3.0262709
12856 -0.19153613 2.4516625 12.641385
12876 -0.9576807 2.4516625 29.036879
12896 -4.5202527 4.7500963 40.950424
12916 -4.7884035 6.703765 39.91613
12936 -1.685518 7.3166804 27.427975
12956 0.19153613 7.929596 15.47612
12976 -1.0342951 7.6231384 9.232041
12996 -2.9496565 6.588843 6.435614
13016 -4.405331 6.205771 3.6008794
13036 -4.3287168 5.861006 1.1109096
13056 -2.9113493 5.3247046 -0.34476504
13077 -1.7238252 4.6351743 -0.5363012
13096 -0.5363012 4.0222588 -0.7661445
13116 0.15322891 3.7541082 -2.1068976
13136 -0.2681506 4.060566 -3.0262709
13156 -0.4213795 4.5202527 -5.439626
13177 -1.1109096 4.711789 -6.703765
13196 -1.8004397 4.2521024 -6.4739213
13216 -1.8770541 2.9879637 -5.209783
13236 -1.9536686 2.2218192 -2.566584
13257 -2.528277 3.1411927 0.34476504
13276 -1.1875241 2.3750482 8.848969
13296 -0.076614454 0.61291564 26.470293
13316 -1.9153614 1.9919758 37.6177
13336 -4.9416323 5.592855 37.84754
13356 -3.715801 6.7803793 31.22039
13376 -1.6089035 6.9719152 22.064962
13396 -1.340753 6.933608 15.284584
13416 -1.9153614 5.9759274 10.840945
13437 -2.528277 5.363012 7.086837
13456 -1.8004397 4.673482 2.7581203
13476 -0.7661445 4.213795 -0.5746084
13496 -0.6895301 4.175488 -2.6431987
13516 -0.91937345 4.3287168 -3.9839516
13536 -1.4939818 4.7500963 -5.363012
13556 -1.532289 4.9416323 -6.5505357
13576 -1.0342951 4.673482 -6.8569937
13598 -0.8810662 4.4436383 -6.3589997
13616 -1.0726024 4.405331 -6.6654577
13636 -2.2601264 3.6391866 -4.4436383
13656 -2.6048915 3.6774938 -0.5363012
13676 -2.3750482 3.5625722 8.504205
13697 -2.719813 2.9879637 27.964275
13716 -3.6774938 3.4859576 43.24886
13736 -3.6391866 5.094861 41.48673
13756 -0.6895301 6.2823853 28.232426
13776 1.4173675 7.086837 17.00841
13797 1.532289 6.0142345 11.33894
13816 0.11492168 4.9416323 7.6231384
13836 -1.3024458 4.55856 3.371036
13856 -1.9919758 4.7500963 -0.61291564
13876 -1.6472107 4.6351743 -3.1028855
13896 -1.3024458 4.596867 -4.405331
13916 -1.0342951 4.6351743 -5.5162406
13936 -0.91937345 4.673482 -6.0142345
13956 -1.0726024 4.4436383 -6.6271505
13976 -1.1875241 4.673482 -7.3549876
13996 -1.2258313 4.213795 -7.086837
14016 -1.1875241 3.371036 -5.4779334
14036 -0.6895301 2.4516625 -2.336741
14056 -0.38307226 1.9919758 1.9153614
14076 0.11492168 1.9536686 10.381259
14096 -0.34476504 1.6089035 25.359385
14116 -3.9839516 4.0222588 37.34955
14137 -7.201759 6.5505357 39.954437
14156 -5.746084 7.699753 31.411926
14176 -0.5746084 7.6614456 15.246277
14196 -1.2641385 6.933608 10.611102
14216 -3.4093432 6.742072 6.6271505
14236 -4.4436383 6.4739213 2.6431987
14256 -3.4859576 5.707777 0.15322891
14276 -1.9536686 4.865018 -1.2641385
14296 -0.91937345 4.4819455 -2.0685902
14317 -0.5363012 4.55856 -3.3327289
14336 -0.7278373 4.903325 -4.7500963
14356 -0.5363012 4.9799395 -6.0525417
14376 -0.45968673 4.7500963 -6.588843
14396 -0.38307226 4.098873 -6.2823853
14416 -0.34476504 3.2561142 -5.631162
14436 0.11492168 2.030283 -4.2521024
14456 -0.11492168 2.030283 -2.7964275
14476 -0.6895301 2.566584 0.7661445
14496 -1.1875241 2.4899697 13.177686
14516 -2.7964275 4.060566 28.117504
14536 -4.8267107 6.0525417 37.84754
14556 -6.0142345 8.350976 38.077385
14576 -3.715801 9.308656 27.61951
14596 -0.842759 9.691729 15.629349
14620 0.0 8.121132 10.496181
14636 -1.4173675 6.8186865 8.197746
14656 -3.064578 6.2823853 4.6351743
14676 -3.4093432 5.592855 1.6089035
14696 -2.030283 4.405331 -2.6048915
14716 -0.9576807 4.098873 -3.9456444
14737 -0.6895301 4.098873 -5.2480903
14756 -0.9576807 4.367024 -6.435614
14776 -0.8810662 4.2521024 -7.0102224
14796 -0.45968673 3.6774938 -6.9719152
14816 -0.22984336 3.0262709 -5.707777
14837 -0.076614454 2.3750482 -4.4436383
14856 -0.842759 2.6048915 -3.5242648
14877 -1.8004397 2.7581203 0.7661445
14896 -2.0685902 1.9153614 10.419566
14916 -2.719813 2.9879637 21.528662
14936 -4.4819455 5.9759274 34.28497
14956 -5.401319 7.469909 40.107666
14976 -4.7500963 8.42759 32.407913
14996 -3.064578 9.768343 19.804836
15017 -1.0726024 8.887277 12.334928
15039 -1.1109096 7.201759 9.346964
15056 -2.1452048 6.244078 6.0142345
15077 -2.2984335 5.439626 2.6431987
15096 -1.340753 4.55856 0.49799395
15116 -0.22984336 4.1371803 -1.6089035
15136 0.49799395 3.9073372 -3.2944214
15156 0.7661445 3.9073372 -4.55856
15176 0.5746084 3.9839516 -5.2863975
15196 0.4213795 3.9839516 -6.205771
15217 -0.30645782 4.060566 -6.9719152
15236 -0.7278373 3.6774938 -6.8569937
15257 -0.5746084 2.7581203 -4.903325
15276 -1.1492168 2.336741 -2.183512
15296 -1.9919758 2.9879637 2.681506
15316 -1.6472107 3.0262709 13.905523
15336 -3.6391866 3.8307228 30.607475
15356 -5.707777 5.93762 38.996758
15376 -6.129156 7.1251445 36.46848
15396 -3.86903 8.121132 24.899698
15416 -1.7621324 8.810662 14.939818
15436 -0.91937345 7.6614456 10.342952
15456 -1.340753 6.435614 7.3549876
15476 -2.719813 6.0525417 4.098873
15496 -3.1411927 6.0142345 0.7661445
15516 -2.4516625 5.7843914 -1.6089035
15536 -1.2258313 5.363012 -3.371036
15556 -0.076614454 4.8267107 -4.2904096
15576 0.5746084 4.367024 -4.7884035
15596 0.6512229 3.9839516 -4.903325
15616 0.38307226 3.8307228 -5.401319
15636 -0.11492168 3.7924154 -5.592855
15656 -0.30645782 3.2944214 -4.7884035
15676 -0.076614454 2.4899697 -2.834735
15696 -0.5363012 1.9536686 0.8810662
15717 -0.9959879 2.4133554 8.810662
15736 -4.865018 5.2863975 27.006596
15756 -6.4739213 6.167464 34.9745
15777 -5.439626 6.4739213 33.48052
15796 -2.6431987 7.0102224 25.129541
15816 -1.3790601 7.5082164 17.96609
15836 -0.8810662 7.1251445 12.794614
15856 -1.3024458 6.3206925 9.653421
15876 -2.2218192 6.129156 6.129156
15896 -2.3750482 5.899313 3.0262709
15916 -1.8387469 5.66947 0.6512229
15936 -1.4939818 5.3247046 -1.2258313
15956 -1.1492168 5.3247046 -2.9496565
15977 -0.61291564 5.056554 -4.2904096
15996 -0.076614454 4.4819455 -5.171476
16016 0.2681506 3.86903 -5.899313
16036 0.30645782 3.4093432 -6.205771
16056 -0.22984336 2.9879637 -5.93762
16076 -0.61291564 2.834735 -5.554548
16097 -0.7278373 2.4899697 -3.86903
16116 -0.34476504 2.1068976 -0.8810662
16136 -0.7278373 1.6089035 6.8186865
16156 -3.6391866 2.7964275 20.532673
16176 -6.8569937 4.2904096 33.901897
16197 -7.776367 4.7884035 41.21858
16216 -5.592855 5.171476 36.123714
16236 -3.4093432 6.244078 24.669855
16256 -2.4899697 7.1251445 15.552734
16276 -2.1452048 6.5505357 6.703765
16297 -2.183512 5.746084 4.098873
16316 -2.1068976 4.865018 2.4899697
16336 -1.8770541 4.4819455 0.15322891
16356 -1.2258313 4.175488 -2.1068976
16376 -0.5746084 4.213795 -3.8307228
16398 0.038307227 4.2904096 -5.2480903
16417 0.61291564 4.175488 -6.588843
16436 0.9959879 3.9839516 -8.0445175
16456 0.842759 3.9839516 -8.695741
16476 0.2681506 4.098873 -7.8529816
16496 -0.45968673 4.0222588 -6.3589997
16518 -1.685518 3.7924154 0.0
16536 -4.55856 2.7964275 12.871228
16556 -7.8912888 3.6774938 21.452047
16576 -7.431602 4.2521024 22.984337
16596 -5.401319 2.3750482 28.768728
16616 -2.4133554 2.3750482 24.17186
16636 -1.9536686 4.367024 15.859192
16656 -2.1068976 5.9759274 9.80665
16676 -1.6472107 5.93762 6.3206925
16696 -1.8004397 5.592855 5.094861
16716 -1.7621324 5.2863975 4.367024
16736 -1.4173675 5.171476 3.6391866
16756 -1.340753 5.171476 3.715801
16776 -1.4556746 4.9416323 4.4436383
16796 -0.6512229 3.9073372 6.933608
16817 -0.6895301 3.9839516 7.8529816
16836 -1.3790601 4.3287168 8.504205
16856 -1.9919758 4.9416323 8.542512
16877 -2.2984335 4.9416323 8.887277
16896 -1.4939818 4.2904096 9.653421
16916 -0.91937345 4.175488 9.193734
16936 -1.4939818 4.865018 8.121132
16956 -1.8004397 5.2863975 7.5848308
16976 -1.3790601 4.903325 8.389283
16996 -0.9959879 4.711789 8.580819
17016 -0.9576807 4.596867 8.236053
17036 -1.2258313 4.9416323 8.082825
17056 -1.6089035 4.9799395 8.121132
17076 -1.5705963 4.7500963 8.350976
17096 -1.5705963 4.7500963 8.619126
17116 -1.7238252 4.711789 8.389283
17136 -1.532289 4.865018 7.967903
17156 -1.685518 4.6351743 9.232041
17176 -1.532289 5.0182467 5.592855
17202 -2.2601264 4.9799395 7.3166804
17221 -1.9919758 4.9416323 8.734048
17423 -1.4556746 4.7500963 8.197746
17423 -1.5705963 4.9799395 8.082825
17423 -1.532289 4.903325 8.197746
17423 -1.6089035 5.056554 8.00621
17423 -1.3024458 4.9799395 7.776367
17423 -1.1492168 4.7884035 8.465898
17423 -1.1875241 4.673482 8.236053
17423 -1.3790601 4.7884035 8.0445175
17423 -1.4556746 4.9416323 7.6231384
17423 -1.4939818 4.9799395 7.431602
17440 -1.5705963 4.9416323 7.2783732
17459 -1.4939818 4.7884035 7.240066
17477 -1.5705963 4.903325 7.469909
17496 -1.3790601 4.7884035 7.393295
17545 -1.532289 4.673482 7.6614456
17545 -1.685518 4.7884035 7.5848308
17558 -1.7238252 4.9416323 7.73806
17576 -1.7238252 4.903325 7.8146744
17596 -1.8004397 5.0182467 7.8529816
17616 -1.8387469 4.9799395 7.8146744
17636 -1.8770541 4.903325 8.389283
17673 -1.6472107 4.903325 8.580819
17676 -1.6472107 5.2480903 7.967903
17696 -1.6089035 5.2863975 7.5465236
17716 -1.5705963 5.056554 7.967903
17745 -1.340753 4.7884035 8.734048
17756 -0.9959879 4.673482 9.193734
17776 -0.80445176 4.8267107 8.6574335
17796 -0.6512229 5.0182467 8.542512
17816 -0.4213795 5.094861 8.772355
17836 -0.22984336 4.7884035 8.925584
17856 -0.30645782 4.673482 8.772355
17876 -0.6512229 4.711789 9.078813
17896 -0.6512229 4.9416323 8.810662
17916 -1.1492168 5.133168 8.082825
17936 -1.5705963 5.133168 8.121132
17957 -1.2258313 4.6351743 8.350976
