1135 3.1714263
1156 3.0573359
1176 2.961535
1196 2.8457031
1219 2.7464187
1239 2.5809448
1256 2.3841174
1277 2.1480994
1297 1.9451759
1319 1.809748
1338 1.6812881
1359 1.594632
1385 1.5297488
1418 1.4827193
1420 1.4426571
1441 1.3546947
1463 1.2458302
1483 1.0755662
1501 0.91314024
1523 0.781632
1543 0.6588328
1559 0.57653123
1579 0.5760958
1599 0.6109325
1620 0.6309637
1639 0.64185023
1660 0.58480513
1680 0.50947094
1700 0.54996854
1720 0.56259686
1741 0.55998415
1760 0.59873986
1780 0.63444746
1800 0.60352993
1822 0.5821924
1841 0.5203574
1863 0.44328126
1881 0.48726255
1901 0.60091704
1922 0.70760435
1979 0.8330162
1979 0.8931094
1991 0.8896258
2011 0.8848358
2033 0.8783039
2044 0.7585529
2062 0.6941051
2082 0.78293854
2103 0.8626274
2123 0.9275107
2143 0.92925245
2163 0.9166241
2183 0.9693146
2204 1.0490034
2223 1.109532
2244 1.1391431
2264 1.2449595
2284 1.3978053
2304 1.5658921
2324 1.6843365
2344 1.6024708
2365 1.5153791
2385 1.5484738
2405 1.8397954
2425 2.2722054
2445 2.7551286
2465 3.256341
2485 3.7989218
2506 4.003587
2527 4.094162
2546 4.156868
2566 4.385048
2586 4.5997286
2606 4.7112064
2626 4.4525437
2646 3.8681593
2667 3.2384865
2687 2.9645836
2707 3.0185804
2727 3.2062628
2748 3.076061
2767 2.8065124
2787 2.4603233
2808 2.1607282
2828 1.9033723
2848 1.7243991
2868 1.7161254
2888 1.7213509
2910 1.4326419
2929 0.78947014
2949 0.18461886
2969 -0.25040385
2989 -0.5761266
3010 -0.8243377
3030 -1.0311803
3049 -0.7241823
3071 0.17503886
3090 0.8674173
3113 1.1056129
3130 0.93709064
3150 0.5830632
3170 0.34443226
3190 0.35706055
3212 0.5443075
3231 0.8935448
3255 1.3281322
3271 1.2436534
3291 0.5059871
3314 -0.041383658
3332 -0.1868267
3353 0.0025975488
3373 0.43021736
3392 0.8717719
3413 1.1961882
3433 1.4065145
3453 1.4587693
3474 1.3411956
3496 1.2223157
3515 1.2027199
3534 1.1988008
3557 1.2297183
3573 1.2231865
3594 1.0694699
3618 0.9035603
3636 0.82909685
3655 0.900512
3676 0.9741045
3695 1.0198276
3716 0.9745398
3736 0.90181834
3757 0.8791745
3780 0.95058954
3796 1.1221601
3817 1.2976497
3836 1.3821286
3856 1.4056433
3876 1.3699359
3898 1.3708067
3920 1.4413509
3940 1.5854875
3959 1.66387
3979 1.6203243
3997 1.4400445
4020 1.1983653
4037 1.0942909
4057 1.1247729
4078 1.210558
4106 1.2353792
4119 1.1739796
4138 1.060325
4158 0.92794573
4183 0.8791744
4202 0.9579924
4220 1.0834044
4240 1.2083808
4259 1.2493138
4279 1.2053325
4302 1.1064836
4320 1.075566
4342 1.1591741
4360 1.2632486
4380 1.3067944
4402 1.2597649
4433 1.1178056
4447 0.9889099
4467 0.95189595
4480 0.9196721
4504 0.89615744
4524 0.9105276
4541 0.88701284
4563 0.7885992
4581 0.7502789
4608 0.82082313
4622 0.931865
4641 1.0302786
4662 1.0751308
4681 1.0381168
4703 1.0664216
4721 1.1813825
4741 1.2745706
4762 1.3150682
4782 1.3342285
4803 1.2819736
4823 1.2275412
4843 1.18835
4863 1.1957527
4883 1.203591
4904 1.208381
4924 1.17877
4943 1.1400142
4963 1.0542289
4983 1.0206987
5004 1.0111185
5024 1.037246
5044 1.0908073
5064 1.1918336
5084 1.2031554
5104 1.1326112
5125 1.0542287
5145 1.0341976
5165 1.0550996
5186 1.1247728
5205 1.1874788
5226 1.2201381
5246 1.184866
5265 1.0607605
5286 0.91444665
5306 0.8817873
5326 0.978459
5346 1.1317403
5366 1.2636843
5386 1.2750062
5406 1.177899
5428 1.0198277
5447 0.8996413
5467 0.8634983
5488 0.90965676
5507 0.9945711
5528 1.0799209
5548 1.1021293
5568 1.0655508
5588 0.9754109
5609 0.93012327
5628 0.98281366
5648 1.0751308
5668 1.1517714
5688 1.1509004
5709 1.0816627
5729 0.9967483
5749 0.9262041
5769 0.8809164
5791 0.8778683
5810 0.8613209
5830 0.83301616
5850 0.79077667
5871 0.7933894
5891 0.81733966
5910 0.8029696
5930 0.74156994
5950 0.67407393
5971 0.58132136
5992 0.45460302
6011 0.34530294
6031 0.36446303
6051 0.50511605
6072 0.78903484
6092 1.1186767
6112 1.4774941
6132 2.0549116
6152 2.909716
6173 3.538082
6193 3.9643953
6212 4.1259503
6233 4.06368
6253 3.4348783
6273 2.2086282
6294 0.63314056
6313 -1.1030307
6334 -2.9228103
6354 -4.579293
6374 -5.935309
6395 -6.869803
6414 -7.2116375
6435 -1.0220364
6454 1.35513
6475 2.5373986
6496 2.7124536
6515 2.7612245
6535 2.921038
6555 3.5838037
6575 3.5363395
6596 3.851175
6616 5.211547
6636 6.1591034
6656 -0.15286073
6676 -2.93239
6699 -4.2204757
6716 -3.770212
6737 -2.6806953
6757 -0.952362
6777 0.51469654
6798 2.1620345
6818 2.6170883
6838 1.568505
6858 0.4576514
6878 0.49335906
6900 1.2249285
6919 2.1328585
6938 2.7799494
6959 3.1021883
6978 2.769063
7001 2.248255
7019 1.8750669
7039 1.7857985
7059 1.961288
7079 2.2386744
7100 2.478612
7119 2.4655485
7139 2.384989
7160 2.2778664
7181 2.2465134
7204 2.2404168
7220 2.2199502
7241 2.202532
7262 2.1959999
7281 2.224305
7301 2.233885
7323 2.1293755
7341 2.0588312
7361 2.0331388
7385 2.0174623
7401 1.9695618
7422 1.9595466
7445 1.947789
7463 1.9713038
7485 2.034445
7507 2.0327034
7523 2.0623145
7543 2.1859846
7570 2.3209765
7586 2.4881926
7605 2.6414735
7624 2.7564344
7643 2.740758
7663 2.7546923
7685 2.816092
7704 2.850058
7724 2.9484713
7744 3.0381758
7765 3.1100266
7786 3.083464
7804 2.9558744
7824 2.858332
7844 2.7964966
7864 2.886201
7885 2.967632
7905 3.0089998
7927 3.0024679
7945 2.9145057
7967 2.919296
7987 2.838736
8006 2.98505
8027 3.2737586
8050 3.3778334
8066 3.2441475
8087 3.032515
8106 2.8892493
8126 2.9131997
8147 2.9671965
8166 3.0259829
8188 2.934537
8207 2.8496225
8227 2.644522
8247 2.3841178
8267 2.317493
8288 2.5147552
8307 2.6758747
8327 2.768192
8347 2.7067924
8368 2.6188297
8390 2.5160615
8408 2.405455
8428 2.374102
8448 2.444211
8468 2.5387053
8489 2.632764
8509 2.6375542
8529 2.5844285
8549 2.364522
8569 2.1480997
8589 2.1023765
8609 2.1894681
8629 2.307477
8652 2.3257666
8670 2.1681306
8691 1.9721745
8710 1.8284736
8730 1.7783959
8750 1.7958142
8771 1.957369
8791 2.0954092
8811 2.0814745
8831 1.9586754
8851 1.7701218
8871 1.689562
8891 1.7413815
8912 1.859391
8932 1.861568
8952 1.7348498
8972 1.65429
8992 1.6120505
9013 1.6255498
9032 1.6625638
9053 1.6812886
9075 1.786234
9093 1.8463273
9113 1.7679447
9133 1.6037769
9153 1.5680695
9176 1.7300599
9194 1.7161251
9214 1.6002933
9234 1.5010089
9254 1.4404801
9276 1.3786451
9295 1.2954726
9315 1.2880698
9337 1.4648659
9355 1.9604172
9376 2.702438
9396 2.9314888
9415 3.0555944
9435 3.0647385
9455 2.7816913
9476 2.2286594
9496 1.5293136
9516 0.6984594
9536 -0.19945508
9556 -1.1287227
9577 -2.1807897
9597 -3.3530428
9617 -4.114223
9637 -5.049152
9657 -0.63839686
9677 1.2414762
9697 1.6120509
9717 1.4809779
9737 1.4039019
9758 1.3947574
9778 1.8302155
9798 2.4463885
9818 3.1439927
9838 3.8537893
9858 4.7900243
9879 0.324401
9899 -1.4897176
9919 -1.5506814
9939 -0.73114914
9959 0.29391906
9979 1.3346639
10000 1.823248
10020 1.8589555
10040 1.4909934
10060 1.0642444
10080 0.8931093
10100 1.0855818
10120 1.4818486
10140 1.9007592
10161 2.2347558
10181 2.524771
10201 2.4246156
10221 2.047509
10241 1.806265
10261 1.6886916
10281 1.3560015
10302 0.7733584
10322 -0.12934612
10342 -1.298116
10362 -2.3401673
10382 2.1245847
10402 3.1936347
10423 2.9406333
10443 2.6423447
10463 2.3488457
10483 2.0941024
10503 2.2800436
10523 2.86138
10543 3.7923892
10565 5.0774264
10584 6.14125
10604 1.4025953
10624 -0.13457194
10644 -0.050093044
10666 0.521228
10685 1.1064838
10705 1.5928905
10725 1.7775248
10745 1.6747565
10766 1.380387
10785 1.2123001
10806 1.558054
10826 1.837618
10846 2.358426
10868 2.855719
10886 2.72813
10906 1.9678199
10927 1.4914287
10947 1.2275411
10971 0.854789
10987 0.44284555
11007 -0.22079252
11031 -1.7636207
11047 -3.1091864
11069 -3.9121711
11093 -4.240071
11108 -4.3920455
11128 -4.014504
11154 -4.13469
11169 -4.4146895
11189 -4.5479403
11209 -3.8107095
11229 -3.3486886
11251 -1.9208214
11269 -0.07360788
11289 1.0620669
11309 1.1456751
11329 1.053358
11350 1.0198276
11370 1.7200443
11390 2.4581454
11410 3.1444275
11430 2.897523
11450 2.813915
11470 2.1581151
11490 1.0281017
11511 0.09186649
11531 -0.46639088
11551 -0.66408885
11572 -1.1679138
11592 -2.2400117
11612 -3.215438
11632 -4.1190133
11652 -4.7708945
11672 -5.3983893
11693 -4.7425895
11712 -3.5838356
11732 -1.810215
11752 -2.4364038
11773 -2.6806955
11793 -2.606668
11813 -2.2291255
11833 -1.6064204
11853 -0.93320215
11873 -0.28785342
11893 0.35357666
11914 -0.21730909
11934 -1.3547256
11955 -3.2197924
11975 -2.511302
11994 -2.222158
12014 -2.0471036
12034 -2.227819
12055 -3.1266043
12074 -3.4923894
12095 -4.046727
12115 -0.98937607
12135 1.2575878
12156 0.8726429
12176 0.52296984
12196 0.7115234
12216 1.3951926
12236 2.2347558
12257 3.5528877
12276 5.2145963
12297 5.793755
12316 5.8673477
12336 1.885083
12357 -1.6225322
12387 -2.3227491
12397 -2.908876
12417 -3.3273513
12437 -3.8067904
12458 -4.818795
12477 -0.7921139
12499 -0.0261429
12518 -1.7083182
12538 -2.6184256
12559 -2.3345065
12579 -0.868319
12599 0.8665463
12619 1.7940723
12639 1.8485047
12659 1.4348193
12679 1.4017242
12699 -3.8015647
12719 -4.3484993
12740 -0.90272003
12760 2.9349725
12781 3.7240229
12800 3.4684088
12820 2.841349
12840 2.695906
12861 2.83743
12881 2.954568
12901 2.6057665
12921 1.8964053
12941 0.14891182
12961 -1.4278821
12981 -2.3062017
13002 0.14368577
13022 1.9608529
13042 2.806948
13065 3.223246
13082 3.563774
13102 3.143122
13122 2.4119875
13142 1.6181474
13162 0.6840893
13183 -0.6440583
13203 -2.0871656
13223 -3.2724824
13243 -2.9145365
13264 -2.0841181
13284 -1.5389241
13304 -1.5920504
13324 -1.1139172
13344 -0.33052766
13364 0.39973518
13385 1.2941661
13405 2.433325
13425 4.1128874
13447 5.0573955
13466 4.1812534
13485 3.1087203
13505 2.4616299
13525 1.9747875
13547 1.4796716
13565 1.5785202
13586 2.4015367
13606 3.366076
13626 3.8677237
13647 2.8970878
13667 1.2610713
13687 0.64272064
13707 0.97497505
13727 1.6394844
13748 2.7629664
13767 4.241347
13787 5.548592
13807 6.2078753
13828 6.207004
13848 5.4776125
13868 4.209994
13888 2.7551281
13908 1.5728595
13928 1.2253639
13949 1.9834965
13969 3.2859519
13989 4.084582
14009 4.321471
14029 4.5021863
14049 4.6275983
14069 4.776525
14090 5.260319
14110 6.1059785
14130 6.7548113
14150 6.4678435
14170 5.2655444
14190 3.4509904
14210 2.1598573
14230 1.461382
14250 0.9706207
14270 0.67233187
14291 0.5038097
14311 0.35618937
14331 0.23426117
14351 0.052239764
14371 -0.12237895
14391 -0.35360727
14412 -0.50384027
14432 -0.42589328
14452 -0.11149251
14473 0.6209481
14492 1.2310249
14512 1.4548503
14532 1.4012891
14553 1.4465767
14573 1.6895623
14597 2.1524544
14616 2.7337906
14633 3.2907417
14653 3.4117987
14677 3.2101815
14693 2.4960306
14713 1.9020656
14739 1.7300597
14754 2.0083175
14774 2.4529204
14799 2.8970873
14814 2.7155013
14834 2.3022513
14854 1.7827502
14874 1.6760628
14897 1.8006039
14915 1.6956586
14935 1.8489398
14955 2.5852995
14975 2.9101515
14996 2.0231233
15018 0.7912123
15048 0.4276046
15060 0.5525811
15076 0.23948678
15097 -0.58483535
15116 -1.4309306
15137 -1.6887218
15157 -2.0052996
15177 -3.0495284
15197 -3.7597604
15217 -3.349559
15238 -2.6824372
15257 -2.5330749
15278 -2.7429655
15298 -2.6158118
15318 -2.120696
15338 -1.4605416
15359 -0.9192673
15379 -0.8286921
15398 -0.67323357
15420 -0.39454034
15439 0.14978227
15460 1.035504
15479 1.327261
15499 1.3777741
15519 1.2684741
15539 0.76813275
15561 -0.03833554
15580 -0.70545745
15600 -0.7450842
15620 -0.3418498
15640 -0.074478626
15661 -0.39410487
15680 -1.5924855
15700 -3.129653
15721 -5.3487473
15741 -7.5647936
15761 -9.110233
15781 -9.48647
15802 -8.630795
15822 -5.862152
15842 -2.5073822
15862 0.40931597
15882 1.9904636
15902 2.6789236
15922 3.2550347
15942 4.0967746
15963 4.9202256
15983 6.018452
16003 7.000844
16023 7.8826475
16043 7.158916
16063 4.541377
16083 1.2658613
16103 -1.5724546
16124 -4.014939
16144 -6.0075955
16164 -7.1262875
16185 -5.7824636
16204 -2.0915208
16225 1.6886909
16246 2.8173983
16265 1.6259856
16285 0.28346834
16305 -0.47161648
16325 -0.7790495
16353 0.046578668
16366 2.2861397
16386 5.780691
16406 8.494467
16432 8.094715
16446 5.4937243
16467 3.183619
16486 1.8802928
16506 1.0028446
16527 0.22729388
16549 0.16415249
16567 0.53080887
16587 1.3290038
16607 1.8781154
16630 1.7335434
16648 1.5767795
16669 1.8101845
16688 2.0710244
16708 2.3706193
16729 2.658022
16748 2.7133253
16769 2.5051763
16789 2.0562184
16809 1.0546646
16830 0.16328149
16850 0.4489427
16869 1.2031562
16889 1.902066
16910 2.5543826
16932 2.911458
16953 3.4727633
16970 3.7841163
16990 3.6917977
17010 3.208004
17032 2.9968069
17055 3.3347223
17072 3.8646753
17091 4.091549
17111 3.4601347
17140 2.473822
17156 1.6529832
17179 0.6631874
17192 0.042659584
17212 0.36359233
17232 1.9399514
17255 4.1930118
17272 5.4745646
17292 4.1721087
17313 1.9207906
17338 0.8090659
17356 0.9135759
17379 1.6381779
17393 3.059949
17415 4.9450474
17434 6.58237
17457 7.066599
17475 5.9409394
17494 3.8071947
17515 2.2621896
17540 1.774912
17558 1.894663
17581 2.22474
17596 2.6510537
17615 2.9715507
17635 3.3665113
17658 3.6478174
17675 3.8385477
17695 3.9600408
17716 4.1507716
17740 4.388531
17764 4.587971
17786 4.7682514
17796 4.9359026
17816 5.189339
17851 5.449308
17857 4.347163
17877 4.110274
17897 4.0784855
17918 4.1446753
17942 4.2086873
17965 4.1869144
17978 4.0723886
17997 3.9034312
18034 3.7370863
18039 3.4967134
18064 3.212795
18081 4.2448306
18112 4.3110204
18121 4.1607876
18138 3.9408808
18159 3.723152
18178 3.552452
18199 3.4396684
18220 3.4104927
18239 3.3495283
18263 3.3482223
18279 3.3582375
18300 3.3129494
18324 3.2776778
18340 3.2572112
18360 3.156185
18386 3.1392019
18400 3.226729
18422 3.2519858
18446 3.2872574
18461 3.2659202
18481 3.2197616
18501 3.278113
18522 3.4117987
18543 3.3090308
18562 3.1335409
18582 3.0516746
18602 2.9663253
18623 2.7912712
18642 2.644522
18662 2.4537914
18682 2.3658285
18702 2.2530448
18723 2.1337295
18743 1.9099041
18763 1.9155651
18783 1.9281932
18803 1.8637456
18823 1.699578
18844 1.5767785
18864 1.52583
18884 1.1495942
18904 1.256717
18924 1.0603254
18946 0.8212588
18964 0.6470756
18984 0.48377877
19005 0.39407444
19025 0.39015535
19045 0.44937766
19065 0.6766867
19086 1.037246
19106 1.515379
19126 1.1626579
19146 1.0202631
19166 0.95189625
19187 1.0450842
19206 0.8830939
19227 0.7916477
19247 0.8382416
19267 0.7707455
19287 0.4515548
19308 0.034385856
19328 -0.10234798
19348 0.08272171
19368 0.44763556
19388 0.681041
19408 0.5630319
19428 0.649688
19448 0.7376507
19468 0.7798901
19488 0.95886344
19509 1.1626579
19529 1.2658614
19549 1.2493141
19569 1.2462659
19589 1.2980855
19609 1.4770588
19629 1.836747
19650 2.2769952
19670 2.7011313
19690 2.9911463
19710 3.1797
19730 3.3229654
19750 3.481037
19770 3.6277857
19790 3.6604455
19810 3.540695
19831 3.3120794
19851 3.0534172
19871 2.806948
19891 2.5448022
19911 2.3026872
19932 2.0666692
19952 1.8415371
19972 1.6834658
19992 1.6137928
20012 1.5663276
20032 1.5767785
20053 1.7383336
20073 1.8010395
20093 1.8737609
20113 1.9869801
20134 2.08191
20154 2.1350358
20174 2.203838
20194 2.216902
20215 2.168566
20236 2.285269
20255 2.427664
20276 2.3801987
20296 2.3736668
20316 2.2839625
20336 2.024865
20357 1.7975558
20376 1.5310555
20396 1.4004179
20416 1.3956279
20436 1.4056435
20456 1.2689096
20476 1.0320204
20496 0.92054313
20517 0.8756909
20537 0.87090087
20558 0.9140112
20577 0.8944156
20599 0.97933
20617 1.0189567
20638 1.0172148
20658 0.9819427
20678 1.0755662
20698 1.2667323
20718 1.4430928
20738 1.6207598
20759 1.7444298
20779 1.8154095
20802 1.9660779
20820 2.1267622
20839 2.2839625
20859 2.4459527
20880 2.609685
20903 2.6662948
20920 2.65715
20940 2.5522048
20960 2.379328
20980 2.2931073
21002 2.3806343
21024 2.4559684
21043 2.5147552
21061 2.5077882
21082 2.4642425
21104 2.4394214
21121 2.4006655
21141 2.41939
21161 2.5003853
21182 2.618394
21204 2.6750038
21222 2.5487208
21243 2.3518941
21262 2.1180532
21282 1.9051139
21304 1.6299043
21323 1.3398892
21343 1.128692
21364 1.0141666
21383 0.97410446
21405 0.9928291
21423 1.0716472
21444 1.2109938
21464 1.354695
21484 1.4792359
21505 1.6342591
21524 1.837618
21544 2.0322683
21564 2.126327
21586 2.051428
21605 1.887696
21626 1.6795467
21644 1.4718331
21682 1.3568722
21686 1.369065
21706 1.5489093
21726 1.7770892
21746 2.024865
21767 2.3079126
21787 2.6854546
21808 3.120913
21826 3.5507102
21846 3.9082215
21868 4.153384
21887 4.2896824
21912 4.2692165
21927 4.108968
21947 3.856402
21977 3.578144
21987 3.2741945
22008 2.892298
22035 2.479919
22048 2.0975866
22068 1.816716
22091 1.6895623
22109 1.677805
22129 1.7640256
22149 1.8968403
22170 2.0753782
22191 2.2634957
22209 2.4955955
22229 2.7455482
22250 2.990711
22271 3.2232454
22289 3.423992
22310 3.5916433
22330 3.7288122
22350 3.803711
22370 3.8150327
22392 3.7579877
22416 3.6926692
22432 3.5925138
22451 3.463183
22471 3.352141
22493 3.284645
22511 3.2502441
22532 3.2201974
22552 3.140509
22572 3.0686579
22593 2.9941947
22620 2.8979585
22632 2.8043349
22652 2.7838683
22672 2.8683472
22694 3.0312083
22713 3.2001662
22733 3.371737
22753 3.5659513
22778 3.7902122
22795 4.0240536
22813 4.2866344
22834 4.54878
22854 4.7556224
22875 4.870148
22896 4.87668
22914 4.774783
22935 4.574908
22954 4.276619
22975 3.9269462
22996 3.577709
23017 3.2219393
23036 2.8857658
23055 2.600976
23076 2.3653932
23099 2.1711786
23116 2.0470734
23136 1.9334186
23157 1.8667938
23177 1.8441497
23198 1.8598262
23218 1.945176
23237 2.104118
23257 2.2891881
23277 2.476435
23297 2.659763
23317 2.829592
23338 3.0216286
23358 3.2580824
23378 3.4932299
23398 3.7505853
23420 3.9879103
23439 4.1468525
23459 4.2234926
23478 4.1851726
23499 4.095468
23519 4.0149083
23539 3.9134467
23559 3.7353442
23581 3.495842
23599 3.2284708
23619 2.978518
23639 2.7316134
23660 2.5021267
23680 2.2870107
23700 2.2094991
23721 2.2439003
23741 2.3553774
23762 2.5426247
23781 2.727259
23801 2.8657348
23822 2.958923
23841 2.9959366
23862 3.025548
23881 3.0743194
23901 3.1239614
23921 3.1008818
23941 2.976341
23964 2.758612
23984 2.4751284
24002 2.2364976
24023 2.1337295
24043 2.1681304
24065 2.280914
24084 2.3971815
24103 2.4925468
24123 2.5757194
24143 2.7015667
24163 2.9097154
24189 3.1257029
24204 3.3369002
24224 3.4405394
24244 3.449684
24266 3.35606
24286 3.1888442
24304 3.0015974
24325 2.817834
24344 2.6889384
24366 2.5617845
24388 2.4302762
24407 2.2748177
24426 2.1576796
24445 2.1846778
24467 2.2364976
24487 2.2582703
24508 2.2765596
24526 2.2887526
24546 2.3161864
24566 2.3941336
24587 2.4550974
24606 2.4485657
24628 2.4864504
24647 2.548721
24667 2.5835574
24689 2.649747
24708 2.7908356
24728 2.967632
24749 3.133977
24768 3.2411
24788 3.248938
24815 3.214537
24829 3.2463255
24848 3.2367454
24874 3.15096
24889 3.0490625
24910 2.9288764
24929 2.7821267
24949 2.636248
24970 2.5012565
24990 2.444647
25011 2.4172132
25030 2.449437
25050 2.526077
25070 2.631458
25090 2.748161
25110 2.899265
25130 3.0686579
25150 3.2593887
25170 3.467102
25194 3.6491234
25211 3.7275057
25231 3.795437
25252 3.9195433
25271 3.9234626
25293 3.8794816
25312 3.8372421
25332 3.9182372
25353 4.071083
25379 4.1921406
25392 4.221316
25413 4.2230577
25433 4.2779255
25453 4.347163
25479 4.2870703
25497 4.246137
25513 4.1420627
25533 4.0192637
25559 3.746231
25576 3.5258894
25594 3.3464804
25620 3.2088754
25635 3.1431212
25655 3.2567759
25686 3.4583929
25706 3.7453597
25716 4.2470074
25734 4.8797283
25754 5.406197
25778 5.7811265
25795 5.356555
25815 5.108343
25839 5.412293
25856 5.667036
25878 5.725823
25895 5.6217484
25916 5.3395715
25935 4.6929164
25956 4.023182
25977 3.636495
25996 3.343432
26016 3.6243026
26036 3.6364954
26056 3.0899956
26077 2.556124
26097 1.9682555
26116 1.3620976
26137 0.85043454
26157 0.48116606
26178 0.14716968
26197 -0.29394943
26217 -0.64318687
26237 -0.9832796
26257 -1.3538544
26279 -1.7078819
26299 -1.9643666
26318 -2.0893433
26338 -2.0658286
26359 -2.002687
26379 -1.9791722
26399 -1.9012253
26419 -1.8089081
26439 -1.6787063
26459 -1.4544454
26480 -1.1126108
26500 -0.7712116
26520 -0.4337316
26540 -0.085365206
26560 0.14194393
26580 0.4807304
26600 0.81429124
26620 1.0359395
26641 1.2453947
26661 1.3346635
26681 1.3899668
26701 1.5449898
26721 1.7400752
26741 1.8254249
26762 1.961288
26781 2.159857
26802 2.2029672
26822 2.3680055
26842 2.4463882
26862 2.4781768
26882 2.64757
26902 2.8304625
26923 2.9110222
26943 2.940198
26963 3.0090003
26983 3.0120485
27003 2.9171188
27023 2.8221886
27043 2.7629664
27064 2.9036195
27084 2.9471655
27104 2.6841486
27124 2.7211626
27145 2.752951
27165 2.7725465
27184 2.7594826
27205 2.8766212
27225 2.9589226
27245 2.964148
27266 2.8522353
27286 2.702438
27305 2.8409135
27326 3.0939147
27346 2.987663
27367 2.8866365
27386 2.8818464
27406 2.9976783
27426 2.9462945
27447 3.0251124
27467 3.1531372
27487 3.2228103
27507 3.1936343
27528 3.0582075
27547 3.0856414
27568 3.2694044
27588 3.363899
27608 3.3264494
27628 3.2789843
27648 3.267227
27668 3.1635878
27688 3.1696844
27709 3.3760917
27728 3.334723
27748 3.4331367
27769 3.5154383
27789 3.4462006
27809 3.3996062
27829 3.3564959
27849 3.1592333
27869 2.680665
27890 2.1594217
27910 1.640791
27930 1.1504653
27950 1.0080702
27971 0.6840895
27990 0.34486753
28010 -0.023965575
28030 -0.38800848
28051 -0.6266394
28071 -0.74900323
28091 -0.54172516
28111 -0.08057499
28131 0.34660938
28151 0.4985843
28172 0.57087034
28194 0.70237863
28212 0.953638
28233 1.3298739
28253 1.7962494
28273 2.098893
28295 2.3958752
28313 2.649312
28334 2.860509
28358 3.1448631
28375 3.6499946
28395 4.1651416
28414 4.7595415
28435 5.23332
28456 5.6452637
28474 5.7536926
28495 5.6548433
28515 5.3199763
28535 4.8065715
28559 4.2609425
28576 3.6513014
28597 3.0229354
28616 2.4176483
28635 1.6486293
28657 0.76290727
28677 -0.043561067
28697 -0.47553557
28717 -0.45463344
28741 -0.17071481
28761 0.2921771
28777 0.74723077
28797 1.1334821
28817 1.3477275
28837 1.576343
28861 1.8171513
28878 2.195129
28898 2.559172
28920 2.884459
28938 3.1487823
28959 3.3403838
28980 3.4823432
28999 3.6277862
29019 3.6739447
29039 3.3342872
29059 2.7668853
29082 2.268721
29100 1.7892818
29120 1.1718023
29140 0.40713778
29162 -0.38496014
29180 -1.0721132
29200 -1.5045232
29220 -1.9469486
29241 -2.2957506
29264 -2.201256
29281 -1.9922363
29301 -1.8772755
29321 -1.7718945
29340 -1.3264207
29361 -0.719392
29381 -0.0866714
29401 0.48464966
29421 0.7916477
29442 1.0633736
29461 1.4365611
29483 1.8271672
29502 2.3201056
29522 2.7599182
29542 3.1605399
29563 3.3691244
29583 3.64564
29603 3.9178011
29623 3.900383
29647 3.6303988
29663 3.138767
29685 2.5186746
29704 1.8998883
29724 1.2658614
29746 0.6453335
29766 0.001291015
29784 -0.5787391
29804 -1.1792359
29825 -1.6834965
29847 -1.8703079
29865 -1.7653621
29885 -1.4783953
29906 -1.0751615
29927 -0.5582727
29946 0.08446347
29966 0.78642184
29986 1.4605113
30006 1.9473532
30027 2.2726405
30048 2.4498718
30066 2.7290003
30086 3.0399172
30106 3.4017832
30127 3.6643648
30150 3.626915
30168 3.5716116
30187 3.6386726
30208 3.4161537
30228 2.9606643
30251 2.357119
30271 1.6381779
30290 0.7611654
30308 0.05136867
30329 -0.4794548
30349 -0.79342
30369 -0.7903719
30388 -0.83478856
30408 -1.074726
30429 -1.1735749
30449 -1.068194
30470 -0.90489715
30489 -0.6301231
30509 -0.23864633
30529 -0.005676226
30550 0.11842931
30570 0.24601854
30590 0.38623607
30610 0.5652093
30641 0.843467
30671 1.3551303
30671 2.1241493
30691 2.9693735
30711 3.8407252
30730 4.661564
30751 5.157115
30771 5.430147
30791 5.3940043
30811 5.255964
30835 5.0922313
30852 4.715996
30872 4.0588894
30892 3.1252673
30913 2.2504318
30935 1.4099977
30953 0.56433815
30974 0.0108709335
30993 -0.3518656
31013 -0.55435365
31035 -0.7272304
31054 -0.84567505
31074 -0.72635955
31094 -0.33880183
31114 0.28564522
31136 0.9562507
31154 1.6164051
31174 2.1681306
31194 2.5613494
31215 2.8840237
31236 3.235003
31255 3.6782992
31275 3.9992318
31295 4.1368365
31317 4.1490293
31338 4.003151
31355 3.9665725
31376 3.8603208
31396 3.4627473
31417 2.8674762
31440 2.1537607
31457 1.2928599
31476 0.31351444
31497 -0.37929928
31517 -0.649719
31539 -0.6362199
31560 -0.472923
31577 -0.6026895
31597 -1.0403249
31617 -1.3124862
31639 -1.2310555
31659 -0.8648353
31679 -0.23429194
31699 0.43631372
31719 0.82474226
31738 0.95886344
31760 0.9092213
31779 0.78555113
31799 0.77945477
31820 1.1090966
31840 1.7143834
31860 2.2708988
31879 2.7185497
31899 3.1696844
31920 3.5990458
31940 4.0902424
31960 4.52004
31981 4.6894336
32001 4.5727305
32021 4.2853284
32041 3.834194
32061 3.1892805
32081 2.5996702
32100 2.0004797
32122 1.304182
32143 0.6388021
32163 0.0056457086
32182 -0.5639336
32202 -0.89836526
32222 -0.9445238
32242 -0.7860172
32263 -0.42197418
32286 0.14629866
32302 0.7041206
32322 1.245395
32343 1.6203244
32363 1.891615
32383 2.223434
32404 2.707228
32426 3.157927
32443 3.4335718
32464 3.666542
32484 3.9469767
32504 4.088501
32525 3.500197
32544 2.8369942
32564 2.1602921
32585 1.5580539
32605 0.7620365
32628 -0.27435398
32646 -1.2236527
32665 -1.9708987
32685 -2.4555638
32706 -2.8500886
32731 -3.119638
32746 -2.7973983
32766 -2.572702
32786 -2.3475702
32806 -2.0601676
32828 -1.6168712
32846 -1.0568721
32867 -0.50993675
32887 -0.01699816
32907 0.13541217
32932 0.117122866
32948 0.18200618
32967 0.46461838
32988 0.9357841
33008 1.5175561
33028 1.9591106
33048 2.354942
33069 2.7943194
33089 2.8862014
33108 2.8644285
33129 2.727259
33149 2.4568396
33169 1.9678199
33189 1.2410403
33209 0.4158471
33231 -0.42981243
33249 -1.1343837
33269 -1.8459224
33289 -2.727725
33310 -3.2925146
33330 -3.7205696
33350 -3.8516424
33370 -3.774566
33390 -3.5385475
33413 -3.0024989
33431 -2.399825
33450 -1.7313968
33469 -1.2306201
33490 -0.74160075
33514 -0.27827322
33532 0.07183517
33552 0.38884875
33572 0.61441606
33592 0.7311188
33612 0.9571215
33632 1.3769032
33653 1.791024
33673 1.913823
33693 1.7574935
33715 1.2706513
33733 0.77466464
33753 0.37317216
33773 -0.13239466
33794 -0.40673333
33813 -0.55957925
33833 -0.9567169
33854 -1.7327034
33874 -2.6018777
33894 -3.3195128
33914 -3.6273818
33934 -3.5677238
33954 -3.3931053
33975 -3.161006
34019 -2.3575857
34020 -1.4261409
34036 -0.7294079
34055 -0.21164808
34076 0.1872315
34096 0.652301
34117 1.1735442
34136 1.784492
34157 2.2317076
34176 2.9567454
34196 3.673945
34217 4.0810986
34237 4.1098385
34257 3.7797616
34277 3.356932
34297 2.9946306
34323 2.6257975
34340 2.278302
34357 1.7135125
34378 1.1077901
34398 0.2690978
34418 -0.54129
34439 -1.5215058
34458 -2.4725463
34478 -2.9289064
34497 -2.9924836
34518 -2.8152518
34538 -2.459918
34558 -2.0031226
34578 -1.5145383
34599 -0.9950369
34619 -0.51821023
34639 0.08838289
34660 0.88135207
34679 1.723528
34700 2.4803543
34721 3.1061075
34742 3.5189219
34761 3.8328872
34781 4.072389
34800 4.0880656
34821 4.2626843
34841 4.257894
34861 3.6530428
34881 2.6558435
34901 1.7849274
34921 1.0159084
34942 0.4067025
34962 -0.062285945
34984 -0.51080763
35007 -0.9027199
35026 -1.0081006
35043 -1.1239325
35062 -1.4318014
35082 -1.3656119
35102 -0.6884746
35123 -0.21774426
35143 0.3910261
35164 1.1082256
35184 1.5680693
35206 1.826296
35224 2.0836518
35244 2.2935424
35264 2.4742577
35284 3.1213484
35306 3.85466
35326 4.4142237
35344 4.9790125
35364 5.1444874
35385 4.7638965
35406 4.772606
35426 5.1131344
35446 5.202403
35466 5.1488414
35487 4.510024
35511 3.8572729
35526 3.2602594
35548 2.51432
35566 1.7640254
35587 1.0281013
35607 0.61136794
35626 -0.030497335
35647 -0.7964683
35667 -1.2428129
35687 -1.406545
35708 -0.94278234
35728 -0.6771528
35748 -0.6061731
35768 -0.4393927
35789 -0.3013525
35809 0.16720052
35829 0.64272076
35848 1.1587386
35868 1.5467318
35889 1.8123612
35909 1.9538852
35929 1.9399508
35949 2.121537
35969 2.7895296
35989 3.2058275
36010 3.2040856
36029 2.5434954
36050 1.7196087
36070 0.90878576
36090 0.27867797
36111 -0.26564455
36130 -0.3392371
36150 -0.31877062
36171 -0.5369351
36191 -1.0155035
36211 -1.3451453
36232 -1.2767785
36252 -0.72374684
36271 -0.02483654
36292 0.6727674
36312 1.3198581
36332 1.9425632
36352 1.9686908
36372 1.9438695
36401 2.012672
36416 1.889002
36433 1.7139477
36452 1.665612
36473 1.6760628
36493 1.6412259
36514 1.3904023
36533 1.0955973
36553 0.86698186
36573 0.9349133
36595 1.1739798
36613 1.4291582
36634 1.5994225
36654 1.5502156
36674 1.3516468
36697 1.06468
36715 0.80732423
36735 0.81429154
36755 0.94100976
36775 0.99326473
36797 0.91618866
36815 0.7428764
36835 0.56825775
36856 0.5573712
36876 0.83911264
36897 1.1282568
36917 1.3869189
36936 1.5031863
36956 1.4862033
36977 1.2885054
37000 1.0864528
37016 0.86915916
37036 0.4929233
37057 0.12104199
37077 -0.15024835
37098 -0.42284516
37117 -0.48816386
37139 -0.40368497
37158 -0.12629813
37177 0.16066872
37198 0.27911332
37219 0.31264356
37238 0.33311012
37259 0.60831964
37280 1.1117092
37300 1.4648656
37320 1.5223461
37339 1.1974944
37362 0.6570907
37379 0.11276813
37399 -0.35709116
37420 -0.5439027
37440 -0.59833485
37460 -0.60225403
37480 -0.7472616
37500 -1.2367165
37520 -1.7666688
37541 -2.0997941
37562 -2.1964662
37581 -2.108068
37600 -1.9412875
37621 -1.7901837
37641 -1.6817547
37661 -1.6913348
37683 -1.7313972
37702 -1.6974312
37722 -1.5132324
37742 -1.2458609
37763 -0.8382721
37782 -0.27870846
37802 0.20247278
37822 0.4585222
37843 0.7524564
37862 1.229283
37885 1.8332634
37903 2.3370883
37924 2.801722
37943 3.212359
37965 3.598175
37985 3.8768678
38004 4.1163697
38025 4.4116106
38044 4.609744
38065 4.4551563
38085 3.868595
38105 3.0852053
38125 2.3710542
38145 1.7884113
38166 1.2697808
38187 0.6666712
38205 0.016096592
38225 -0.6810718
38246 -1.2894068
38266 -1.6917702
38286 -1.9099346
38306 -1.9108056
38326 -1.6678199
38347 -1.2245234
38367 -0.9297184
38388 -0.4716164
38407 0.13018669
38427 0.8874483
38447 1.680853
38467 2.4794831
38488 3.278984
38507 4.071518
38528 4.61976
38548 5.049992
38568 5.505917
38589 6.023241
38611 5.9243927
38628 5.297333
38648 4.186915
38668 2.811738
38688 1.4234978
38709 0.23382607
38730 -0.6645242
38749 -1.065146
38769 -1.2937614
38790 -1.4823147
38810 -1.8537608
38830 -1.98135
38850 -1.6578046
38871 -1.0329221
38891 -0.13195921
38910 0.97584623
38937 1.9521432
38952 2.553511
38972 2.768192
38992 2.7433705
39012 2.5278192
39031 2.7011313
39052 3.242406
39071 3.8376772
39092 4.5688114
39112 5.097893
39133 5.315187
39152 5.4336314
39173 5.6666017
39192 5.8185763
39214 5.671827
39232 5.2228694
39252 4.5017505
39272 3.6796057
39293 2.8748794
39313 2.130681
39334 1.4962186
39354 0.8961572
39373 0.32440078
39393 -0.16026415
39414 -0.38670242
39434 -0.40194342
39455 -0.13544303
39477 0.25908202
39495 0.6514298
39515 1.0986453
39535 1.5097178
39555 2.030526
39576 2.5561237
39595 3.1008818
39616 3.5228407
39636 3.6787345
39656 3.9469771
39677 4.4229326
39696 4.766073
39716 4.652419
39736 4.0236173
39757 2.9510844
39779 1.6952233
39796 0.5395174
39817 -0.53388697
39838 -1.427447
39857 -1.8655181
39880 -2.084118
39897 -2.455128
39917 -2.803059
39937 -2.963743
39957 -2.8888445
39978 -2.5722666
39999 -2.1459532
40018 -1.7231232
40038 -1.262844
40058 -0.74334246
40079 -0.3858314
40099 -0.2325501
40119 -0.097122714
40139 0.11015537
40162 0.6975884
40180 1.5123305
40200 2.4363725
40220 3.269404
40240 4.0684695
40261 4.502621
40281 4.6350007
40301 4.7072864
40321 4.56315
40341 3.987039
40361 3.15662
40381 2.2208207
40401 1.2480074
40421 0.35706016
40442 -0.36275214
40464 -1.1670431
40482 -1.7980218
40503 -2.3183944
40523 -2.6941946
40543 -2.710742
40565 -2.2352216
40583 -1.6477886
40603 -1.0829995
40623 -0.3279152
40643 0.33223924
40664 0.81646866
40683 1.4439638
40703 2.2151601
40724 3.0177093
40744 3.474505
40768 3.7388277
40785 3.5132606
40804 3.5041158
40824 3.48452
40845 3.1888442
40866 2.7220328
40885 1.9617232
40905 0.89006066
40925 -0.27740213
40945 -1.2471675
40967 -1.8311168
40985 -2.1198254
41006 -1.8816298
41028 -1.8232785
41046 -1.8912101
41068 -2.0540714
41086 -2.099359
41106 -1.7139785
41127 -1.043373
41146 -0.3118033
41167 0.2516795
41187 0.70237863
41208 1.0638088
41227 1.3150682
41247 1.5580539
41268 1.8567779
41288 2.3971815
41308 3.1052363
41328 3.8503053
41348 4.523959
41369 5.0661044
41388 5.524642
41409 5.5694942
41429 5.184549
41449 4.5139437
41471 3.779326
41491 3.0738838
41510 2.336653
41530 1.5624086
41551 0.70586264
41575 -0.18247227
41590 -0.7555353
41611 -1.2963743
41631 -1.4949431
41650 -1.4857982
41670 -1.3791114
41690 -1.2981162
41710 -1.1574632
41731 -0.94365317
41751 -0.70284486
41774 -0.42023265
41792 -0.061415065
41812 0.13279933
41834 0.49640682
41856 0.97758806
41873 1.6364361
41892 2.198177
41912 2.8117373
41932 3.421379
41954 3.423992
41973 3.0155318
41993 2.289188
42013 1.3890961
42035 0.5856758
42057 -0.1532966
42074 -0.89792997
42097 -1.7013505
42114 -2.1938531
42133 -2.6275697
42154 -3.145765
42173 -3.2324212
42193 -2.9994507
42214 -2.4943197
42235 -1.7732006
42256 -1.1722684
42274 -0.7446486
42295 -0.33575344
42315 0.07009359
42335 0.3770916
42356 0.6300927
42377 0.84128994
42396 1.167448
42416 1.6050835
42436 2.059266
42457 2.3174927
42476 2.398488
42496 2.5609138
42516 2.8356879
42537 3.2802904
42559 3.6186416
42577 3.6391077
42597 3.4266045
42618 2.9728575
42638 2.4529204
42658 1.9782711
42677 1.6873848
42697 1.541071
42718 1.2658614
42740 0.64184994
42766 -0.21556693
42779 -0.9101225
42798 -1.160511
42818 -1.0712422
42839 -0.6201075
42859 -0.13370076
42880 0.2534215
42899 0.53298557
42919 0.8491282
42940 1.2040265
42959 1.6486293
42981 2.088442
43000 2.471645
43021 2.7276943
43041 2.7790787
43060 2.5003855
43081 2.0766847
43102 1.7130774
43121 1.4426578
43141 1.1961883
43161 0.7237163
43182 -0.03920642
43202 -1.010278
43221 -1.9421585
43242 -2.624086
43262 -2.981597
43285 -2.9942253
43302 -2.8204775
43323 -2.6092803
43343 -2.5683477
43363 -2.6462946
43383 -2.5491874
43404 -2.138115
43423 -1.4627193
43445 -0.815193
43464 -0.30352965
43484 0.089253515
43503 0.36707583
43523 0.5177443
43546 0.5486618
43564 0.62399614
43584 0.7354734
43605 0.9035602
43625 1.1796407
43646 1.436561
43664 1.6564674
43685 1.8363115
43705 2.1833718
43725 2.4794834
43748 2.605766
43765 2.430712
43786 2.0949738
43806 1.7727345
43828 1.545861
43851 1.4309002
43867 1.398676
43887 1.3734196
43910 1.239734
43927 0.8878839
43950 0.5268891
43967 0.32135287
43987 0.4302174
44007 0.7158779
44028 0.90138304
44049 0.90704405
44069 0.76682657
44088 0.5299373
44108 0.33833563
44130 0.21640734
44149 0.09186623
44168 0.035256647
44189 0.12583195
44209 0.36707574
44233 0.676251
44253 0.9845553
44271 1.142191
44290 1.1927043
44310 1.4104334
44329 1.6629993
44351 1.9538852
44370 1.975658
44390 1.6259853
44411 0.92446226
44431 0.0025975488
44450 -0.9109936
44472 -1.4688153
44490 -1.5741962
44511 -1.4196086
44533 -1.3542899
44552 -1.3599509
44572 -1.4844918
44592 -1.4265763
44612 -1.1078209
44633 -0.5965929
44652 0.081850916
44672 0.7498436
44692 1.3046174
44713 1.4121754
44735 1.3324866
44752 1.2906826
44773 1.2201383
44793 1.3642749
44815 1.5197334
44839 1.5532635
44856 1.6512417
44873 1.7871048
44893 1.9112105
44915 1.7718638
44936 1.8215058
44954 2.1498415
44974 2.6179588
44994 3.0168388
45015 3.1161232
45037 3.0394828
45056 2.7181144
45075 2.202532
45095 1.572424
45117 1.0346333
45137 0.98412013
45155 1.1304343
45175 1.0024093
45196 0.46766666
45217 -0.04225488
45239 -0.41239434
45257 -0.5304034
45276 -0.32660902
45297 0.02611208
45316 0.46331197
45337 0.9174948
45357 1.0411649
45378 0.83606416
45397 0.6109324
45417 0.63793087
45438 0.7764065
45458 1.0285368
45478 1.342502
45499 1.7509617
45518 2.1136985
45539 2.4098098
45559 2.539141
45579 2.599234
45600 2.7429354
45619 2.8104315
45639 2.6327643
45659 2.2513032
45680 1.7156899
45700 1.1509006
45723 0.62704426
45740 0.27562964
45760 -0.052705895
45781 -0.2403883
45801 -0.24343652
45824 -0.12934642
45848 0.01087102
45867 0.17503877
45881 0.38884866
45901 0.62312514
45923 0.8822228
45941 1.1156284
45962 1.300698
45981 1.5192981
46002 2.0492506
46023 2.0636208
46042 1.7992977
46062 1.7291889
46083 1.843279
46103 2.1154404
46126 2.4651132
46145 2.8722665
46162 3.1300576
46182 3.3390772
46202 3.483214
46223 3.3229659
46274 3.4749405
46274 3.7248933
46283 3.7466662
46319 3.549404
46329 3.218891
46355 2.8870718
46366 2.464242
46383 2.1633406
46403 1.8149743
46423 1.557183
46444 1.3298739
46464 1.1247731
46484 0.9862974
