430 11.3006315
431 11.798626
432 11.530475
433 11.722012
434 11.798626
435 11.760319
436 11.722012
437 11.568783
437 11.683704
438 11.568783
439 11.607089
440 11.415554
441 11.492167
441 11.45386
443 11.798626
738 11.645397
738 11.760319
739 12.028469
740 11.9135475
740 11.798626
741 11.415553
742 11.45386
742 11.45386
743 11.87524
744 11.9135475
744 11.836933
744 11.87524
745 11.607089
745 11.377246
745 11.568782
823 11.45386
823 11.645397
824 11.798626
824 11.645397
843 11.492168
870 11.568782
878 11.60709
916 11.60709
920 11.60709
938 11.492168
958 11.645396
978 11.87524
998 11.798626
1018 11.722012
1038 12.105083
1058 11.798626
1078 11.60709
1098 11.568783
1118 11.530476
1139 11.722012
1160 11.9135475
1178 11.760319
1198 11.798626
1218 11.568783
1238 11.300632
1258 11.492168
1278 11.87524
1298 11.760319
1318 11.683704
1338 11.60709
1358 12.258312
1378 12.220005
1398 11.798627
1418 12.028469
1438 11.262324
1458 11.45386
1478 11.262324
1498 11.377246
1518 11.798626
1538 12.105083
1558 12.258312
1578 12.220005
1598 11.530476
1618 11.300632
1638 12.220005
1658 12.488155
1678 12.373235
1698 12.181698
1718 12.143392
1738 12.181698
1758 11.645397
1778 11.836933
1798 11.722012
1818 11.568782
1838 12.066776
1858 11.645397
1878 12.028469
1898 11.568783
1918 11.60709
1938 11.760319
1958 11.836933
1978 11.836933
1998 11.87524
2018 11.836933
2038 11.722012
2058 11.760319
2078 11.9135475
2099 11.87524
2118 11.836933
2138 11.836933
2158 11.798626
2178 11.760319
2198 11.722012
2218 11.798626
2238 11.722012
2258 11.951855
2278 11.722012
2298 11.645397
2318 11.492168
2338 11.60709
2358 11.836933
2378 11.683703
2398 11.530475
2418 11.645397
2438 11.415553
2458 11.60709
2478 11.607089
2498 11.607089
2518 11.645397
2538 11.798626
2558 12.066776
2578 12.105084
2599 11.798626
2618 11.492167
2638 11.415553
2658 11.453861
2678 11.492168
2698 11.798626
2718 11.87524
2738 11.798626
2758 11.722012
2778 11.9135475
2798 11.836933
2818 11.492168
2838 11.415553
2858 11.33894
2878 11.760319
2898 11.990162
2918 12.105083
2938 11.683704
2958 12.564772
2978 11.147404
2998 11.683704
3018 11.836933
3038 11.951855
3058 12.028469
3078 12.143391
3099 12.334928
3119 12.143391
3138 12.066776
3158 12.105083
3178 11.87524
3198 12.066776
3218 12.258312
3238 12.564771
3258 12.488156
3278 12.143391
3298 11.951855
3318 11.760319
3338 12.258312
3358 12.334927
3378 12.373234
3398 12.296619
3418 11.990162
3438 12.028469
3458 12.028469
3478 11.87524
3498 12.028469
3518 12.258312
3538 12.066776
3558 12.105083
3578 12.181698
3599 12.028469
3619 12.066776
3638 12.066776
3658 12.028469
3678 12.220005
3699 12.220005
3719 12.29662
3739 12.028469
3759 12.028469
3778 12.143391
3798 12.181698
3818 12.181698
3838 12.296619
3858 12.373235
3878 12.258312
3898 11.836933
3918 11.9135475
3938 11.530476
3958 11.645397
3978 11.990162
3998 12.83292
4018 12.220006
4038 12.066776
4058 11.453861
4079 11.836933
4098 12.181698
4118 12.526463
4138 11.722012
4159 11.530476
4178 11.645397
4198 11.836933
4220 11.722011
4239 11.60709
4258 11.568783
4278 11.530476
4298 11.415554
4318 11.530475
4338 12.028469
4358 12.028469
4378 11.990162
4398 12.220005
4418 11.951855
4438 11.530476
4476 11.262325
4478 11.070789
4498 11.147403
4518 11.87524
4538 12.488155
4558 12.98615
4578 12.947844
4603 12.373235
4628 12.488155
4648 12.220005
4668 12.028469
4688 11.760319
4710 11.568783
4728 11.683704
4748 11.9135475
4768 12.181698
4788 12.603077
4810 12.679691
4828 12.794615
4848 12.718
4868 12.7179985
4888 12.756308
4908 12.909536
4930 12.220005
4948 12.181698
4968 12.258312
4989 12.449848
5008 12.603079
5028 12.641386
5048 12.373234
5068 12.296619
5088 12.296619
5108 12.143391
5128 12.488155
5148 12.794615
5168 12.794615
5189 12.909536
5208 12.794613
5228 12.679691
5248 12.794614
5268 13.024457
5288 13.1393795
5308 12.603078
5328 11.530476
5348 10.649409
5368 12.066777
5388 13.369223
5408 12.832921
5431 12.181698
5448 12.334928
5468 12.488155
5488 12.411541
5508 12.105083
5529 12.29662
5548 12.258312
5568 12.756307
5588 12.56477
5609 12.373234
5628 12.449848
5648 12.526463
5668 12.5264635
5688 12.373234
5708 12.641384
5728 12.56477
5748 12.526463
5768 12.909534
5788 12.679691
5808 12.986151
5828 12.832921
5870 12.641384
5870 12.756306
5888 13.024456
5908 13.062765
5928 12.947844
5950 12.756307
5968 12.871228
5988 12.756306
6009 12.564771
6028 12.488156
6050 12.488155
6068 12.449848
6088 12.56477
6108 12.296619
6128 11.453861
6151 12.603077
6168 13.101071
6188 13.101072
6208 12.909536
6228 12.679691
6251 12.449848
6268 12.603078
6288 12.871229
6308 12.871227
6328 12.756306
6348 12.603077
6368 12.83292
6388 12.871227
6408 12.526463
6429 12.066776
6448 12.105083
6468 12.143391
6488 12.143391
6508 12.449849
6528 12.220005
6548 11.9135475
6570 12.028469
6588 12.066776
6608 12.449848
6628 12.564771
6648 12.411541
6670 12.756308
6688 13.062765
6708 12.488155
6728 12.258312
6748 12.334927
6771 12.220005
6792 12.296619
6808 12.449848
6828 12.526463
6848 12.449848
6873 12.7179985
6888 12.488155
6908 12.449848
6928 12.488155
6949 12.5264635
6968 12.641384
6989 12.794614
7008 12.603078
7028 12.488155
7048 12.258312
7072 12.296619
7088 12.411541
7108 12.56477
7128 12.603078
7148 12.258312
7168 12.334927
7188 12.296619
7208 12.488155
7228 12.5264635
7248 12.449848
7268 12.526463
7288 12.411541
7308 12.603077
7328 12.526463
7348 12.526463
7368 12.56477
7389 12.603077
7408 12.603077
7428 12.871227
7448 12.641384
7468 12.603077
7489 12.679691
7508 12.641385
7528 12.181698
7548 12.066776
7568 11.87524
7590 12.296619
7608 12.717999
7628 12.526463
7648 12.526463
7668 12.411541
7688 12.296619
7708 12.373234
7728 12.56477
7748 12.449848
7768 12.373234
7788 12.373234
7808 12.449848
7828 12.526463
7848 12.641384
7868 12.066776
7888 12.871228
7908 13.292608
7928 12.756306
7948 12.641384
7968 12.56477
7988 12.756307
8009 12.832922
8028 12.603077
8048 12.296619
8068 12.411541
8088 12.411541
8110 12.373235
8128 12.29662
8148 12.296619
8168 12.411541
8188 12.603077
8210 12.526463
8228 12.258312
8248 12.220005
8268 12.411542
8288 12.717999
8308 12.641385
8328 12.603077
8348 12.373234
8368 12.258313
8388 12.641385
8408 12.717999
8428 12.756307
8448 12.679691
8468 12.603078
8488 12.679693
8508 12.794615
8529 12.488155
8548 12.526463
8568 12.066776
8588 12.334928
8608 12.641385
8629 12.717999
8648 12.334927
8668 12.296619
8688 12.717999
8708 12.794614
8729 12.832922
8748 12.794614
8768 12.220005
8788 12.449848
8808 12.373234
8828 12.832922
8848 13.445837
8868 13.101072
8888 12.603077
8908 12.794614
8928 12.986151
8948 13.177687
8968 13.522451
8988 13.752295
9008 13.292607
9028 13.484144
9048 13.982138
9068 14.326903
9088 14.020445
9108 13.330915
9128 13.445837
9148 13.101071
9168 13.292607
9188 12.756307
9208 12.603078
9228 12.756307
9249 11.798626
9268 10.802638
9288 9.80665
9308 9.002198
9328 8.350975
9348 7.2017584
9368 6.090849
9388 5.363012
9408 4.865018
9428 4.520253
9448 3.6774943
9469 2.9496562
9488 3.524265
9508 1.0726025
9528 -0.306458
9548 -1.0726027
9568 -1.8004394
9588 -2.6431992
9608 -1.838747
9628 -2.336741
9648 -3.5625718
9671 -5.1714754
9688 -5.439626
9756 -5.094861
9756 -5.5162416
9756 -5.93762
10360 -10.342951
10360 -11.070788
10360 -11.300632
10360 -11.836934
10360 -11.262324
10360 -10.6877165
10361 -10.266337
10361 -10.994174
10361 -11.3006315
10361 -10.994174
10361 -10.6877165
10361 -10.4961815
10361 -10.764332
10361 -10.955867
10361 -11.262324
10602 -11.377246
10602 -11.45386
10602 -11.530475
10602 -11.798626
10602 -11.60709
10602 -11.683704
10602 -11.760319
10602 -11.492168
10602 -11.377247
10602 -11.147404
10602 -11.224018
10602 -11.185711
10678 -11.224017
10678 -11.377247
10678 -11.453861
10689 -11.262324
10716 -11.377247
10720 -11.3006315
10756 -11.3006315
10791 -11.262324
10791 -11.224017
10803 -11.338939
10818 -11.224017
10838 -11.070788
10858 -11.33894
10878 -11.109096
10898 -10.879252
10918 -11.070788
10938 -11.18571
10958 -11.3006315
10978 -11.338939
10998 -11.109096
11018 -11.224017
11038 -11.18571
11058 -11.185711
11078 -11.109096
11098 -10.802638
11118 -10.840945
11138 -10.994175
11158 -10.955867
11178 -10.917561
11198 -10.879252
11218 -10.726024
11238 -10.764331
11258 -10.917561
11278 -10.802639
11298 -11.147404
11318 -10.955868
11338 -10.419565
11358 -10.266336
11378 -10.611102
11398 -10.879253
11418 -10.726025
11438 -10.687716
11458 -10.611102
11478 -10.457872
11498 -10.419565
11518 -10.419567
11538 -10.572796
11558 -10.64941
11578 -10.687717
11598 -10.457873
11618 -10.381259
11638 -10.419566
11658 -10.64941
11678 -10.534488
11699 -10.304644
11718 -10.342952
11738 -10.22803
11758 -10.22803
11778 -10.22803
11798 -10.304645
11818 -10.228029
11838 -9.998186
11858 -9.80665
11878 -9.615113
11898 -9.921572
11918 -10.189722
11938 -10.266336
11958 -10.304644
11978 -10.381258
11998 -10.342951
12018 -10.266336
12038 -10.304644
12058 -10.457873
12096 -10.381259
12098 -10.113108
12118 -9.959879
12138 -9.576806
12158 -9.730035
12178 -9.883265
12198 -10.0748005
12218 -9.998186
12238 -10.0748005
12258 -10.036493
12278 -9.959879
12298 -10.228029
12319 -10.342952
12338 -10.228029
12358 -10.381258
12378 -10.381259
12398 -10.189722
12419 -10.228029
12439 -10.266336
12458 -10.036492
12478 -10.151414
12498 -10.189722
12519 -10.151415
12538 -10.0748005
12558 -10.342952
12578 -10.036494
12598 -10.22803
12618 -10.381259
12638 -10.496181
12658 -10.457873
12678 -9.998186
12698 -9.80665
12718 -9.500193
12738 -9.308657
12758 -9.155427
12778 -9.11712
12798 -9.040505
12818 -9.270349
12839 -9.11712
12858 -9.002198
12878 -8.963891
12898 -8.925584
12918 -8.619125
12938 -8.580819
12958 -8.619126
12978 -8.810662
12998 -8.963892
13018 -8.772355
13039 -8.887277
13058 -9.155427
13078 -9.040505
13098 -8.887277
13118 -9.078814
13138 -8.925584
13159 -9.040505
13178 -9.002198
13198 -9.002198
13218 -9.193734
13238 -9.078813
13258 -9.002198
13278 -9.117121
13298 -9.193735
13318 -9.117121
13338 -9.040506
13358 -9.232042
13378 -9.2703495
13398 -9.232042
13418 -9.423578
13438 -9.500193
13458 -9.270349
13478 -9.38527
13498 -9.423577
13518 -9.4618845
13538 -9.461885
13559 -9.576807
13578 -9.270349
13598 -9.38527
13618 -9.38527
13638 -9.2703495
13659 -9.193734
13678 -9.193734
13698 -9.461885
13718 -9.691729
13738 -9.730036
13758 -9.5385
13778 -9.5385
13798 -9.232041
13818 -9.615114
13838 -9.500192
13858 -9.615114
13878 -9.461885
13898 -9.461885
13918 -9.500193
13938 -9.691729
13958 -9.615114
13978 -9.5385
13998 -9.5385
14018 -9.461885
14038 -9.385271
14058 -9.423578
14078 -9.346963
14098 -9.346963
14118 -9.576806
14138 -9.615113
14158 -9.768343
14179 -9.730036
14198 -9.461885
14218 -9.385271
14238 -9.232042
14258 -9.117121
14279 -9.155428
14298 -9.193735
14318 -9.500193
14338 -9.576806
14358 -9.538499
14378 -9.423577
14398 -9.653421
14418 -9.4618845
14438 -9.576806
14458 -9.308656
14478 -9.193734
14498 -9.232041
14518 -9.385271
14538 -9.385271
14558 -9.38527
14578 -9.232041
14598 -9.346964
14618 -9.5385
14638 -9.730036
14658 -9.500193
14678 -9.2703495
14699 -9.5385
14718 -9.500192
14738 -9.308657
14758 -9.193735
14778 -9.461885
14799 -9.4618845
14818 -9.155427
14838 -9.346964
14858 -9.461885
14878 -9.4618845
14898 -9.193734
14918 -9.078813
14938 -9.11712
14958 -9.423578
14978 -9.615113
14998 -9.538499
15018 -9.38527
15038 -9.5385
15058 -9.461885
15078 -9.346964
15098 -9.232042
15118 -9.4618845
15138 -9.615114
15158 -9.308656
15178 -9.38527
15198 -9.4618845
15218 -9.5385
15238 -9.500193
15258 -9.576807
15278 -9.461885
15298 -9.538499
15319 -9.691728
15338 -9.270349
15358 -9.232042
15378 -9.385271
15398 -9.232041
15418 -9.346963
15438 -9.500192
15458 -9.38527
15478 -9.270349
15498 -9.4618845
15518 -9.500192
15538 -9.80665
15559 -9.730036
15578 -9.5385
15598 -9.5385
15618 -9.576807
15638 -9.461885
15658 -9.500193
15678 -9.615114
15698 -9.423578
15718 -9.308657
15738 -9.078813
15758 -9.232041
15778 -9.691729
15798 -9.5385
15818 -9.538499
15839 -9.691729
15858 -9.576807
15878 -9.615114
15898 -9.653421
15918 -9.423577
15938 -9.385271
15958 -9.232042
15978 -9.500193
15998 -9.4618845
16018 -9.5385
16038 -9.385271
16058 -9.500193
16078 -9.38527
16098 -9.308656
16118 -9.11712
16138 -9.346963
16158 -9.423577
16178 -9.308656
16198 -9.38527
16218 -9.576806
16238 -9.5385
16259 -9.730036
16278 -9.4618845
16298 -9.423577
16318 -9.500192
16338 -9.270349
16359 -9.38527
16378 -9.346963
16398 -9.193734
16418 -9.423577
16438 -9.653421
16460 -9.80665
16478 -9.653421
16498 -9.5385
16518 -9.423578
16538 -9.5385
16559 -9.576807
16578 -9.423578
16598 -9.576807
16618 -9.38527
16638 -9.193734
16658 -9.346964
16678 -9.346964
16698 -9.461885
16718 -9.346964
16738 -9.38527
16759 -9.730036
16778 -9.653421
16798 -9.346963
16818 -9.346963
16838 -9.308656
16858 -9.538499
16878 -9.308656
16898 -9.346964
16918 -9.768343
16938 -9.576807
16958 -9.538499
16978 -9.500192
16998 -9.308656
17018 -9.461885
17038 -9.346963
17058 -9.193734
17079 -9.423577
17098 -9.576807
17118 -9.615114
17138 -9.653421
17158 -9.5385
17180 -9.615114
17198 -9.232041
17218 -9.576806
17239 -9.538499
17258 -9.423577
17278 -9.5385
17298 -9.653421
17318 -9.653421
17338 -9.346963
17358 -9.11712
17378 -9.4618845
17398 -9.423577
17419 -9.346964
17438 -9.423577
17458 -9.346963
17478 -9.38527
17498 -9.346963
17518 -9.423577
17538 -9.423577
17558 -9.308656
17578 -9.461885
17598 -9.4618845
17618 -9.461885
17638 -9.615114
17658 -9.768343
17678 -9.691729
17699 -9.270349
17718 -9.730035
17738 -9.423577
17758 -9.38527
17778 -9.232041
17799 -9.346964
17818 -9.69173
17838 -9.730036
17858 -9.730036
17878 -9.653421
17898 -9.80665
17918 -9.883264
17938 -9.65342
17958 -9.38527
17979 -9.346963
17998 -9.346963
18018 -8.925584
18038 -9.193734
18058 -9.232041
18078 -9.500192
18098 -9.500192
18118 -9.308656
18138 -9.4618845
18158 -9.65342
18178 -9.500192
18198 -9.500193
18219 -9.423578
18238 -9.346964
18258 -9.576807
18278 -9.80665
18298 -9.4618845
18319 -9.730035
18338 -9.844957
18358 -9.730035
18378 -9.653421
18398 -9.80665
18418 -9.730036
18438 -9.615114
18459 -9.615114
18478 -9.653421
18498 -9.576807
18518 -9.615113
18538 -9.4618845
18558 -9.500192
18578 -9.576806
18598 -9.730036
18618 -9.921571
18638 -9.883265
18658 -9.80665
18678 -9.80665
18698 -9.883264
18718 -9.576807
18738 -9.385271
18758 -9.65342
18778 -9.4618845
18798 -9.38527
18818 -9.270349
18839 -9.80665
18858 -9.691729
18878 -9.921572
18899 -9.844957
18918 -9.768343
18938 -9.615113
18959 -9.691729
18978 -9.538499
18998 -9.500192
19018 -9.844958
19038 -9.576806
19058 -9.346963
19078 -9.4618845
19098 -9.500192
19118 -9.538499
19138 -9.883264
19158 -9.730035
19178 -9.806651
19198 -9.615113
19218 -9.730036
19238 -9.768343
19258 -9.538499
19278 -9.65342
19298 -9.65342
19319 -9.806649
19338 -9.844957
19358 -9.959879
19378 -9.95988
19398 -9.691728
19418 -9.691728
19438 -9.576806
19459 -9.346963
19478 -9.4618845
19498 -9.423577
19518 -9.308656
19538 -9.615113
19558 -9.65342
19578 -9.730035
19598 -9.730035
19618 -9.691729
19639 -9.768343
19658 -9.80665
19678 -9.691728
19698 -9.806649
19718 -9.8832655
19738 -9.653421
19758 -9.5385
19778 -9.423577
19798 -9.346963
19818 -9.500192
19838 -9.615113
19858 -9.5385
19879 -9.538499
19898 -9.500192
19918 -9.538499
19938 -9.65342
19958 -9.691728
19979 -9.500192
19998 -9.576806
20018 -9.538499
20038 -9.615114
20059 -9.576807
20079 -9.615115
20098 -9.5385
20118 -9.538499
20138 -9.423577
20158 -9.538499
20178 -9.615113
20198 -9.730035
20218 -9.768342
20238 -9.8832655
20258 -9.806649
20278 -9.730035
20298 -9.730035
20318 -9.500192
20338 -9.883265
20358 -9.921572
20378 -9.921571
20398 -10.113109
20418 -10.151416
20438 -9.768342
20458 -9.768342
20478 -9.691728
20499 -9.5385
20518 -9.2703495
20538 -9.078814
20558 -9.040505
20578 -8.8489685
20599 -9.193735
20618 -9.117121
20638 -9.385271
20658 -9.193734
20678 -9.155427
20698 -9.270349
20718 -9.346963
20738 -9.270349
20758 -9.155427
20778 -9.38527
20799 -9.576806
20818 -9.730035
20838 -9.921573
20858 -9.768343
20878 -9.69173
20898 -9.346964
20918 -9.232042
20938 -9.308656
20958 -9.346962
20978 -9.423578
20998 -9.346964
21018 -9.5385
21038 -9.576806
21058 -9.38527
21078 -9.078813
21098 -8.772354
21119 -8.810661
21138 -9.040505
21158 -9.615114
21178 -9.730036
21198 -9.691729
21218 -9.423578
21238 -9.155427
21258 -9.11712
21278 -9.11712
21298 -9.193735
21318 -9.308656
21338 -9.308656
21358 -8.810661
21378 -9.117119
21398 -9.346963
21418 -9.4618845
21438 -9.576806
21458 -9.576806
21478 -9.461885
21498 -9.346963
21518 -9.5385
21538 -9.423578
21558 -9.346964
21578 -9.232041
21598 -9.155428
21618 -9.346964
21639 -9.346964
21658 -9.193735
21678 -9.308656
21698 -9.38527
21718 -9.193734
21738 -8.96389
21758 -9.155428
21778 -9.308656
21798 -9.576806
21818 -9.38527
21838 -9.4618845
21858 -9.653421
21878 -9.65342
21898 -9.80665
21918 -9.844956
21938 -9.615114
21959 -9.576807
21978 -9.461885
21998 -9.232042
22018 -9.232042
22038 -9.270348
22059 -9.423579
22079 -9.500193
22098 -9.385269
22118 -9.346964
22138 -9.2703495
22160 -9.844958
22178 -9.768342
22198 -9.921572
22218 -9.959879
22238 -9.844957
22258 -10.0748005
22278 -10.036493
22298 -10.0748005
22318 -9.959879
22338 -9.730036
22358 -9.80665
22378 -9.844957
22398 -9.80665
22418 -9.615114
22438 -9.844957
22458 -9.921572
22478 -9.768343
22498 -9.883265
22518 -9.844957
22538 -9.844958
22558 -9.883265
22578 -9.959879
22598 -9.653421
22618 -9.500193
22638 -9.691729
22658 -9.653421
22679 -9.730037
22698 -9.423577
22718 -9.270348
22738 -9.078812
22758 -9.193734
22780 -9.615113
22798 -9.65342
22818 -9.730035
22838 -9.576806
22858 -9.615113
22878 -9.615115
22898 -9.806651
22918 -9.95988
22938 -9.921573
22958 -9.730035
22978 -9.883265
22998 -9.80665
23018 -9.615113
23038 -9.69173
23058 -9.806651
23078 -9.615113
23098 -9.232041
23118 -9.232041
23138 -9.38527
23158 -9.423577
23178 -9.500192
23199 -9.4618845
23218 -9.576807
23238 -9.423578
23258 -9.500192
23278 -9.730037
23299 -9.844958
23318 -9.806651
23338 -9.576806
23358 -9.270349
23378 -9.653421
23398 -9.615113
23418 -9.270349
23438 -9.423577
23458 -9.38527
23478 -9.538499
23498 -9.69173
23518 -9.615114
23538 -9.844957
23558 -9.538501
23578 -9.078812
23598 -9.346964
23618 -9.5385
23638 -9.691728
23658 -9.883264
23678 -10.151416
23698 -10.074801
23719 -9.806651
23738 -9.998186
23758 -10.036494
23778 -10.113109
23798 -10.036494
23819 -9.883265
23838 -9.768343
23859 -9.80665
23878 -10.0748005
23898 -9.730036
23918 -9.998186
23938 -9.959879
23958 -9.959879
23978 -9.844957
23998 -9.691729
24018 -9.691729
24038 -9.80665
24058 -9.921572
24078 -9.8832655
24098 -9.768342
24118 -9.615113
24142 -9.691729
24158 -9.691729
24178 -9.232042
24198 -9.998186
24218 -9.768343
24239 -9.768343
24259 -9.653421
24278 -9.883265
24298 -9.844958
24318 -9.730036
24340 -9.576806
24358 -9.576807
24378 -9.576807
24398 -9.576806
24418 -9.691728
24438 -9.806651
24458 -9.959879
24478 -9.576806
24498 -9.38527
24518 -9.461885
24538 -9.653422
24558 -9.615114
24578 -9.653421
24599 -9.883265
24618 -9.998186
24638 -10.228029
24658 -10.0748005
24678 -9.883265
24698 -9.998186
24718 -9.730036
24738 -9.768343
24759 -9.730036
24778 -9.806651
24798 -9.461885
24818 -9.730036
24838 -9.80665
24859 -9.768343
24878 -9.768343
24898 -9.730036
24918 -9.80665
24938 -9.80665
24958 -10.074801
24978 -9.921572
24998 -9.883265
25018 -9.921572
25038 -9.691729
25058 -9.921572
25078 -9.921572
25098 -9.80665
25118 -9.883265
25138 -9.844957
25158 -9.883265
25178 -9.653421
25198 -9.8832655
25218 -9.921571
25238 -9.730036
25258 -9.80665
25279 -9.806651
25298 -9.730037
25318 -9.806649
25338 -9.921572
25358 -9.615114
25379 -9.576807
25398 -9.653421
25418 -9.768343
25438 -9.883265
25458 -9.844957
25478 -9.844957
25498 -9.80665
25518 -9.80665
25538 -9.921572
25558 -9.730036
25578 -9.844957
25598 -9.844957
25618 -9.883265
25638 -9.883265
25658 -10.151415
25678 -9.921572
25698 -10.036493
25718 -9.768343
25738 -9.80665
25758 -9.998186
25778 -9.615114
25799 -9.500193
25818 -9.500193
25838 -9.461885
25858 -9.768344
25878 -9.998186
25900 -10.036493
25918 -9.998186
25938 -9.691729
25959 -9.730036
25978 -9.730036
25998 -10.036494
26018 -10.074801
26038 -9.844957
26058 -9.921573
26078 -10.036494
26098 -9.806649
26118 -9.883265
26138 -9.921572
26158 -9.653421
26178 -9.768343
26198 -9.844958
26218 -9.730036
26238 -9.80665
26258 -9.959879
26279 -9.653421
26298 -9.691729
26318 -9.346964
26338 -9.691729
26358 -9.883265
26378 -9.844957
26398 -10.0748005
26420 -10.151415
26438 -9.691729
26458 -9.691729
26478 -9.730036
26498 -9.80665
26520 -10.074801
26538 -10.113109
26558 -10.266337
26578 -9.921572
26598 -9.691729
26618 -9.730036
26638 -9.615114
26658 -9.730037
26678 -9.768343
26698 -9.576807
26718 -9.653421
26738 -9.691729
26758 -9.615114
26778 -9.768343
26798 -9.653421
26818 -9.691729
26838 -9.691729
26858 -9.385271
26878 -9.193735
26898 -9.308657
26918 -9.653421
26940 -9.80665
26958 -9.8832655
26978 -9.844957
26998 -10.036494
27018 -9.998187
27040 -10.113109
27058 -10.036494
27078 -9.615114
27098 -9.576807
27118 -9.768343
27138 -9.691729
27158 -9.576807
27178 -9.883265
27198 -9.844957
27218 -9.883265
27238 -9.768343
27258 -9.576807
27278 -9.5385
27298 -9.5385
27318 -9.768343
27338 -9.80665
27358 -9.653421
27378 -9.5385
27398 -9.653421
27418 -9.65342
27438 -9.730037
27459 -9.653421
27478 -9.730036
27498 -9.768343
27518 -9.653421
27538 -9.576808
27559 -9.730037
27578 -9.768343
27598 -9.691728
27618 -9.691728
27638 -9.844958
27660 -9.65342
27678 -9.80665
27698 -9.768343
27718 -9.883265
27738 -10.036493
27758 -9.921572
27778 -9.730036
27798 -9.653421
27818 -9.5385
27838 -9.768343
27859 -9.653421
27878 -9.615114
27898 -9.80665
27918 -9.768343
27938 -9.80665
27958 -9.576807
27978 -9.691729
27998 -10.036493
28018 -9.921573
28038 -10.151416
28058 -9.959879
28083 -9.768343
28098 -9.883265
28118 -9.691729
28138 -9.4618845
28158 -9.691728
28180 -9.883265
28198 -9.80665
28218 -9.80665
28238 -9.653421
28258 -9.883265
28278 -9.768343
28298 -9.80665
28318 -9.730036
28338 -9.5385
28358 -9.80665
28378 -9.921572
28398 -9.959879
28418 -10.228029
28438 -10.266336
28458 -9.80665
28478 -9.844957
28499 -9.8832655
28518 -10.074801
28538 -9.844957
28558 -9.998186
28578 -9.691729
28600 -9.844957
28618 -9.653421
28638 -9.615113
28658 -9.730036
28678 -9.768343
28700 -9.500193
28718 -9.691729
28738 -9.730036
28758 -9.883265
28778 -9.80665
28798 -9.844957
28818 -9.959879
28838 -9.883265
28858 -9.576807
28878 -9.653421
28898 -9.691729
28918 -9.921572
28938 -10.0748005
28958 -10.304644
28978 -10.381258
28998 -10.49618
29019 -10.419565
29038 -10.189723
29058 -10.304645
29078 -9.921572
29098 -9.844957
29119 -9.883265
29138 -9.80665
29158 -9.959879
29178 -9.921572
29198 -10.151416
29220 -9.883265
29238 -10.036493
29258 -9.921572
29278 -9.959879
29298 -9.998186
29318 -9.768344
29339 -9.921572
29358 -9.615114
29378 -9.883265
29398 -9.959879
29418 -10.113108
29438 -9.998186
29458 -9.959879
29478 -9.691729
29498 -9.615114
29518 -9.844957
29538 -9.80665
29558 -9.921572
29578 -9.95988
29598 -9.768343
29618 -9.883265
29639 -9.844957
29658 -10.151415
29678 -10.342952
29698 -10.419566
29718 -10.381258
29740 -10.22803
29758 -10.113108
29778 -9.921572
29798 -9.653421
29818 -9.653421
29840 -9.768343
29858 -9.883265
29878 -9.959879
29898 -9.921572
29918 -9.883265
29938 -10.151415
29958 -10.113108
29978 -10.0748005
29998 -10.0748005
30018 -9.959879
30038 -9.998187
30058 -9.959879
30079 -9.921572
30098 -10.0748005
30118 -9.883265
30138 -9.883265
30158 -9.844957
30178 -9.959879
30198 -9.959879
30218 -9.730036
30238 -9.768343
30259 -9.768343
30278 -9.844957
30298 -9.883265
30318 -10.0748005
30338 -9.921572
30359 -10.0748005
30378 -9.959879
30398 -10.228029
30418 -10.22803
30438 -10.036494
30460 -9.768343
30478 -9.844957
30499 -9.998186
30518 -10.036493
30538 -9.998186
30558 -9.844957
30578 -9.883265
30598 -9.80665
30618 -9.576807
30638 -9.768343
30658 -9.844957
30678 -9.959879
30698 -9.691729
30718 -9.95988
30738 -9.883265
30758 -9.768343
30779 -9.691729
30798 -10.0748005
30819 -10.113108
30838 -9.959879
30858 -9.615114
30879 -9.653421
30898 -9.615114
30918 -9.998187
30938 -9.95988
30958 -10.22803
30980 -10.036493
30998 -9.883265
31018 -9.921573
31038 -10.151415
31058 -9.730036
31078 -9.5385
31098 -9.615114
31118 -9.844957
31138 -9.730036
31158 -9.80665
31178 -9.80665
31198 -9.768343
31218 -9.959879
31238 -9.921572
31258 -9.768343
31278 -9.730036
31299 -9.998186
31318 -10.228029
31338 -11.338939
31358 -12.220006
31378 -12.220005
31399 -11.492168
31418 -11.300632
31438 -10.955867
31458 -9.921572
31478 -9.576807
31501 -8.772355
31518 -7.5848308
31538 -8.887277
31558 -4.596867
31578 -2.7581203
31598 -2.7964277
31618 -2.2218192
31638 -0.842759
31658 -0.34476495
31678 -0.34476483
31698 -0.19153595
31718 0.7661445
31738 2.4899697
31758 3.6774936
31778 5.2097826
31798 7.508216
31819 9.002198
31838 9.193734
31858 8.96389
31878 8.887278
31898 9.11712
31919 8.925584
31938 8.350975
31958 8.121132
31988 7.967903
31998 7.5082164
32046 7.354987
32046 7.431602
32080 7.852981
32080 7.2400656
41213 12.028469
41214 11.798626
41214 11.836932
41214 12.258312
41214 12.334927
41214 12.181698
41214 12.143391
41214 12.066776
41214 12.373234
41214 12.526463
41214 12.641385
41214 12.411542
41214 12.028469
41214 12.066776
41214 12.028469
41214 12.373235
41214 12.449848
41214 12.488155
41214 12.449848
41214 12.105083
41214 11.453861
41214 12.334928
41214 12.411542
41214 12.373234
41214 12.564771
41214 13.062765
41214 12.641384
41214 12.181698
41214 12.411541
41214 12.641385
41214 13.215994
41214 13.369223
41214 13.752295
41214 13.637373
41214 13.139379
41214 12.832921
41214 12.5264635
41214 13.445837
41214 14.403517
41214 14.518439
41214 13.790603
41214 13.790602
41214 12.488156
41214 12.220006
41215 12.794613
41215 13.062765
41215 13.790602
41215 13.752295
41215 13.484144
41215 13.101071
41215 12.679692
41215 12.679692
41215 13.445837
41215 13.637373
41215 13.560759
41215 13.790602
41215 14.211981
41215 14.78659
41215 14.326903
41215 14.250289
41215 14.326902
41215 14.211981
41215 13.637373
41215 13.522451
41215 13.215994
41215 13.40753
41215 13.9438305
41215 14.36521
41215 14.633361
41215 14.78659
41215 14.5567465
41215 14.518439
41215 14.901511
41215 15.322891
41215 15.284583
41215 14.480131
41215 14.5567465
41215 14.671668
41215 15.054741
41215 15.667656
41215 15.629349
41215 14.288595
41215 13.522451
41215 13.445837
41215 13.867216
41215 14.480131
41215 15.093048
41215 14.939819
41215 14.671669
41215 14.786589
41215 14.441824
41215 13.9438305
41215 14.518439
41215 14.7482815
41215 14.709975
41215 14.5567465
41586 14.097059
41586 14.595054
41586 15.20797
41586 15.246277
41586 15.131355
41586 14.671667
41586 13.9438305
41586 14.326902
41586 14.36521
41586 14.211981
41586 14.326902
41586 13.867216
41586 13.752295
41586 13.905523
41586 14.250289
41586 14.250289
41586 14.441825
41586 14.441825
41586 14.901511
41638 15.016434
41638 15.514427
41638 16.01242
41666 16.625336
41714 15.552734
41714 15.207969
41725 15.246276
41758 15.284583
41758 15.093047
41780 14.7482815
41798 14.51844
41819 14.097059
41838 13.828909
41858 13.599066
41878 13.484144
41898 13.752295
41918 13.713986
41938 13.215993
41958 13.292608
41978 13.905523
41998 14.058752
42018 14.939817
42038 15.016432
42058 14.863203
42078 14.058752
42098 15.016433
42118 15.7825775
42138 15.399506
42158 14.978127
42178 14.7482815
42198 14.901511
42218 14.901511
42238 14.901511
42258 15.093048
42278 15.016433
42298 14.518438
42319 15.05474
42338 14.518438
42358 15.514427
42378 15.169662
42398 14.939817
42418 14.403519
42438 13.790602
42458 13.522451
42478 13.560759
42498 14.288596
42518 14.709976
42538 14.556746
42559 14.595053
42578 14.63336
42598 14.633361
42618 14.288595
42638 14.020445
42658 13.828909
42678 13.560759
42698 13.790602
42718 14.288595
42738 14.441824
42758 14.978127
42778 14.748282
42798 14.901512
42818 15.093048
42838 15.7825775
42858 16.01242
42878 15.7825775
42898 15.05474
42918 14.020445
42939 13.67568
42958 14.020445
42978 14.097059
42998 14.135366
43018 14.288595
43058 15.169662
43058 15.705963
43078 16.395493
43098 16.089035
43118 14.748282
43138 13.484144
43158 13.254301
43178 12.794615
43198 12.373235
43218 11.492168
43238 11.990162
43258 12.56477
43278 13.445837
43298 13.599066
43318 13.101072
43338 12.756307
43359 13.3309145
43378 14.441824
43398 14.211981
43418 15.169662
43438 16.050728
43458 15.093047
43478 14.786591
43498 14.403517
43518 14.633362
43538 13.637372
43558 13.062765
43578 13.062765
43598 13.292608
43618 14.058752
43638 14.939818
43658 15.246277
43678 15.246277
43698 14.824898
43718 14.250288
43738 13.713987
43758 14.748282
43778 14.250288
43798 14.978125
43818 14.403517
43838 14.824897
43858 15.246277
43879 15.361198
43898 15.399506
43918 14.288596
43938 13.445837
43958 13.254301
43980 13.369223
43998 14.173674
44018 15.20797
44038 15.47612
44058 15.093048
44078 14.441824
44098 13.9438305
44118 13.599066
44138 14.020445
44158 14.058752
44178 14.058752
44198 13.828909
44218 13.330915
44238 12.832921
44258 13.062764
44278 13.330915
44299 13.637373
44318 13.062764
44338 12.488155
44358 11.836933
44378 12.258312
44399 12.7179985
44418 12.947843
44438 12.794614
44458 12.832921
44478 12.679692
44499 12.449848
44518 13.560759
44538 14.211981
44558 14.326903
44578 13.790602
44598 13.40753
44618 13.484144
44638 13.522451
44658 13.522451
44678 13.867216
44698 14.250288
44718 15.169662
44738 15.897499
44758 16.050728
44779 15.859192
44798 15.322891
44818 15.131355
44838 15.361198
44858 15.016432
44878 14.671669
44898 14.480132
44919 14.09706
44938 14.020445
44958 13.867217
44978 14.020445
44998 14.518439
45019 14.595053
45038 13.40753
45058 13.177686
45078 13.407529
45098 13.40753
45119 13.445837
45138 13.484144
45158 13.9438305
45178 14.250288
45199 14.173674
45218 14.097059
45238 13.905523
45259 13.982138
45278 14.441826
45298 14.824898
45318 14.518438
45338 13.982138
45358 13.867216
45378 14.058752
45398 14.211982
45418 14.326903
45438 14.978127
45458 14.939819
45478 14.250289
45498 14.135367
45519 14.097059
45538 13.9438305
45558 14.135366
45578 14.135366
45598 13.752295
45618 13.484143
45639 13.445836
45658 13.560759
45678 13.790602
45698 13.713987
45718 13.254301
45738 13.177687
45758 12.717999
45778 12.832921
45798 13.254301
45818 13.599066
45838 13.790603
45858 13.790602
45878 13.867216
45898 13.828909
45918 14.09706
45938 14.211983
45958 14.518438
45978 15.016433
45998 15.32289
46018 15.246276
46038 15.1696615
46059 15.476119
46078 15.514426
46098 14.978126
46118 14.7482815
46139 14.595053
46158 14.36521
46178 14.058752
46198 14.058752
46218 14.097059
46238 14.288595
46258 14.403517
46278 14.671668
46298 14.939819
46318 15.054741
46338 15.093047
46358 14.901511
46378 14.786589
46398 14.863203
46418 15.016433
46438 15.284584
46458 15.361198
46479 15.131355
46498 14.5567465
46518 14.441824
46538 14.058752
46558 14.020445
46579 13.9438305
46598 14.097059
46618 14.020445
46638 13.867216
46658 13.905523
46678 13.982138
46698 14.135366
46718 14.709976
46738 14.939818
46758 15.207969
46778 15.361198
46798 15.552734
46818 15.820885
46838 16.01242
46858 15.859192
46878 15.322891
46898 14.595054
46918 13.982138
46938 13.484144
46958 13.1393795
46979 12.832922
46999 12.641385
47018 12.220006
47038 12.028469
47058 12.334928
47078 12.679692
47099 12.564771
47118 12.794614
47138 13.062764
47158 13.3309145
47178 13.637373
47198 14.211981
47218 14.135366
47238 14.633361
47258 14.78659
47278 15.054741
47298 14.939819
47318 14.978127
47338 15.322891
47358 15.246277
47378 15.093047
47398 14.978126
47418 15.05474
47438 14.595053
47458 14.441824
47478 14.288595
47498 14.250288
47519 14.288595
47538 14.480131
47558 14.863204
47578 15.131355
47598 15.169662
47619 15.399506
47638 15.47612
47658 15.897499
47678 16.203957
47698 16.510414
47718 16.050728
47738 15.629349
47758 14.518439
47778 13.982138
47798 13.752295
47818 14.250288
47839 14.709975
47858 14.939818
47878 14.595054
47898 14.058752
47918 14.020445
47939 14.020445
47958 14.250288
47978 13.790602
47998 13.522451
48018 14.058752
48039 14.901511
48058 15.514427
48078 14.633361
48098 13.637373
48118 13.1393795
48138 13.67568
48158 14.824897
48178 15.246277
48206 15.20797
48218 15.20797
48238 15.361198
48258 15.399505
48278 15.361198
48298 15.591042
48318 14.709976
48338 14.480133
48358 14.786591
48378 14.709975
48398 14.058752
48418 14.211981
48438 14.211981
48458 14.097059
48478 13.9438305
48498 13.637373
48518 13.445837
48538 13.445837
48559 13.369223
48578 13.177687
48598 13.40753
48618 14.097059
48638 13.675681
48658 13.330915
48678 13.1393795
48698 12.334927
48718 12.411541
48738 12.986151
48758 13.369222
48778 13.790602
48798 15.74427
48818 16.70195
48838 16.510414
48858 15.514427
48879 14.863204
48898 15.322891
48918 15.20797
48938 15.016434
48958 14.671668
48979 14.671668
48998 14.863205
49018 15.054741
49038 14.978126
49058 14.5567465
49078 14.709975
49098 15.093048
49118 15.284584
49138 15.47612
49158 15.552734
49178 15.284584
49199 15.246277
49218 15.74427
49238 16.01242
49258 16.4338
49278 15.935806
49298 15.514427
49318 15.897499
49338 15.935806
49358 16.050728
49378 16.089035
49398 15.629349
49418 15.322891
49438 15.705963
49458 16.70195
49478 17.123331
49499 16.089035
49518 15.629349
49538 15.05474
49558 15.016434
49578 15.20797
49598 15.322891
49618 15.361198
49638 14.978127
49658 14.288596
49678 14.556747
49698 15.093048
49718 14.978126
49738 14.901511
49758 14.78659
49778 14.978126
49798 15.169662
49818 15.859192
49838 16.203957
49858 15.74427
49878 14.250288
49898 13.2543
49918 13.330915
49939 13.790602
49958 14.173675
49978 14.51844
49998 14.901512
50019 14.786591
50038 15.131355
50058 15.05474
50079 14.135366
50098 13.599066
50120 13.560759
50138 13.982138
50158 14.595054
50178 14.556746
50198 14.671667
50218 14.595054
50238 14.097059
50258 13.599066
50278 13.560759
50298 13.40753
50318 13.40753
50338 13.254301
50358 13.599065
50378 14.863205
50398 14.939819
50418 14.863204
50439 15.131355
50458 15.284584
50478 14.671667
50498 14.403517
50518 14.671669
50539 14.556747
50558 14.595054
50578 14.5567465
50598 14.671668
50618 14.441824
50638 14.365211
50658 14.5567465
50679 15.169662
50698 15.705963
50718 16.203957
50738 16.050728
50758 16.01242
50778 15.705963
50798 15.169662
50818 14.863204
50838 14.671668
50858 14.671668
50878 14.786589
50898 14.978126
50918 15.47612
50938 15.897499
50958 16.16565
50978 16.16565
50998 16.16565
51018 16.01242
51038 16.357185
51059 16.203957
51078 16.472107
51098 15.667656
51118 16.127342
51138 15.591042
51159 15.284584
51178 15.131355
51198 15.437813
51218 14.863204
51238 14.556746
51258 13.982138
51283 13.752295
51298 13.101072
51318 13.752295
51338 14.326902
51358 14.939818
51378 15.016434
51398 14.36521
51418 13.101072
51438 12.871228
51458 12.832921
51478 12.717999
51498 12.832922
51519 14.211981
51538 14.441824
51558 14.403517
51579 14.480131
51598 14.020445
51618 13.982138
51638 14.671668
51658 15.552734
51680 16.548723
51698 17.00841
51718 16.74026
51738 16.510414
51758 16.548721
51778 16.663643
51799 16.203957
51818 15.74427
51838 15.131355
51858 15.246276
51878 15.246277
51898 15.169662
51918 15.246277
51938 14.901511
51958 14.36521
51978 14.5567465
51998 15.284584
52018 15.246276
52038 14.901511
52058 14.671668
52078 14.901511
52099 15.1696615
52118 15.284584
52138 15.20797
52158 15.322891
52178 15.591042
52199 15.361198
52218 15.20797
52238 15.322891
52259 15.399506
52278 15.437813
52300 15.705963
52319 16.089035
52338 16.625336
52358 17.353174
52378 17.314865
52398 16.242264
52418 14.441824
52438 14.5567465
52458 14.901512
52478 13.713987
52498 13.062765
52518 13.292608
52538 13.637373
52558 14.709975
52578 14.709975
52598 14.135366
52618 14.250288
52638 14.135366
52658 13.9438305
52678 13.484144
52698 13.637373
52720 14.786589
52738 15.399506
52758 15.974113
52778 15.897499
52798 15.935806
52818 16.127342
52838 15.705963
52858 14.748282
52878 14.058752
52898 12.641385
52918 11.87524
52938 11.722012
52958 12.258312
52978 12.603077
52999 12.373234
53018 12.296619
53041 12.641384
53058 12.98615
53078 12.986151
53098 12.909535
53118 13.599066
53139 15.093048
53158 15.284584
53178 14.326902
53198 13.369223
53218 13.024458
53238 12.98615
53258 13.254301
53279 12.98615
53298 12.603077
53318 12.641384
53338 13.560759
53358 13.560759
53378 13.445837
53398 13.40753
53418 14.09706
53438 14.824898
53458 14.633362
53478 14.556746
53498 14.709974
53518 14.633361
53538 14.633361
53558 14.556746
53578 13.828909
53598 13.139379
53618 12.871227
53638 12.717999
53659 12.641385
53678 12.5264635
53698 12.603078
53718 12.98615
53739 13.330915
53759 13.790602
53778 13.828909
53798 13.330915
53818 13.1393795
53838 12.641385
53858 12.373234
53878 12.756307
53898 12.909535
53918 12.871229
53938 12.756308
53958 12.909535
53978 12.794613
53998 12.56477
54018 12.143391
54038 12.105083
54058 12.717999
54078 13.484144
54098 13.828909
54118 13.713987
54138 13.369223
54158 13.560759
54178 14.020445
54198 14.441825
54218 14.595053
54238 14.211981
54258 13.752295
54278 13.445837
54298 12.373234
54318 11.951855
54338 12.411542
54358 12.411541
54380 12.488156
54398 12.449848
54418 12.296619
54438 12.334927
54458 11.60709
54478 10.381258
54498 10.572795
54518 11.530476
54538 12.334928
54558 11.33894
54578 10.955867
54598 9.730036
54618 10.0748005
54638 9.078813
54658 9.691729
54678 9.385271
54698 9.232041
54718 8.465898
54738 8.772355
54758 9.615114
54778 8.350975
54798 7.814674
54818 9.155428
54838 9.002198
54858 7.1251445
54878 5.746084
54899 7.3166804
54918 6.703765
54938 4.673482
54958 8.427589
54978 5.2097826
54998 5.209783
55018 6.090849
55038 5.707776
55058 4.9799395
55078 6.3973074
55098 5.8993134
55118 6.0142345
55138 6.8569937
55158 8.465898
55178 8.006211
55198 7.04853
55218 6.6654572
55238 4.1371803
55258 -18.579004
55278 -0.38307238
55298 9.193735
55319 15.207969
55338 9.500192
55358 10.457872
55378 10.189722
55398 9.921572
55419 9.959879
55438 9.730036
55458 9.461885
55478 9.80665
55498 9.844957
55518 9.844957
55538 9.959879
55558 9.921572
55578 9.730036
55598 9.653421
55618 9.653421
55638 9.80665
55658 9.768343
55678 9.80665
55698 9.653421
55718 9.576807
55738 9.653421
55758 9.615114
55778 9.998186
55798 9.844957
55818 9.844957
55839 9.883265
55858 9.730036
55878 9.921572
55898 9.883265
55918 9.576807
55940 9.691729
55958 9.80665
55978 9.883265
55998 9.691729
56018 9.959879
56038 9.998186
56058 9.883265
56078 9.921572
56098 9.844957
56118 9.768343
56138 9.768343
56158 9.730036
56178 9.844957
56198 9.730036
56218 9.844957
56238 9.921572
56258 9.959879
56278 9.730036
56298 9.80665
56318 9.921572
56338 9.844957
56359 9.883265
56378 9.80665
56398 9.883265
56418 9.921572
56438 9.768343
56458 9.80665
56478 9.730036
56498 9.691729
56518 9.768343
56538 9.844957
56558 9.844957
56578 9.844957
56598 9.959879
56618 9.883265
56638 9.768343
56658 9.80665
56678 9.768343
56698 9.844957
56718 9.883265
56738 9.691729
56758 9.921572
56778 9.730036
56798 9.691729
56818 9.615114
56838 9.691729
56858 9.921572
56878 9.730036
56898 9.883265
56918 9.844957
56938 9.844957
56958 9.768343
56978 9.730036
56998 9.768343
57018 9.80665
57039 9.844957
57058 9.768343
57078 9.883265
57099 9.80665
57118 9.80665
57138 9.768343
57158 10.036493
57178 9.844957
57198 9.844957
57218 9.730036
57238 9.80665
57258 9.691729
57278 9.921572
57298 9.80665
57318 9.80665
57338 9.844957
57358 9.691729
57378 9.730036
57400 9.883265
57418 10.0748005
57438 9.998186
57458 9.691729
57478 9.691729
57498 9.576807
57518 9.730036
57538 9.844957
57558 9.959879
57578 10.036493
57598 9.768343
57618 9.730036
57638 9.844957
57658 9.691729
57678 9.883265
57698 9.883265
57718 9.844957
57738 9.691729
57758 9.691729
57778 9.844957
57798 9.80665
57818 9.768343
57838 9.80665
57858 9.921572
57878 9.80665
57898 9.730036
57919 9.844957
57938 9.730036
57958 9.883265
57978 9.921572
57998 9.768343
58018 9.768343
58038 9.653421
58058 9.691729
58080 9.653421
58098 9.768343
58118 9.80665
58138 9.730036
58158 9.653421
58178 9.730036
58198 9.80665
58218 9.844957
58238 9.691729
58258 9.768343
58278 9.768343
58298 9.883265
58318 9.768343
58338 9.768343
58358 9.959879
58379 9.768343
58398 9.730036
58418 9.883265
58440 9.883265
58458 9.80665
58479 9.80665
58498 9.768343
58518 9.80665
58538 9.80665
58558 9.653421
58578 9.691729
58598 9.691729
58618 9.768343
58638 9.80665
58658 9.921572
58678 9.921572
58698 9.921572
58718 9.883265
58738 9.730036
58758 9.576807
58778 9.883265
58798 9.730036
58818 9.730036
58838 10.036493
58858 9.768343
58878 9.730036
58898 9.80665
58918 9.768343
58938 9.844957
58958 9.768343
58978 9.653421
58998 9.730036
59018 9.730036
59038 9.844957
59060 9.959879
59078 9.921572
59098 10.0748005
59118 9.461885
59138 9.730036
59158 9.730036
59178 9.730036
59198 9.653421
59218 9.80665
59238 9.80665
59262 9.691729
59278 9.844957
59298 9.80665
59319 9.768343
59338 9.959879
59358 9.959879
59378 9.883265
59398 9.730036
59419 9.883265
59438 9.730036
59458 9.615114
59478 9.768343
59498 9.653421
59518 9.691729
59538 9.730036
59558 9.883265
59579 9.80665
59598 9.730036
59618 9.691729
59638 9.691729
59658 9.921572
59678 9.730036
59698 9.691729
59718 9.80665
59738 9.730036
59758 9.691729
59778 9.80665
59798 9.883265
59818 9.80665
59838 9.921572
59858 9.80665
59878 9.653421
59898 9.80665
59918 9.80665
59938 9.921572
59958 9.768343
59978 9.80665
59998 9.653421
60018 9.615114
60038 9.80665
60058 9.844957
60078 9.768343
60099 9.730036
60118 9.691729
60138 9.768343
60158 9.80665
60178 9.844957
60200 9.730036
60218 9.998186
60238 9.844957
60258 9.691729
60278 9.691729
60298 9.844957
60318 9.883265
60338 9.959879
60358 9.80665
60378 9.768343
60398 9.730036
60419 9.653421
60438 9.80665
60458 9.730036
60478 9.768343
60498 9.768343
60518 9.998186
60538 9.959879
60558 9.730036
60578 9.80665
60598 9.615114
60618 9.883265
60638 9.959879
60658 9.844957
60678 9.883265
60698 9.691729
60719 9.730036
60738 9.615114
60758 9.5385
60778 9.5385
60798 9.691729
60820 9.768343
60838 9.921572
60858 9.844957
60878 9.844957
60898 9.691729
60918 9.423578
60938 9.691729
60958 9.691729
60979 9.844957
60998 9.883265
61018 9.844957
61038 9.653421
61058 9.691729
61078 9.80665
61098 9.80665
61118 9.730036
61138 9.730036
61158 9.615114
61178 9.653421
61198 9.844957
61218 9.80665
61238 9.768343
61258 9.80665
61278 9.576807
61298 9.576807
61318 9.844957
61339 9.730036
61358 9.768343
61378 9.768343
61398 9.730036
61418 9.653421
61438 9.921572
61458 9.730036
61478 9.768343
61498 9.883265
61518 9.768343
61538 9.730036
61558 9.691729
61578 9.5385
61598 9.5385
61618 9.80665
61638 9.691729
61658 9.959879
61678 9.730036
61698 9.730036
61718 9.844957
61738 9.768343
61758 9.844957
61778 9.844957
61798 9.844957
61818 9.576807
61838 9.615114
61858 9.730036
61878 9.653421
61898 9.80665
61918 9.768343
61938 9.691729
61959 9.653421
61978 9.844957
61998 9.959879
62018 9.768343
62038 9.653421
62059 9.653421
62078 9.844957
62098 9.844957
62118 9.768343
62138 9.768343
62158 9.844957
62178 9.730036
62198 9.730036
62218 9.730036
62238 9.80665
62258 9.80665
62278 9.844957
62298 9.730036
62318 9.80665
62338 9.730036
62358 9.691729
62379 9.653421
62398 9.615114
62418 9.691729
62438 9.653421
62458 9.844957
62478 9.80665
62498 9.921572
62518 9.844957
62538 9.80665
62558 9.80665
62579 9.80665
62598 9.80665
62618 9.768343
62638 9.768343
62658 9.691729
62678 9.998186
62698 9.883265
62718 9.768343
62738 9.883265
62758 9.730036
62778 9.768343
62798 9.883265
62818 9.80665
62838 9.80665
62858 9.653421
62878 9.576807
62898 9.768343
62918 9.883265
62938 9.80665
62958 9.921572
62978 9.921572
62999 9.80665
63018 9.768343
63038 9.615114
63058 9.691729
63078 9.959879
63099 9.921572
63119 9.80665
63138 9.844957
63158 9.80665
63178 9.959879
63198 9.730036
63218 9.653421
63238 9.80665
63258 9.883265
63278 9.80665
63298 9.615114
63318 9.768343
63338 9.921572
63358 9.768343
63378 9.844957
63398 9.80665
63418 9.80665
63438 9.691729
63458 9.730036
63478 9.80665
63498 9.844957
63518 9.883265
63538 9.768343
63558 9.959879
63578 9.730036
63598 9.883265
63619 9.959879
63638 9.80665
63658 9.959879
63678 9.844957
63698 9.730036
63718 9.730036
63738 9.730036
63758 9.80665
63778 9.768343
63798 9.844957
63818 9.768343
63838 9.844957
63859 9.80665
63878 9.80665
63898 9.768343
63918 9.844957
63940 9.998186
63958 9.615114
63978 9.844957
63998 9.653421
64018 9.730036
64038 9.730036
64058 9.653421
64078 9.576807
64098 9.653421
64118 9.768343
64140 9.768343
64158 9.615114
64178 9.768343
64198 9.768343
64218 9.691729
64239 9.730036
64258 9.883265
64278 9.80665
64298 9.844957
64318 9.768343
64338 9.844957
64358 9.844957
64378 9.844957
64398 9.844957
64418 9.80665
64439 9.691729
64458 9.768343
64478 9.959879
64498 9.883265
64518 9.844957
64538 9.844957
64559 9.653421
64578 9.80665
64598 9.844957
64618 9.653421
64638 9.653421
64659 9.921572
64678 9.80665
64698 9.80665
64718 9.768343
64738 9.691729
64758 9.691729
64778 9.730036
64798 9.80665
64818 9.844957
64838 9.998186
64858 9.921572
64878 10.113108
64898 9.844957
64918 9.768343
64938 9.998186
64958 10.036493
64978 9.80665
64998 9.653421
65018 9.5385
65038 9.653421
65058 9.691729
65079 9.615114
65098 9.768343
65118 9.883265
65138 9.844957
65158 9.844957
65178 9.653421
65198 9.768343
65218 9.730036
65238 9.80665
65258 9.768343
65278 9.998186
65298 9.80665
65318 9.768343
65338 9.883265
65358 9.615114
65378 9.80665
65398 9.768343
65418 9.883265
65438 9.691729
65458 9.768343
65478 9.921572
65498 9.921572
65518 9.80665
65538 9.921572
65558 9.921572
65578 9.80665
65600 9.730036
65618 9.844957
65638 9.730036
65658 9.768343
65678 9.80665
65698 9.883265
65718 9.883265
65738 9.844957
65758 9.844957
65778 9.844957
65798 9.768343
65818 9.844957
65838 9.691729
65858 9.844957
65878 9.959879
65898 9.921572
65918 9.80665
65939 9.844957
65959 9.80665
65978 9.844957
65998 9.883265
66018 9.959879
66038 9.768343
66058 9.921572
66078 9.844957
66098 9.921572
66120 9.80665
66139 9.768343
66158 9.883265
66178 9.921572
66198 9.730036
66218 9.615114
66238 9.80665
66258 9.768343
66278 9.5385
66298 9.959879
66318 9.921572
66338 9.80665
66358 9.80665
66378 9.730036
66398 9.730036
66418 9.730036
66439 9.730036
66458 9.615114
66478 9.653421
66498 9.844957
66518 9.730036
66539 9.768343
66558 9.883265
66578 9.844957
66598 9.768343
66618 9.883265
66639 9.844957
66658 9.80665
66678 9.844957
66698 9.844957
66718 9.768343
66738 9.921572
66758 9.80665
66778 9.730036
66798 9.730036
66819 9.844957
66838 9.844957
66858 9.883265
66878 9.768343
66898 9.691729
66918 9.768343
66938 9.730036
66959 9.730036
66978 9.653421
66998 9.730036
67018 9.691729
67038 9.615114
67058 9.615114
67078 9.768343
67098 9.844957
67118 9.959879
67138 9.80665
67160 9.80665
67178 9.653421
67198 9.768343
67218 9.883265
67238 9.615114
67258 9.615114
67278 9.768343
67298 9.691729
67318 9.691729
67338 9.959879
67358 9.768343
67378 9.959879
67398 9.653421
67418 9.653421
67438 9.730036
67458 9.80665
67478 9.883265
67498 9.80665
67518 9.730036
67538 9.883265
67558 9.844957
67578 9.80665
67598 9.883265
67618 9.80665
67638 9.844957
67658 9.576807
67679 9.653421
67698 9.80665
67718 9.80665
67738 9.768343
67758 9.921572
67780 9.883265
67798 9.959879
67818 9.730036
67838 9.730036
67858 9.768343
67878 9.80665
67898 9.883265
67918 9.768343
67938 9.768343
67958 9.730036
67978 9.730036
67998 9.615114
68018 9.730036
68038 9.80665
68058 9.615114
68078 9.768343
68098 9.653421
68118 9.691729
68138 9.653421
68158 9.653421
68178 9.615114
68201 9.691729
68218 9.691729
68238 9.921572
68258 9.730036
68278 9.730036
68299 9.768343
68318 9.615114
68338 10.036493
68358 9.921572
68378 9.80665
68398 9.80665
68418 9.768343
68438 9.959879
68458 9.691729
68478 9.768343
68498 9.883265
68518 9.921572
68538 9.844957
68558 9.844957
68578 9.768343
68598 9.615114
68618 9.691729
68638 9.653421
68658 9.653421
68678 9.80665
68698 9.80665
68721 9.883265
68738 9.730036
68758 9.653421
68778 9.730036
68798 9.691729
68819 9.730036
68838 9.730036
68858 9.730036
68878 9.844957
68898 9.768343
68918 9.883265
68938 9.921572
68958 9.921572
68978 9.730036
68998 9.883265
69018 9.959879
69038 9.883265
69058 9.80665
69078 10.036493
69098 9.80665
69118 9.883265
69138 9.959879
69158 9.80665
69178 9.80665
69198 9.768343
69218 9.883265
69239 9.730036
69258 9.768343
69278 9.691729
69298 9.768343
69318 9.576807
69338 9.883265
69358 9.80665
69378 9.844957
69398 9.844957
69418 9.615114
69438 9.844957
69458 9.768343
69478 9.844957
69498 9.730036
69518 9.844957
69538 9.768343
69558 9.883265
69578 9.883265
69599 9.844957
69618 9.653421
69638 9.653421
69658 9.691729
69678 9.615114
69698 9.691729
69718 9.691729
69738 9.768343
69759 9.653421
69778 9.844957
69798 9.844957
69818 9.80665
69838 9.921572
69858 9.80665
69878 9.959879
69898 9.959879
69918 9.883265
69938 9.80665
69958 9.653421
69978 9.768343
69998 9.959879
70018 9.921572
70038 9.80665
70058 9.768343
70078 9.768343
70098 9.844957
70118 9.768343
70138 9.730036
70158 9.730036
70179 9.768343
70198 9.80665
70218 9.691729
70238 9.615114
70258 9.768343
70278 9.844957
70298 9.844957
70318 9.691729
70338 9.730036
70358 9.691729
70378 9.730036
70398 9.653421
70418 9.691729
70438 9.844957
70458 9.768343
70478 9.844957
70498 10.036493
70518 10.036493
70538 9.653421
70558 9.768343
70578 9.768343
70598 9.844957
70618 9.883265
70638 9.959879
70658 9.80665
70678 9.730036
70699 9.921572
70718 9.921572
70738 9.80665
70758 9.844957
70778 9.730036
70800 9.653421
70818 9.730036
70838 9.80665
70858 9.998186
70878 9.80665
70898 9.80665
70918 9.768343
70938 9.80665
70958 9.998186
70978 9.80665
70998 9.730036
71018 9.80665
71038 9.80665
71058 9.691729
71078 9.921572
71098 9.883265
71118 9.883265
71138 9.730036
71158 9.615114
71178 9.730036
71198 9.768343
71218 9.80665
71238 9.921572
71258 9.691729
71278 9.883265
71298 9.730036
71319 9.653421
71338 9.691729
71358 9.883265
71378 9.653421
71398 9.768343
71418 9.768343
71438 9.883265
71458 9.844957
71478 9.768343
71498 9.883265
71518 9.730036
71538 9.883265
71558 9.844957
71578 9.576807
71598 9.576807
71618 9.691729
71638 9.844957
71659 9.921572
71678 9.883265
71698 9.844957
71718 9.80665
71738 9.844957
71758 9.959879
71778 9.883265
71798 9.959879
71818 9.883265
71838 9.883265
71858 9.844957
71878 9.691729
71898 9.844957
71918 9.998186
71939 9.730036
71958 9.959879
71978 9.883265
71998 9.921572
72018 9.691729
72038 9.691729
72058 9.270349
72078 8.465897
72098 7.73806
72118 9.844957
72138 10.840946
72158 11.070788
72179 10.802638
72198 7.776367
72218 9.691729
72238 12.98615
72258 16.16565
72278 16.089035
72298 15.054741
72318 14.288596
72338 10.726024
72358 11.070788
72378 10.342951
72399 8.695741
72418 11.18571
72438 14.556746
72459 13.982139
72478 12.066776
72498 12.679692
72518 12.373234
72538 13.101071
72559 12.066776
72578 9.040504
72598 10.534487
72618 10.189722
72638 11.300632
72658 12.028469
72678 11.722012
72698 11.300632
72718 10.342951
72738 11.109097
72758 11.492168
72778 12.29662
72798 13.330915
72818 14.020446
72838 14.480132
72858 15.7825775
72878 16.663645
72898 15.897499
72918 15.246276
72938 15.629349
72958 16.280571
72979 15.859192
72998 15.169662
73018 16.01242
73038 17.046715
73058 16.663643
73078 16.740257
73098 16.16565
73118 15.47612
73138 15.399506
73158 15.629349
73178 15.399506
73198 19.268536
73219 16.740257
73238 16.280571
73258 15.7825775
73278 15.552734
73298 15.7825775
73318 15.820885
73338 14.326904
73358 13.062764
73378 14.326903
73398 14.709975
73418 13.713987
73438 12.488156
73458 9.308657
73478 4.5202527
73499 1.8387467
73518 0.15322852
73538 -0.11492181
73558 -0.22984302
73578 -1.1492169
73598 -3.6008794
73618 -6.7420716
73638 -7.9679036
73659 -6.588843
73678 -3.6391869
73698 -2.6815062
73718 -4.3287168
73738 -7.929596
73760 -10.151415
73779 -11.070788
73819 -10.840944
73819 -11.530475
73839 -11.836932
88273 -5.8226986
88273 -5.056554
88273 -4.673482
88273 -5.0182467
88273 -5.477933
88273 -5.3630114
88273 -5.2097826
88273 -4.7884035
88273 -4.7500963
88273 -5.2097826
88273 -5.0182467
88273 -5.2097826
88273 -5.2097826
88273 -5.286397
88273 -5.324704
88273 -5.4013186
88273 -5.477933
88273 -5.2097826
88273 -4.7117887
88273 -4.5968666
88273 -4.1371803
88273 -3.5242648
88273 -3.1411927
88273 -3.5242646
88274 -3.8690295
88274 -3.562572
88274 -3.1794999
88274 -3.2178068
88274 -3.8690305
88274 -4.0222588
88274 -4.3287163
88274 -4.711789
88274 -4.443638
88274 -4.252102
88274 -4.3287163
88274 -4.2137947
88274 -4.3670235
88274 -4.1371803
88274 -4.711788
88274 -5.861006
88274 -6.2440777
88274 -6.282385
88274 -6.167464
88274 -6.0525417
88274 -6.282385
88274 -5.861006
88274 -5.2097836
88274 -4.9416327
88274 -4.8650184
88275 -4.520252
88275 -4.2904096
88275 -3.983952
88275 -3.945644
88275 -4.328717
88275 -4.6734824
88275 -4.9799395
88275 -5.66947
88275 -6.2057705
88275 -6.2823853
88275 -6.550536
88275 -6.4739213
88275 -6.244078
88275 -6.3589997
88275 -6.5888433
88275 -6.665458
88275 -6.3973074
88275 -6.473921
88275 -5.93762
88275 -5.707777
88275 -5.5545473
88275 -5.094861
88275 -4.673482
88275 -5.2480907
88275 -4.5968676
88275 -4.520252
88275 -5.018247
88275 -5.7077775
88275 -5.6694703
88275 -5.439626
88275 -5.5162406
88275 -5.8993134
88275 -6.129156
88275 -6.512229
88275 -6.1674643
88275 -6.1674643
88275 -6.397307
88275 -6.895302
88275 -6.473922
88275 -5.8610067
88275 -5.5928545
88275 -5.24809
88275 -4.55856
88275 -4.6351748
88275 -4.520253
88276 -5.66947
88276 -5.7843904
88276 -5.3247046
88276 -4.5585604
88276 -5.133168
88276 -5.861006
88276 -6.2057714
88276 -6.5888433
88276 -6.5888433
88276 -6.9719152
88276 -7.04853
88276 -7.1251445
88276 -5.6694694
88276 -5.094861
88276 -4.596867
88276 -4.979939
88276 -5.746084
88276 -7.546524
88276 -6.129156
88276 -4.8650184
88276 -4.4053316
88276 -5.133168
88276 -5.3247046
88276 -5.7460833
88276 -5.2097826
88276 -5.094861
88276 -4.7884035
88276 -5.2863975
88276 -4.367024
88276 -3.6008792
88276 -3.6774936
88276 -3.9456444
88276 -4.82671
88276 -4.5968676
88276 -4.8650174
88277 -4.711789
88277 -4.9799395
88277 -5.9759283
88277 -6.8569937
88277 -7.0102224
88277 -7.086837
88277 -7.2017584
88277 -7.0102224
88277 -6.703764
88277 -6.473921
88277 -6.320693
88277 -6.090849
88277 -6.205771
88277 -6.0525413
88277 -5.5545473
88277 -5.5928555
88277 -6.3973074
88277 -6.3973064
88277 -5.861005
88277 -4.8267107
88277 -5.554548
88277 -6.1674633
88277 -6.282385
88277 -5.4396257
88277 -5.133168
88277 -5.93762
88277 -6.8569937
88277 -7.6614456
88277 -7.0485287
88277 -5.401319
88277 -4.1371803
88277 -3.9073367
88277 -4.865018
88277 -5.6694694
88277 -6.167463
88277 -5.93762
88277 -5.975927
88277 -5.286397
88277 -5.554548
88277 -5.8226986
88277 -6.014234
88277 -5.8226976
88277 -5.822698
88277 -6.167464
88277 -7.0102224
88277 -7.8146744
88277 -8.350975
88277 -8.197746
88277 -7.776367
88277 -7.010223
88277 -6.6271496
88277 -6.856993
88278 -6.7037644
88278 -6.3973064
88278 -6.1674633
88278 -6.4356136
88278 -6.282385
88278 -5.93762
88278 -5.2097826
88278 -5.861006
88278 -6.665457
88278 -7.469909
89082 -8.082825
89082 -7.929595
89082 -7.5848317
89082 -7.3166804
89082 -7.354987
89082 -7.6614447
89082 -7.967903
89082 -7.929596
89082 -7.125144
89082 -6.167464
89082 -5.7460847
89156 -5.784392
89156 -5.861006
89156 -6.0525417
89156 -6.4356146
89156 -5.746084
89156 -5.363012
89156 -5.24809
89156 -5.631162
89156 -6.359
89156 -7.0102224
89156 -7.546524
89156 -7.508217
89156 -7.2017593
89156 -7.04853
89156 -7.04853
89156 -6.8186865
89156 -6.703765
89156 -6.512229
89156 -6.5888433
89156 -6.6271505
89156 -6.4356146
89156 -6.320693
89156 -6.282386
89156 -6.0142355
89156 -5.4396257
89156 -5.6694703
89156 -5.9759283
89156 -6.09085
89156 -6.2057714
89156 -5.861006
89156 -6.282386
89156 -6.6271505
89156 -6.588844
89225 -6.550536
89225 -6.0142345
89225 -5.746084
89225 -6.0908484
89252 -6.2057705
89277 -6.0525417
89292 -5.784391
89304 -5.0182467
89319 -4.520253
89379 -4.5585594
89379 -4.9033256
89379 -5.5545483
89426 -5.93762
89426 -5.592855
89463 -5.4013195
89463 -5.975928
89478 -6.933608
89498 -7.31668
89518 -7.125144
89538 -7.125144
89558 -7.546524
89578 -7.431602
89598 -6.9719152
89618 -6.6654577
89638 -5.9759274
89659 -4.7500963
89678 -3.9073372
89698 -4.1371803
89718 -4.5968676
89738 -4.9799385
89758 -4.7884035
89779 -4.405331
89798 -4.596867
89818 -4.6351743
89838 -3.983952
89858 -3.639186
89878 -3.639186
89898 -4.175488
89918 -4.2904096
89938 -3.7541084
89958 -3.5242653
89978 -4.0988727
89998 -5.5928555
90018 -5.9759283
90038 -5.0948615
90058 -4.405331
90078 -4.55856
90098 -5.133168
90118 -6.473922
90138 -6.933608
90158 -7.0102224
90178 -6.7803802
90198 -6.7420716
90218 -6.3206925
90245 -5.6311626
90258 -4.8267097
90278 -3.7924156
90298 -3.754108
90318 -3.6008792
90338 -3.064578
90358 -2.6048913
90378 -2.2984338
90398 -2.528277
90418 -2.4899693
90438 -3.0262709
90458 -3.2944217
90478 -3.2178073
90498 -3.4093428
90518 -3.6774936
90538 -3.562572
90558 -3.6008792
90578 -3.2944221
90598 -3.2944221
90618 -3.5625725
90639 -4.3287168
90658 -4.6351743
90678 -4.711789
90698 -4.443639
90742 -4.5202527
90742 -4.7117887
90765 -4.7117887
90779 -4.481945
90799 -4.2137947
90818 -3.9073372
90838 -3.9073377
90858 -3.4476504
90878 -3.2561145
90898 -3.1028852
90918 -3.2178073
90938 -3.1795
90966 -3.2944217
90978 -3.371036
90998 -3.1795
91018 -3.2944212
91038 -3.1028852
91058 -3.141193
91078 -3.1028857
91098 -3.2561145
91118 -3.2944217
91138 -2.873042
91158 -2.6048913
91178 -2.643199
91198 -2.9113488
91219 -2.758121
91238 -1.9919758
91258 -1.9153614
91278 -1.9536681
91298 -2.2984333
91319 -2.1835117
91338 -1.9536686
91359 -1.6472106
91378 -1.3407526
91398 -1.4556742
91419 -1.8004398
91438 -2.6815057
91460 -2.7198133
91478 -2.4133554
91498 -1.8387473
91518 -1.3407528
91538 -1.3407531
91558 -1.6472106
91578 -2.6431987
91598 -3.0645783
91619 -3.0645776
91638 -2.1068978
91658 -2.566585
91678 -2.3367414
91698 -2.7581205
91718 -2.5665846
91739 -2.8347354
91758 -2.6048913
91778 -2.9113493
91798 -3.2178068
91818 -2.7964277
91839 -2.873042
91858 -2.7964272
91878 -2.6048908
91898 -2.451662
91918 -2.3750477
91938 -2.4899697
91959 -2.2984333
91978 -2.260126
91998 -2.6048908
92018 -2.7198129
92038 -2.7198133
92058 -2.451662
92078 -2.1835117
92098 -1.9153614
92118 -2.221819
92138 -2.1068974
92159 -2.4516625
92178 -2.451662
92200 -2.7198129
92218 -2.6431985
92238 -2.1452045
92258 -1.9153624
92278 -1.6089034
92298 -1.8387465
92318 -2.2984333
92338 -3.1411924
92359 -2.6048913
92378 -2.221819
92398 -2.1452045
92418 -2.2984338
92438 -2.75812
92458 -3.0645785
92478 -2.873042
92498 -2.528277
92518 -2.336741
92538 -1.9153609
92558 -2.4516628
92578 -3.4093432
92598 -4.520253
92618 -5.4013195
92638 -5.401319
92658 -5.133168
92678 -4.29041
92698 -3.9456444
92718 -4.2137957
92739 -4.5585604
92758 -4.8267107
92778 -4.405331
92798 -4.1371803
92818 -4.1754875
92838 -4.3670244
92858 -4.252102
92879 -3.6774936
92899 -2.9879637
92918 -3.0645785
92938 -3.3710365
92958 -3.3327284
92978 -3.5242648
92998 -4.175487
93018 -4.596867
93038 -4.367024
93058 -3.6391869
93078 -3.1028848
93098 -3.3710365
93118 -3.677494
93138 -4.0988736
93158 -4.213795
93178 -3.754108
93198 -3.6774936
93218 -4.0222588
93240 -4.5585604
93258 -4.2521024
93278 -3.2944212
93298 -3.0262709
93319 -3.5242653
93339 -3.86903
93358 -4.0605655
93378 -3.9073372
93399 -3.9839516
93418 -3.945644
93438 -3.7158008
93458 -3.1028852
93478 -2.6431985
93498 -2.260126
93518 -2.6048913
93538 -2.7198138
93558 -2.9113498
93578 -2.7198133
93598 -2.528277
93618 -2.6048913
93638 -3.2178068
93658 -3.562572
93678 -3.4093432
93698 -2.9879632
93718 -2.7198129
93738 -2.6815057
93758 -2.9879632
93778 -3.2561145
93798 -3.1028852
93818 -2.8730416
93838 -2.9113498
93858 -2.7964282
93878 -2.6431985
93898 -2.8347344
93918 -3.1794996
93938 -2.949656
93959 -2.9879632
93978 -2.9113488
93998 -2.949656
94019 -2.949656
94038 -2.949656
94059 -3.447651
94078 -3.5625725
94098 -2.9879646
94118 -3.064579
94138 -3.0262713
94158 -2.8347354
94179 -2.8347344
94198 -2.0685897
94218 -0.45968676
94238 0.3447652
94258 -0.15322876
94278 -0.7661443
94298 -0.88106585
94318 -0.53630114
94338 -0.72783756
94358 -0.8810663
94378 -1.1109095
94398 -0.76614475
94418 -0.5746083
94438 -0.6129155
94458 -0.80445194
94478 -0.9576807
94498 -1.1109095
94518 -1.1875238
94538 -1.3024459
94559 -1.8387465
94579 -1.6855183
94598 -1.2641387
94618 -1.9153609
94639 -1.8770537
94658 -1.3407531
94678 -0.84275913
94698 -0.9193735
94718 -0.9959879
94738 -1.1492171
94758 -0.9959879
94778 -0.6129155
94799 0.30645752
94818 0.6512232
94839 0.5746083
94858 0.45968676
94878 -0.49799395
94898 -1.6089034
94918 -0.84275913
94938 -0.19153643
94958 -1.0342956
94979 -2.758121
94999 -3.7541084
95018 -2.9879632
95038 -3.141192
95058 -2.9113498
95078 -2.451663
95098 -1.838747
95118 -1.8387465
95138 -2.4899697
95159 -3.256114
95178 -4.0605664
95198 -4.788403
95218 -5.171476
95238 -5.6694694
95258 -7.2783737
95278 -9.308657
95299 -10.381258
95318 -10.266337
95338 -9.500192
95358 -8.00621
95378 -6.282385
95398 -3.6008792
95418 -4.481945
95438 -8.121133
95458 -9.576806
95479 -9.998186
95498 -9.232041
95518 -7.891289
95538 -6.3206925
95558 -8.619125
95579 -9.461885
95598 -9.461885
95618 -8.84897
95639 -7.31668
95658 -6.397307
95679 -6.282385
95698 -6.2823853
95718 -4.903325
95746 -5.171476
95758 -5.592855
95780 -4.7884035
95798 -4.673482
95818 -4.9416323
95839 -4.7500963
95858 -4.1371813
95879 -3.7924156
95898 -3.1028852
95918 -2.451663
95938 -2.4899697
95958 -2.949657
95978 -3.1028852
96004 -3.256114
96018 -3.7924151
96038 -5.133168
96058 -5.018246
96078 -5.477934
96098 -6.742072
96118 -7.201759
96138 -7.163451
96159 -5.2863975
96178 -4.6351748
96199 -2.7964287
96218 -4.7500963
96238 -2.5665846
96259 -3.9073372
96278 -1.6855178
96299 -0.2681508
96318 1.2641382
96338 -0.7278371
96358 -3.0645785
96378 -0.6129155
96398 1.1875238
96418 1.9153613
96439 2.2218196
96458 1.5705967
96486 3.9839516
96498 5.018247
96518 5.2863975
96538 6.205771
96558 6.9719152
96579 7.546524
96598 8.350975
96618 9.730036
96638 9.998186
96658 10.304645
96678 11.185711
96698 12.105083
96721 10.342951
96749 9.576807
96848 12.105083
96848 10.840946
96848 9.5385
96848 11.185711
96849 11.377247
96912 12.296619
96912 12.641384
96912 11.722012
96937 12.143391
105257 -2.7964282
105257 -2.7198138
105257 -2.796428
105257 -2.2601266
105257 -2.145205
105257 -2.8347354
105257 -2.8730426
105257 -2.6431992
105257 -2.1068978
105257 -2.106897
105257 -2.1068976
105257 -2.2984343
105257 -2.2218196
105258 -2.0302827
105258 -2.1835115
105258 -2.2984333
105258 -1.9153609
105258 -1.9536679
105258 -2.5282764
105258 -2.6048918
105258 -2.4899702
105258 -2.298433
105258 -2.2601268
105258 -2.451663
105258 -2.6815054
105258 -2.6815066
105258 -2.4516628
105258 -2.3367405
105258 -2.643199
105258 -2.451663
105258 -2.3750486
105258 -2.298433
105258 -2.3367405
105258 -2.48997
105258 -2.1452048
105258 -1.8770535
105258 -2.2601266
105258 -2.2218192
105258 -1.9153614
105258 -2.1068976
105258 -2.336741
105258 -2.2218194
105258 -2.2218196
105258 -1.9153616
105258 -2.0685904
105258 -2.2218194
105258 -2.3750477
105258 -2.298433
105258 -1.7238247
105258 -1.877054
105258 -2.0302827
105258 -1.9153612
105258 -1.6089034
105258 -1.6089032
105258 -1.8387463
105258 -2.1068978
105258 -2.2601268
105258 -2.375048
105258 -2.6048915
105258 -2.2984338
105258 -1.7238255
105258 -1.4939818
105259 -1.7238255
105259 -1.7621319
105259 -1.9153607
105259 -1.9536679
105259 -1.8770535
105259 -2.106897
105259 -1.8004391
105259 -1.6855175
105259 -1.9153612
105259 -1.6855178
105259 -1.5705962
105259 -1.8387465
105259 -1.6472106
105259 -1.6089029
105259 -1.6472101
105259 -1.8004394
105259 -2.1835122
105259 -2.1068978
105259 -2.1452043
105259 -1.9153609
105259 -2.06859
105259 -2.106898
105259 -1.9536679
105259 -2.1835122
105259 -2.1452048
105259 -1.991976
105259 -1.8770535
105259 -1.9536679
105259 -2.0302827
105259 -1.8387463
105259 -1.8004394
105259 -1.8387465
105259 -1.7238247
105259 -1.9153607
105259 -2.0302827
105259 -2.3367403
105259 -2.3750484
105259 -2.2218196
105259 -1.9536679
105259 -2.298433
105259 -2.5665846
105259 -2.2601268
105259 -2.0685906
105259 -1.9919763
105259 -1.9536679
105259 -1.9536679
105259 -2.0302825
105259 -2.2218184
105259 -2.0685897
105259 -2.221819
105259 -2.145205
105259 -2.2218194
105259 -1.5705967
105259 -1.6089039
105260 -2.2601259
105260 -2.451662
105260 -2.4133549
105260 -2.3367405
105260 -2.3367403
105260 -2.1835115
105260 -2.451662
105260 -2.413355
105260 -2.3750484
105260 -2.298433
105260 -2.5282776
105260 -2.2218196
105260 -2.2984343
105260 -2.7198136
105260 -2.643199
105260 -2.796428
105260 -2.7581208
105260 -2.9113495
105260 -2.4899702
105260 -2.6815062
105260 -2.6815054
105260 -2.91135
105260 -2.9496572
105260 -2.7198136
105260 -2.3750486
105260 -2.2601268
105260 -2.2984343
105260 -2.3750486
105260 -2.9496572
105260 -3.0645788
105260 -2.7198136
105260 -3.102886
105260 -2.949657
105260 -2.9496567
105260 -2.9113498
105260 -2.9496567
105260 -3.2561145
106279 -3.141193
106279 -3.2944217
106279 -3.0645783
106279 -2.9113495
106279 -2.9496567
106279 -2.9879644
106279 -2.7581208
106279 -3.102886
106279 -3.1411932
106279 -2.7964282
106279 -2.6815062
106279 -2.7198136
106279 -3.2178073
106279 -3.3710365
106279 -3.1028857
106279 -2.9879642
106279 -2.9113498
106279 -2.796428
106279 -3.0262709
106279 -3.0262713
106280 -2.9879642
106280 -2.6431994
106280 -2.6431992
106280 -2.6431992
106280 -2.6048923
106280 -2.8347354
106280 -2.7198138
106280 -2.3750477
106280 -2.4899702
106280 -2.643199
106280 -2.6815066
106280 -2.8730423
106280 -3.1411927
106280 -3.1411927
106280 -2.7198136
106280 -2.7964277
106280 -2.6431994
106280 -2.5665848
106280 -2.5282767
106280 -2.6048913
106280 -2.528277
106280 -2.528277
106280 -2.7198129
106280 -2.4516623
106280 -2.1835117
106280 -2.2218187
106280 -1.8770535
106280 -1.8770537
106280 -2.260127
106280 -2.1835127
106280 -1.4173675
106599 -1.0726018
106599 -1.8004394
106599 -3.1028855
106599 -3.4859583
106599 -3.1794999
106599 -2.7581203
106599 -1.3407531
106599 -1.3024464
106599 -1.532289
106599 -1.9153609
106599 -0.19153595
106599 0.038307667
106599 -0.11492157
106599 -1.532289
106599 -1.8004398
106599 -2.1452045
106688 -1.225831
106688 0.42137957
106688 0.19153595
106688 -0.45968676
106773 -1.6855183
106773 -1.0726023
106773 0.15322924
106773 1.838747
