172 1.3474026
172 1.7687826
172 1.845397
172 1.9220114
243 2.1518545
243 2.4966202
243 2.4200048
243 2.6115408
263 2.4966192
439 2.3433905
439 2.3050833
439 2.3433905
440 2.458312
440 2.5732346
440 2.3433905
440 2.036933
440 1.9220114
455 1.7304754
489 1.653861
489 1.6921682
503 1.9603186
523 1.845397
543 1.4623251
563 1.0792522
583 1.3474035
603 1.5772467
623 1.4623251
643 1.3090954
663 1.6921682
683 1.232481
703 0.9643307
723 1.1175594
743 1.040945
763 1.0792532
783 1.1558676
803 1.040945
823 0.61956596
843 0.61956596
863 1.040945
883 1.3474035
903 1.3857107
923 1.2707891
943 1.2707891
963 1.232482
983 1.5006323
1003 1.6155539
1023 1.5772457
1043 1.4623241
1063 1.4240179
1083 1.9986258
1103 2.036933
1123 1.9220114
1143 1.9220114
1163 1.5006323
1183 2.0752401
1203 1.6921682
1223 1.6155539
1243 1.8837042
1263 1.8070898
1283 1.5389395
1303 1.8837042
1324 1.653861
1343 1.6155539
1363 1.4240179
1383 1.3474035
1403 1.5772467
1423 1.3857107
1443 1.5006323
1463 1.6155539
1483 1.845397
1503 1.7304754
1523 1.5006323
1543 1.5006323
1563 1.4240179
1583 1.5772467
1603 1.6155539
1623 1.5389395
1663 1.4240179
1669 1.6921682
1683 1.8070898
1703 1.653861
1723 1.5006323
1744 1.653861
1763 1.7687826
1783 1.9220114
1803 2.1135473
1823 1.8070898
1843 1.9220114
1863 2.266776
1883 2.5349264
1903 2.266776
1923 2.1901617
1943 1.9986258
1963 1.8837042
1983 1.9603186
2003 1.653861
2023 1.4623251
2043 1.653861
2063 1.7304754
2083 2.0752401
2104 1.8070898
2123 1.7687826
2143 1.8837042
2163 1.9220114
2183 2.0752401
2203 1.6921682
2223 1.3474035
2243 1.5006323
2264 1.6155539
2283 1.7304754
2303 1.7687826
2323 1.5389395
2343 1.653861
2363 1.7304754
2383 1.6921682
2403 1.9986258
2423 2.266776
2443 2.266776
2463 2.036933
2483 1.9603186
2503 1.9603186
2523 2.036933
2543 1.9603186
2563 1.9220114
2583 1.4240179
2603 1.4240179
2623 1.5389395
2643 1.7687826
2663 1.7687826
2684 1.4240179
2703 1.5389395
2723 1.3474026
2743 1.5772467
2763 1.7687826
2784 1.8837042
2803 1.5772467
2823 0.81110096
2843 1.232481
2863 1.424017
2883 1.8837042
2903 1.3474026
2923 0.8877163
2943 0.6961794
2963 1.3090963
2983 1.653861
3003 1.6155539
3023 1.424017
3043 1.0026379
3063 1.5389385
3083 1.8070898
3103 1.5772467
3123 1.845396
3143 1.1175604
3163 1.845397
3183 2.4200048
3203 2.3433905
3223 2.4966192
3243 2.1518545
3263 1.8837042
3283 1.6921682
3304 1.5772467
3323 1.3474026
3343 1.7304754
3363 1.6921682
3383 1.653861
3405 1.8070898
3423 2.9946136
3443 1.5006323
3463 1.1175594
3483 1.6921682
3503 2.1135473
3523 1.7687826
3543 1.845397
3563 1.5006313
3583 1.5772467
3603 2.036933
3623 2.458313
3643 2.3433914
3664 1.9220114
3683 1.5006323
3703 1.040945
3724 0.7727947
3743 0.9260235
3763 1.232481
3783 1.0792522
3803 1.1558666
3823 0.9643307
3843 1.0026388
3863 1.3090963
3883 1.6921682
3907 0.9260235
3923 0.84940815
3943 1.3474035
3964 1.1941738
4024 1.1558666
4024 1.4623241
4024 4.450289
4049 1.653861
4063 0.5812588
4090 2.6881561
4110 3.3010721
4126 1.5772467
4158 0.7344866
4163 -0.37642288
4183 -0.91272354
4203 -0.41472912
4223 0.50464344
4243 0.9260235
4263 2.5349274
4283 2.7647696
4303 6.2507277
4323 7.6297865
4343 5.7910414
4363 3.7990656
4383 2.6115417
14916 4.067216
14916 4.871668
14916 4.1821375
14916 1.424017
14990 0.42802906
14990 1.7304754
14990 3.2244577
14990 5.3696623
15023 2.9179993
15023 1.6155539
15088 2.458312
15088 2.9179993
15088 4.105523
15120 3.684144
15123 1.845397
15143 0.38972187
15163 -0.37642193
15183 0.8877163
15203 2.7647705
15223 1.653861
15243 1.3090954
15263 3.5692225
15283 2.8030777
15303 3.0329208
15323 3.1861506
15343 2.9563065
15363 2.458313
15383 2.4966202
15403 2.879692
15423 3.1095352
15443 3.3393793
15463 3.1861506
15483 2.8030787
15503 2.6115417
15523 2.3433905
15543 2.841385
15563 2.6115417
15583 1.8070898
15603 1.7687826
15623 1.845397
15647 1.6155539
15663 2.458312
15683 3.7607584
15703 3.8373728
15723 3.1478424
15743 2.9179993
15763 3.9139872
15783 5.0248966
15803 6.5954924
15823 6.8253355
15843 5.752734
15863 5.561198
15883 6.2507277
15903 5.8293486
15924 6.2124205
15943 6.327342
15963 5.484584
15983 4.2204447
16003 3.6458368
16023 2.9563065
16043 3.1861496
16063 3.1861506
16083 2.6881561
16103 1.653861
16123 1.0792522
16143 0.9260235
16163 1.0792522
16183 1.5772457
16203 1.7304754
16223 1.3857107
16243 1.3090963
16263 2.3433905
16283 2.7647705
16322 2.6881552
16330 2.9179993
16343 2.9179993
16363 3.1095352
16383 3.7990656
16403 4.0289087
16423 4.258752
16443 5.3696623
16463 6.0591917
16483 6.2124205
16503 6.097499
16523 4.258752
16543 4.680131
16563 5.9825783
16583 5.6378126
16603 4.909975
16623 4.258752
16643 3.6075296
16664 2.4966192
16683 1.5772467
16703 0.77279377
16724 0.2748003
16743 -0.5679579
16763 -0.1082716
16783 0.54295063
16803 0.6961794
16825 1.7304754
16843 0.9260235
16863 1.653861
16883 2.1518545
16903 2.841385
16923 2.0752401
16943 -0.1082716
16963 1.845397
16983 3.9139872
17003 4.6035166
17023 4.5652094
17043 4.3353662
17063 5.2547398
17083 5.7910414
17103 5.139819
17123 5.94427
17143 6.978566
17163 8.4725485
17183 7.74471
17203 6.0591917
17223 5.3696623
17244 4.7567453
17263 2.4966192
17283 0.5812588
17303 -0.6828804
17323 -2.1768618
17343 -2.1002474
17363 -0.41472912
17383 0.5429516
17403 0.5812578
17423 -0.14657879
17443 0.38972187
17463 1.0792532
17483 2.036933
17503 3.1861496
17523 3.7607584
17543 3.7607584
17563 3.7224503
17583 4.3353662
17603 5.4462767
17623 6.097499
17643 4.5652094
17663 4.105523
17683 5.4079685
17703 6.0591917
17723 5.331355
17743 3.7607584
17764 3.5309153
17783 2.3816977
17803 -0.7594938
17823 -1.6405611
17843 -0.26150036
17863 1.1941738
17883 1.1175594
17903 0.27480125
17923 0.3131075
17943 0.50464344
17963 0.7727947
17983 1.0026379
18003 1.2707891
18023 1.845397
18043 2.266776
18063 2.841384
18083 3.87568
18103 4.3353662
18123 4.871668
18146 5.139819
18163 5.2164335
18184 3.6075296
18203 3.6458359
18223 7.131795
18243 7.0551786
18263 4.718438
18283 2.3050833
18303 2.3816977
18323 2.7647696
18343 2.0752401
18363 0.5812578
18383 -0.29980755
18403 -0.26150036
18423 -0.1082716
18443 0.35141468
18463 0.61956596
18483 1.0026379
18503 1.1175594
18523 0.6961794
18543 1.0792522
18563 2.5732346
18583 3.492608
18604 4.1438303
18623 3.7607584
18643 3.7224512
18663 4.5652103
18683 5.101512
18703 5.5995045
18723 4.871668
18743 2.1901617
18763 2.9563065
18783 4.680132
18803 5.8293486
18823 4.5652094
18845 3.684144
18863 2.5349264
18883 1.1175604
18903 0.38972187
18923 0.46633625
18943 0.9260235
18963 0.5812578
18983 0.23649311
19003 0.8111019
19024 1.0792532
19043 1.3474035
19063 1.424017
19083 1.8837042
19103 2.649849
19123 2.5732336
19143 3.1861506
19163 4.2204447
19183 4.7950535
19203 4.871668
19223 5.0248966
19243 5.331355
19263 4.450289
19283 3.684143
19303 4.105523
19323 4.0289087
19343 4.3736734
19363 1.5389395
19383 0.65787315
19403 1.1558666
19423 1.2707891
19443 0.23649311
19463 -0.4913435
19483 -0.87441635
19503 -0.9893389
19523 -0.797802
19544 -0.41472912
19563 0.3131075
19583 0.69618034
19603 1.040945
19623 1.7687826
19643 1.8837042
19663 2.3816977
19683 3.1095352
19703 3.6458368
19723 3.3393784
19743 3.7607584
19763 3.7607584
19783 2.6115408
19803 2.7264624
19823 3.6458359
19843 3.8373728
19863 2.0752401
19883 0.619565
19903 0.42802906
19923 0.23649311
19943 -0.6445732
19964 -0.49134445
19983 -0.06996441
20003 -0.22319317
20023 -1.1425667
20043 -0.95103073
20064 0.15987873
20083 0.8877163
20103 1.6921682
20123 1.6921682
20143 1.5772467
20163 1.9986258
20183 2.7647696
20203 4.4119806
20223 4.6035166
20243 4.258753
20263 5.752733
20283 5.4462767
20303 3.3393784
20323 3.9906015
20343 6.4039564
20364 6.7870283
20383 3.5309143
20403 0.619565
20423 0.50464344
20443 2.228469
20463 3.1861506
20484 2.1901617
20503 -0.41472912
20523 -1.9087114
20543 -1.6788683
20563 -0.33811474
20586 1.845397
20603 3.2244577
20623 1.5389395
20643 0.38972187
20663 1.8837042
20683 3.4543009
20703 3.9522943
20723 4.6035166
20743 4.909974
20763 5.1781254
20783 6.135806
20803 7.783017
20823 6.289035
20843 4.9482822
20863 6.365649
20883 7.8596315
20903 5.7910414
20923 3.262764
20943 2.228469
20963 1.232482
20983 -0.03165722
21004 -0.41472912
21023 -0.03165722
21043 -0.45303726
21063 -0.7211876
21083 0.12157154
21103 -0.33811474
21123 0.12157154
21143 -0.03165722
21163 0.54295063
21183 1.6155539
21203 3.0329218
21224 2.9179993
21244 2.879693
21263 3.5692215
21283 4.3353662
21303 5.139819
21323 4.5652094
21343 3.6075296
21363 4.2204447
21383 5.293048
21403 5.484584
21423 4.526903
21443 3.071227
21463 2.8030777
21483 2.5349264
21503 1.653861
21524 0.9643307
21544 0.5812588
21563 0.08326435
21583 -0.1082716
21603 0.42802906
21623 0.5812588
21643 -0.22319317
21663 -0.60626507
21683 -0.37642193
21703 1.1558666
21723 3.6458368
21744 3.5692225
21763 2.458313
21783 2.1135483
21803 3.1861506
21823 3.9906015
21844 3.6458368
21863 3.4159927
21883 3.3393793
21905 1.9986258
21923 1.4240179
21943 1.3474035
21963 0.6961794
21983 -0.56795883
22003 -1.0276451
22023 -0.8361082
22044 -0.7211876
22064 -0.33811474
22083 0.6578722
22103 1.1941748
22123 1.9603186
22143 1.3090954
22163 1.1558666
22183 1.424017
22203 1.1941748
22223 0.7727947
22243 -0.37642288
22263 0.50464344
22283 1.9603186
22303 3.1861496
22323 2.9179993
22343 3.1861506
22363 3.2244577
22383 1.9603186
22403 2.1518545
22423 3.6075296
22443 4.450288
22464 3.1478424
22483 0.81110096
22503 -0.95103073
22523 -1.0276451
22543 -0.49134445
22564 -0.37642288
22583 -0.6445732
22603 -0.7594948
22623 -1.5256386
22643 -1.9470186
22663 -0.6445732
22684 -0.45303726
22703 -1.3724098
22723 -0.37642193
22743 0.65787315
22765 0.4663372
22783 1.1175594
22803 2.9946136
22823 3.1861506
22843 3.6458368
22863 2.9563065
22883 2.5349264
22903 2.1518545
22923 3.0329208
22943 3.492608
22963 3.684143
22984 2.1901617
23003 -0.797802
23023 -1.1808748
23043 -0.06996441
23063 0.006649971
23083 0.19818592
23103 -0.14657879
23123 -0.7594938
23143 -0.95103073
23163 -0.7211876
23183 0.35141468
23203 0.9260235
23223 0.69618034
23243 -0.1082716
23265 -0.18488598
23283 0.15987873
23303 0.88771534
23323 1.1558676
23343 1.6155529
23363 1.5772467
23383 1.6155529
23404 1.232481
23424 0.12157154
23443 -0.95103073
23463 0.9643316
23483 3.7990656
23503 4.948283
23523 2.6115417
23543 0.19818592
23563 -1.1425667
23583 -0.18488598
23603 1.6155539
23623 0.8494091
23643 -1.5256395
23663 -3.670844
23683 -3.7091508
23703 -2.1002479
23723 -0.06996441
23743 0.31310844
23763 -0.7211876
23783 -1.9087114
23803 -1.8704042
23824 -1.2957964
23843 0.12157154
23863 0.6578722
23883 -0.2615013
23903 -0.83610916
23924 -0.2615013
23943 0.12157154
23963 0.35141468
23983 1.0026388
24003 1.5006313
24023 1.4623241
24043 1.5006313
24063 1.8070898
24083 1.3474026
24103 0.3131075
24123 -0.64457226
24143 -0.03165722
24163 1.1558666
24183 2.2284698
24203 1.3857107
24223 -0.33811474
24243 -1.1425667
24263 -0.37642288
24283 0.7727947
24303 1.040945
24323 1.1175594
24344 0.81110096
24364 0.38972187
24383 0.12157154
24403 0.3131075
24423 0.619565
24443 -0.03165722
24463 0.5812578
24483 0.4663372
24504 0.15987873
24523 0.9643297
24543 1.1558676
24563 1.5389385
24583 2.2284698
24603 1.5772467
24623 0.08326435
24643 -0.5296507
24663 -0.1082716
24683 1.040945
24703 2.1518545
24723 2.1135473
24743 0.5429516
24764 -0.41472912
24783 -0.4530363
24803 -0.03165722
24823 0.2748003
24843 -0.606266
24864 -1.0659533
24883 -1.602253
24903 -2.445013
24923 -3.2111564
24943 -2.7131634
24963 -2.6748562
24983 -3.555922
25003 -3.8240733
25023 -3.2877712
25043 -3.4026933
25063 -2.75147
25083 -0.52965164
25104 -0.6828804
25123 -1.0659523
25143 -1.7554827
25163 -1.9087114
25183 -1.3724108
25203 -0.83610916
25223 -0.45303726
25243 -0.56795883
25263 -1.1042604
25284 -1.2957964
25303 -0.33811474
25323 -0.18488598
25343 -0.37642193
25363 -0.45303726
25383 -0.22319317
25403 0.15987873
25423 0.46633625
25443 1.1175594
25463 1.1175594
25483 0.9260235
25503 0.8877163
25523 1.0026379
25543 1.1558676
25563 1.4623251
25583 1.6921673
25603 1.5389395
25623 1.9603186
25643 2.3433914
25663 2.458312
25683 2.649848
25703 3.1478424
25723 3.2244577
25743 3.1478434
25763 3.492608
25783 3.492607
25804 3.262764
25823 3.5692225
25844 4.718439
25863 5.94427
25883 5.905963
25903 4.8333597
25923 2.879692
25943 1.5389395
25963 1.2707882
25983 2.266776
26003 2.9179993
26023 2.5732336
26043 2.036933
26063 1.7687826
26083 1.6155539
26103 1.3857107
26123 1.3474026
26143 1.0409441
26163 0.3131075
26183 -0.22319317
26203 0.08326435
26224 1.1558676
26243 1.2707882
26263 1.3474026
26283 1.7304745
26303 2.266777
26323 2.4200058
26343 2.9563065
26363 3.071228
26383 2.8030767
26403 2.3433905
26423 0.8494091
26443 -0.4530363
26463 0.9643316
26483 2.9946127
26503 3.8373728
26523 3.7224512
26543 3.9522943
26563 3.4543
26583 2.1135473
26603 1.7304754
26623 1.653861
26643 1.7687826
26663 1.9603186
26683 1.845397
26703 0.50464344
26723 -1.2191811
26744 -1.7554827
26763 -1.7937899
26783 0.6578722
26803 0.38972282
26823 2.1901617
26843 -2.2534761
26863 -2.7897778
26883 -1.7554827
26903 0.46633625
26927 1.4623251
26997 0.38972187
26998 0.6961794
26998 0.61956596
27009 -0.18488598
27025 -0.5679579
27060 -0.03165722
27069 0.619565
27099 0.9260235
27104 1.232482
27134 1.1558666
27143 1.232481
27163 1.1558666
27183 1.232481
27203 1.0026379
27223 0.5046444
27243 0.73448753
27263 1.4623251
27283 1.3857107
27303 0.8494091
27324 0.3131075
