1066 1.0019144
1086 1.026972
1105 1.0055057
1125 0.93373257
1145 0.86977047
1164 0.8502365
1184 0.8366867
1204 0.8788564
1223 0.90761507
1243 0.9221955
1263 0.8968937
1282 0.8635116
1302 0.8918874
1322 0.99783057
1341 1.1311716
1361 1.2309932
1381 1.3027636
1400 1.3645242
1420 1.3653399
1440 1.3631884
1459 1.3585372
1479 1.3852262
1499 1.4019319
1519 1.381037
1538 1.3310866
1558 1.2902209
1577 1.2697061
1597 1.2593967
1617 1.2515329
1637 1.2510988
1669 1.2460939
1676 1.2385837
1695 1.2313205
1715 1.253031
1736 1.2795314
1755 1.2841021
1776 1.2669069
1796 1.2568415
1815 1.2680484
1835 1.2947665
1856 1.3092958
1874 1.2925082
1894 1.2738191
1913 1.2580928
1933 1.2443266
1952 1.2239755
1973 1.211215
1992 1.2326287
2012 1.2335261
2031 1.2050143
2051 1.1829501
2076 1.1886098
2091 1.220688
2110 1.262504
2130 1.2882692
2150 1.3336488
2169 1.3987539
2189 1.4590732
2209 1.4676417
2229 1.4758037
2248 1.5046428
2268 1.5349495
2290 1.5470817
2307 1.5127202
2327 1.4449755
2346 1.3976108
2366 1.3545436
2386 1.3090807
2408 1.2776004
2424 1.2400014
2445 1.1725549
2464 1.1335394
2483 1.1369421
2503 1.1378965
2523 1.1628447
2543 1.2219114
2562 1.2858458
2583 1.3157446
2602 1.3189019
2623 1.3336459
2641 1.3820746
2662 1.4371672
2681 1.4185042
2700 1.3376979
2720 1.2691346
2740 1.2547151
2760 1.3042035
2779 1.3959463
2799 1.4206239
2818 1.5108684
2841 1.5835655
2858 1.5897689
2880 1.5434362
2897 1.5729287
2916 1.6477481
2936 1.721423
2960 1.7235967
2978 1.6471725
2995 1.5432683
3016 1.5104842
3034 1.4086221
3055 1.3471625
3075 1.3446046
3096 1.4136561
3113 1.4619488
3134 1.5034401
3153 1.5181053
3174 1.5770916
3192 1.7004215
3212 1.8245933
3232 1.9158714
3251 1.9425884
3271 1.852563
3291 1.721698
3312 1.650907
3330 1.6521301
3349 1.6637212
3369 1.7063003
3389 1.7376958
3409 1.7174544
3429 1.6180683
3447 1.5278515
3468 1.5177307
3487 1.6466355
3508 1.890084
3527 2.1297472
3546 2.2807176
3566 2.3522704
3586 2.397951
3606 2.4489653
3625 2.5092278
3646 2.6248283
3665 2.7032113
3684 2.728215
3703 2.6932821
3725 2.638349
3743 2.5790396
3763 2.5060456
3783 2.4529645
3802 2.410821
3822 2.3425047
3842 2.279601
3861 2.2628691
3880 2.330994
3900 2.4781275
3920 2.6761103
3941 2.9749246
3959 3.451207
3979 4.0352273
3999 4.560375
4019 4.973647
4038 5.328561
4059 5.5741863
4078 5.617392
4097 5.5283446
4117 5.438917
4136 5.3080244
4156 4.944077
4176 4.2504406
4197 3.4079542
4228 2.6045344
4235 1.9101611
4254 1.3000461
4275 0.70685655
4295 0.1629376
4314 -0.36125728
4333 -0.8956007
4354 -1.3501989
4372 -1.655458
4393 -1.7926091
4413 -1.7873851
4431 -1.6230549
4451 -1.348319
4471 -0.96734184
4494 -0.4407542
4510 0.2034483
4531 0.8282
4549 1.3717929
4569 1.9977403
4589 2.8452873
4610 3.767953
4629 4.6443667
4648 5.399358
4668 5.8367066
4687 5.8699803
4707 5.644815
4727 5.2258573
4747 4.7405944
4766 4.2490478
4786 3.596002
4805 2.737544
4835 1.7412587
4846 0.6652822
4866 -0.50632674
4885 -1.535098
4905 -2.262039
4923 -2.671582
4946 -2.5954032
4964 -2.148558
4983 -1.5917687
5002 -1.0610725
5022 -0.5506186
5041 0.078564994
5064 0.76997244
5082 1.5591598
5101 2.4172907
5121 3.2293885
5140 3.9397032
5161 4.507809
5183 4.868843
5201 4.8853307
5219 4.508217
5238 3.8143885
5258 2.988526
5278 2.2502143
5298 1.5556773
5317 0.70181596
5346 -0.32464296
5356 -1.4290217
5378 -2.59897
5396 -3.5620627
5415 -4.0064597
5435 -3.9333808
5454 -3.5524576
5474 -3.0435257
5495 -2.5115778
5515 -1.9970405
5533 -1.3250018
5553 -0.434957
5573 0.6519013
5595 1.796954
5612 2.8132646
5633 3.7344599
5652 4.6238227
5672 5.434397
5691 6.0114794
5712 6.2306304
5731 6.0478
5750 5.6349635
5770 5.2710996
5789 4.8330975
5809 4.093645
5828 3.0395155
5853 1.7483319
5868 0.34418878
5888 -1.0369692
5907 -2.261386
5927 -3.11149
5947 -3.3196228
5967 -3.1068916
5986 -2.804107
6006 -2.430368
6026 -1.9228523
6046 -1.2489645
6066 -0.43406364
6086 0.42991656
6104 1.3147112
6124 2.5730026
6144 4.107876
6163 5.0000973
6183 4.8848233
6203 4.253406
6222 3.7723076
6242 3.6278112
6262 3.5100868
6282 2.998243
6315 2.1392677
6321 1.1167539
6340 -0.1992686
6360 -1.6577731
6379 -2.5070076
6400 -2.4780881
6419 -2.1540802
6439 -2.1701047
6458 -2.3611236
6479 -2.1973648
6498 -1.4868032
6517 -0.46475038
6536 0.7714193
6557 2.1540956
6577 3.3689897
6596 4.2188487
6616 4.898829
6635 5.62721
6655 6.177631
6675 6.223149
6695 5.90578
6714 5.5180836
6734 5.0806794
6753 4.390196
6773 3.2794778
6792 1.9561108
6824 0.7874428
6832 -0.18000646
6853 -1.0245624
6873 -1.4631084
6891 -1.3609464
6911 -1.1527597
6930 -1.1091473
6951 -0.8549551
6970 -0.14730254
6989 0.798161
7009 1.8410811
7030 2.8193016
7052 3.717237
7068 4.586823
7088 5.3315015
7108 5.776007
7127 5.9007506
7148 5.9231157
7167 5.6209307
7186 4.8830256
7206 4.0624394
7225 3.33267
7246 2.593569
7266 1.5915409
7295 0.41391996
7305 -0.6898886
7324 -1.5251659
7344 -2.031319
7365 -2.3680582
7383 -2.444889
7404 -2.2504158
7423 -1.9141922
7442 -1.5209732
7463 -0.9509064
7483 -0.06309223
7502 0.9728075
7522 2.0057428
7540 3.175392
7560 4.4927716
7581 5.5836573
7600 6.1804905
7619 6.297917
7639 6.2658663
7658 6.2141476
7678 6.0564
7698 5.6627164
7718 5.0831294
7737 4.225867
7767 2.8777153
7776 1.2232686
7797 -0.14055695
7816 -0.92574507
7836 -1.1974611
7855 -1.3428525
7875 -1.4833481
7895 -1.4663956
7915 -1.1028575
7934 -0.5353222
7954 0.21623959
7973 1.1041067
7993 2.083851
8015 3.2195203
8033 4.246578
8052 4.9263697
8072 5.3290563
8092 5.5831957
8111 5.56774
8133 5.180995
8151 4.608589
8170 3.9461303
8190 3.202321
8209 2.2706778
8239 1.040546
8249 -0.1264104
8269 -0.90904367
8288 -1.4399316
8308 -1.9661113
8328 -2.378702
8349 -2.4953387
8367 -2.323963
8386 -1.8710237
8406 -1.1092302
8426 -0.034126543
8446 1.136175
8465 2.2459426
8486 3.2927804
8505 4.4451547
8524 5.513729
8544 6.061539
8565 6.0862966
8583 5.8867617
8603 5.570456
8623 5.1468153
8643 4.5856204
8663 3.9046347
8683 2.944506
8714 1.743026
8721 0.36946115
8741 -0.7963783
8760 -1.3582804
8779 -1.4310302
8801 -1.3343908
8820 -1.180836
8839 -0.7927563
8859 -0.122841485
8878 0.59253484
8899 1.3920622
8918 2.2750313
8937 3.311313
8957 4.3626394
8976 5.159717
8996 5.4851375
9016 5.343199
9036 4.874561
9055 4.1434307
9075 3.1014357
9095 2.0532372
9116 1.2044393
9144 0.42360237
9154 -0.56854934
9175 -1.764045
9193 -2.743627
9213 -3.0775628
9233 -2.821409
9253 -2.3841949
9272 -2.0251443
9292 -1.636141
9311 -1.0727147
9331 -0.4267174
9352 0.42940184
9370 1.4712052
9390 2.6520095
9410 3.6802926
9429 4.3443027
9450 4.5934076
9470 4.7663355
9488 4.7705793
9508 4.5183153
9527 4.14229
9547 3.733753
9567 3.1455946
9587 2.4582694
9606 1.690139
9636 0.8911286
9646 0.13768984
9666 -0.4214657
9685 -0.8411587
9706 -0.92389464
9724 -0.64042515
9744 -0.24927165
9763 0.11418438
9784 0.54323655
9803 0.9999016
9823 1.4864141
9843 2.0712516
9862 2.7154558
9882 3.4780083
9902 4.130047
9922 4.394443
9941 4.286487
9961 4.0229874
9980 3.7013488
10000 3.1867309
10020 2.5115128
10040 1.7741262
10069 0.9908411
10079 0.1515906
10099 -0.8154476
10118 -1.6809249
10138 -2.1899383
10157 -2.3214567
10177 -2.2169547
10197 -2.0619047
10218 -1.806676
10236 -1.4232227
10256 -0.80853784
10275 0.039527286
10295 1.0720534
10315 2.205053
10335 3.361889
10356 4.410986
10374 5.206786
10394 5.5415945
10413 5.3803954
10435 4.9765368
10453 4.6408324
10473 4.1482244
10492 3.3242376
10512 2.2255714
10542 1.1024745
10552 -0.058088563
10572 -1.2685754
10591 -2.3289611
10610 -3.0036645
10631 -3.1329231
10649 -2.8638206
10669 -2.4937806
10689 -2.0634232
10708 -1.3681802
10728 -0.4775095
10749 0.32811138
10769 1.1260613
10788 2.0623293
10806 2.984886
10826 3.7658029
10846 4.207205
10866 4.2264953
10886 3.881512
10906 3.3434427
10925 2.6044762
10945 1.7567645
10964 0.8982799
10985 0.04961638
11015 -0.80865055
11024 -1.6827531
11043 -2.5517921
11063 -3.0785158
11082 -3.2659142
11103 -3.2675734
11122 -3.1001704
11141 -2.6632268
11161 -1.9292957
11182 -1.0639545
11201 -0.21466611
11223 0.61973995
11240 1.4969455
11260 2.3381805
11279 3.029207
11299 3.3773155
11319 3.433551
11339 3.3418086
11358 3.062774
11377 2.646782
11397 2.3374405
11417 2.0699427
11436 1.6546578
11468 1.0806192
11476 0.35871202
11495 -0.48431805
11515 -1.0907578
11534 -1.2995439
11555 -1.2720919
11575 -1.1036543
11594 -0.8321283
11614 -0.6543037
11633 -0.5604122
11654 -0.3914046
11673 0.018847639
11692 0.6780701
11712 1.4722359
11732 2.3250334
11751 3.1669233
11773 3.776548
11792 4.0516644
11810 4.0662475
11830 3.7693114
11850 3.2566507
11871 2.6538565
11889 1.9496605
11909 1.1473298
11928 0.2797856
11958 -0.63428134
11968 -1.5433433
11992 -2.163986
12008 -2.3987534
12026 -2.4646492
12046 -2.4197035
12066 -2.1432266
12085 -1.5551238
12108 -0.65849394
12125 0.46104023
12145 1.5743991
12165 2.55077
12184 3.4533293
12204 4.1581507
12224 4.6589746
12244 4.94753
12263 4.9893737
12283 4.693636
12302 4.172246
12322 3.4818718
12342 2.6577501
12362 1.8753364
12381 1.2017758
12410 0.44482568
12421 -0.3426485
12442 -1.0904568
12462 -1.6460197
12479 -1.8083631
12499 -1.5350713
12518 -1.0299765
12539 -0.51054376
12558 3.9958954E-4
12578 0.5748722
12597 1.1563653
12617 1.6837158
12637 2.3421204
12657 3.2987967
12677 4.184078
12696 4.7335224
12715 4.990192
12735 4.809865
12756 4.2865705
12775 3.6260424
12794 2.9269083
12814 2.1420448
12835 1.3192297
12856 0.3504199
12873 -0.83362216
12893 -1.8568143
12912 -2.476153
12932 -2.872174
12952 -3.0074193
12972 -2.8109305
12991 -2.3019445
13011 -1.640057
13031 -0.7717502
13050 0.44703406
13070 1.8694638
13092 3.0979338
13109 3.9564435
13129 4.485317
13148 4.9561024
13168 5.348126
13189 5.389667
13207 5.1032624
13228 4.692493
13247 4.1458263
13267 3.305651
13286 2.222274
13306 1.1512221
13335 0.28928176
13345 -0.3203665
13364 -0.8443145
13384 -1.2298625
13404 -1.2065706
13424 -0.8085354
13444 -0.27383968
13463 0.29388574
13483 0.8582917
13502 1.4408445
13523 2.065377
13542 2.7685397
13561 3.6152985
13581 4.350401
13601 4.7795334
13621 4.8721986
13640 4.621379
13660 4.1053195
13680 3.5094347
13699 2.9342005
13719 2.3409555
13739 1.6817065
13767 0.8760839
13779 -0.15326196
13798 -1.0542172
13817 -1.5554754
13838 -1.7248642
13857 -1.6435155
13877 -1.4274664
13896 -1.2098927
13917 -0.9051205
13935 -0.31459582
13957 0.64128953
13975 1.850253
13995 3.1181738
14014 4.125045
14034 4.72675
14053 4.9266653
14074 4.843794
14093 4.776648
14113 4.678212
14132 4.4582705
14151 4.1594577
14172 3.6772177
14198 2.9516928
14211 2.0554457
14232 1.2461507
14251 0.5587173
14270 0.052071396
14292 -0.26295602
14310 -0.46657345
14329 -0.37820566
14348 -0.09704859
14368 0.04888786
14388 0.19479795
14408 0.59427583
14428 1.177371
14447 1.7912112
14467 2.6178358
14487 3.776412
14506 4.8701243
14527 5.4160852
14546 5.43135
14565 5.1629796
14584 4.893715
14604 4.539998
14625 3.840101
14644 2.940182
14663 2.0313644
14692 1.0441372
14703 -0.16746503
14722 -1.2869165
14742 -1.844385
14766 -1.8851135
14782 -1.6786662
14802 -1.4486054
14821 -1.0987793
14842 -0.43980235
14861 0.53178
14881 1.6635839
14900 2.7548494
14919 3.6468801
14939 4.4775867
14959 5.2336926
14979 5.6445165
14998 5.7240953
15018 5.538191
15038 5.096787
15061 4.5509915
15077 3.9615014
15098 3.3232832
15117 2.6373713
15142 2.0143092
15155 1.2503413
15175 0.3409508
15197 -0.38169158
15219 -0.7916162
15235 -0.84744394
15254 -0.5490666
15273 -0.11323955
15293 0.217485
15313 0.5322683
15332 0.97712713
15352 1.5904777
15372 2.4117155
15397 3.2912338
15415 4.2921743
15432 5.337705
15451 6.0263095
15472 6.1379104
15491 5.817386
15512 5.3837385
15530 4.8875127
15550 4.351538
15569 3.6638024
15589 2.778328
15628 1.8257065
15628 0.780991
15648 -0.2133913
15667 -0.7970594
15687 -0.97597146
15707 -0.91750395
15727 -0.6974001
15748 -0.37728456
15768 -0.005692829
15785 0.63138384
15805 1.5747819
15827 2.555861
15846 3.3378675
15865 3.912666
15885 4.439689
15904 4.7166004
15923 4.876958
15944 5.0276012
15964 4.9768353
15983 4.825131
16002 4.4694
16021 3.876263
16041 3.273169
16061 2.8208833
16094 2.323243
16100 1.5794625
16120 0.9967194
16139 0.53950924
16161 0.08809462
16179 -8.1833923E-4
16199 0.22466911
16219 0.61508745
16238 1.0388892
16259 1.4307765
16279 1.7974715
16297 2.4433885
16317 3.2261565
16336 3.882222
16356 4.510346
16376 5.061556
16396 5.233585
16417 5.0133743
16435 4.5577693
16455 4.1335597
16474 3.8284876
16495 3.4059372
16514 2.6010513
16545 1.6324886
16553 0.821833
16572 0.10114921
16592 -0.5339396
16614 -0.90933776
16634 -1.021537
16652 -1.018789
16671 -0.97014403
16691 -0.9386097
16713 -0.6554412
16731 0.02056616
16751 1.0979018
16769 2.1900399
16789 3.029318
16808 3.7645004
16828 4.4049754
16849 4.759397
16868 4.939099
16887 4.8602815
16906 4.5855193
16927 4.3834
16947 4.112093
16966 3.4373648
16986 2.5579314
17014 1.742406
17025 0.9551768
17045 0.22059084
17064 -0.4070711
17088 -0.87105757
17108 -0.9330624
17123 -0.63580036
17143 -0.36060393
17163 -0.15949033
17183 0.22681922
17202 0.83497214
17226 1.5586464
17241 2.2576697
17263 3.0404916
17282 4.0557423
17302 4.854264
17321 5.0628586
17340 4.946985
17359 4.5794477
17379 4.101477
17399 3.521535
17418 2.8292036
17438 2.0512786
17471 1.2991742
17480 0.40162137
17497 -0.66387933
17518 -1.4270865
17537 -1.6570112
17558 -1.5882592
17576 -1.3689725
17598 -1.0811238
17615 -0.5119556
17635 0.39302626
17655 1.4947399
17675 2.539157
17694 3.4528701
17716 4.3053675
17734 5.1722054
17753 5.782019
17773 5.908829
17793 5.662308
17812 5.2228093
17832 4.6699114
17853 3.9225652
17871 2.986541
17892 2.0761712
17928 1.3535593
17935 0.6908293
17953 -0.13525243
17970 -0.8780517
17989 -1.269939
18009 -1.1275121
18029 -0.4983811
18049 0.12392226
18069 0.5696523
18088 1.1350112
18107 1.8442674
18127 2.5674245
18148 3.2918067
18167 3.9897423
18186 4.688767
18206 5.272463
18226 5.517626
18245 5.2670765
18265 4.7964234
18286 4.4239345
18304 3.8950853
18324 3.1768777
18343 2.3686724
18373 1.4277502
18385 0.47537544
18402 -0.41390845
18422 -0.9866665
18442 -1.2428477
18461 -1.215422
18481 -1.093453
18501 -0.9111675
18522 -0.43134508
18540 0.3344464
18559 1.2489763
18581 2.3196757
18599 3.3265746
18619 4.1583157
18638 4.687188
18658 4.9885054
18678 5.104109
18698 5.101279
18722 4.981625
18737 4.809296
18757 4.5345078
18777 4.0544705
18802 3.3458953
18824 2.616697
18836 1.9428922
18855 1.3095179
18875 0.7562923
18894 0.3458475
18915 0.19405998
18934 0.37414142
18954 0.6413672
18973 0.889059
18993 1.1516045
19012 1.5452049
19034 2.202659
19055 2.885497
19072 3.529049
19091 4.2196965
19111 4.908603
19133 5.209866
19151 5.0434146
19170 4.6255183
19189 4.108614
19209 3.583795
19229 2.9781432
19249 2.176248
19280 1.3479898
19288 0.5484345
19307 -0.28673476
19330 -0.97234684
19347 -1.2255887
19372 -1.1627418
19386 -1.0391415
19406 -0.9216627
19425 -0.53497165
19445 0.17967094
19466 1.0704513
19488 2.1419108
19506 3.3131094
19524 4.3608165
19544 5.0719204
19564 5.443078
19583 5.5439086
19604 5.518143
19622 5.4563036
19643 5.2617474
19662 4.9078403
19682 4.374941
19702 3.599137
19731 2.6462743
19742 1.7264675
19760 0.9752337
19779 0.43313745
19800 0.14417206
19823 0.12776747
19841 0.3068696
19859 0.3914019
19879 0.4531348
19899 0.75063956
19919 1.3244311
19940 2.1223242
19961 2.9502275
19977 3.7587588
19996 4.6044273
20019 5.4737954
20039 6.0182033
20055 6.084071
20075 5.8812146
20094 5.543523
20114 5.0976305
20134 4.482539
20153 3.652214
20173 2.6857183
20205 1.5960284
20213 0.49017793
20234 -0.5795426
20253 -1.3048761
20274 -1.5608115
20296 -1.4859103
20312 -1.3018825
20331 -1.1690035
20351 -0.8815637
20371 -0.2980318
20391 0.60398316
20411 1.7818493
20429 2.960667
20452 3.9046106
20469 4.41765
20490 4.7336845
20508 5.267537
20528 5.854877
20548 6.190064
20569 6.2353625
20587 6.13176
20608 5.7562776
20629 4.997235
20646 3.9993446
20666 2.994649
20687 2.1772468
20722 1.4300917
20727 0.6053707
20744 -0.11220889
20764 -0.42310256
20786 -0.45123282
20804 -0.4163554
20825 -0.23474807
20843 0.18725733
20862 0.9233094
20882 1.9036546
20904 2.860492
20922 3.6310732
20942 4.365658
20961 5.2806516
20980 5.7907543
21000 5.7106566
21020 5.269607
21041 4.816478
21061 4.5074067
21079 4.107303
21099 3.371193
21128 2.5507708
21137 1.8312024
21159 0.91367877
21177 -0.30314904
21197 -1.1160083
21217 -1.2059824
21236 -0.85501367
21256 -0.5489376
21275 -0.42993572
21295 -0.15136433
21316 0.4738784
21338 1.4070727
21355 2.455243
21374 3.4861107
21394 4.384998
21413 5.093545
21432 5.6570277
21454 6.019804
21474 6.1204686
21492 5.9866376
21512 5.6342015
21531 5.2275133
21554 4.6937165
21572 3.977795
21593 3.2147515
21620 2.528597
21632 1.8895104
21649 1.1076938
21669 0.33387765
21690 -0.11348369
21709 -0.1828335
21728 -0.0053918143
21748 0.36486548
21767 0.8835894
21787 1.4641571
21811 1.9299941
21826 2.1692772
21846 2.407281
21865 3.0657144
21886 4.176597
21907 5.1914124
21925 5.613121
21945 5.526903
21964 5.005429
21983 4.2820263
22008 3.6542852
22024 3.1567528
22042 2.7175536
22077 2.210637
22087 1.3189051
22102 0.06956508
22124 -0.9789067
22142 -1.4072791
22161 -1.3902211
22180 -1.0739135
22200 -0.6101448
22221 -0.1348433
22240 0.41998577
22259 1.2982484
22280 2.4250183
22299 3.5004525
22318 4.403938
22338 5.191903
22362 5.7674084
22377 6.152766
22397 6.297752
22417 6.183183
22439 5.9660735
22457 5.7699676
22477 5.3070436
22496 4.4944563
22516 3.6245153
22546 2.8039293
22555 2.1236231
22579 1.5584294
22595 0.8814962
22613 0.2228991
22633 -0.13179423
22653 -0.12455602
22674 0.033461224
22693 0.38059312
22713 0.88206905
22731 1.4820904
22751 2.202555
22772 2.8265717
22795 3.506172
22812 4.4289455
22848 5.4743147
22850 6.216842
22869 6.2511473
22889 5.9085846
22911 5.5248876
22929 5.226918
22949 4.7704697
22967 3.9092636
22989 2.743205
23019 1.4556961
23028 0.19196571
23047 -0.91802
23066 -1.7142029
23086 -2.0400858
23105 -2.0717797
23128 -2.0474572
23144 -1.9908122
23164 -1.7258724
23183 -1.0747315
23206 -0.04141643
23224 1.2921809
23247 2.5835793
23263 3.5306234
23283 4.1630473
23302 4.80241
23324 5.8154287
23343 6.899025
23361 7.4581814
23381 7.4731708
23401 7.1619244
23420 6.559428
23440 5.594266
23462 4.497641
23481 3.5865943
23499 2.8681982
23531 2.056698
23542 0.6898807
23559 -0.7791539
23579 -1.6169628
23598 -1.715125
23617 -1.2512218
23636 -0.5751854
23657 0.01906655
23681 0.57830405
23698 1.2295797
23716 1.9584767
23735 2.7789268
23758 3.796953
23775 4.7692714
23796 5.3973966
23816 5.499286
23834 5.237149
23853 4.9247317
23877 4.7089534
23893 4.5258503
23912 4.0764484
23933 3.2605987
23966 2.1723793
23980 0.975169
23991 -0.08728686
24011 -0.8765854
24030 -1.3624183
24051 -1.7230988
24069 -2.004906
24089 -2.1414833
24108 -2.0139112
24129 -1.5480479
24148 -0.6814029
24168 0.5280765
24187 1.8248347
24209 2.9510622
24227 3.7980933
24246 4.573652
24266 5.525918
24285 6.382852
24306 7.0275173
24325 7.2017226
24344 6.8305664
24364 6.2123747
24384 5.6330876
24404 4.989128
24424 4.0905395
24444 3.0656302
24473 2.0476594
24484 0.8705838
24502 -0.31051904
24525 -1.2403938
24543 -1.5798812
24563 -1.33891
24582 -0.97882897
24601 -0.82287997
24620 -0.6419798
24645 -0.014532956
24662 1.0583955
24682 2.0890448
24700 2.789429
24720 3.5938795
24739 4.7686424
24759 5.625116
24779 5.7755413
24798 5.6729436
24817 5.3397155
24837 4.8708324
24858 4.3383393
24877 3.550377
24896 2.6410697
24923 1.8530239
24935 0.8896309
24955 -0.4930752
24976 -1.6435173
24995 -2.1852038
25014 -2.533587
25034 -2.5029807
25054 -2.2167366
25073 -2.0205474
25094 -1.6809533
25116 -0.9049053
25132 0.2905094
25152 1.6025044
25174 2.7085154
25194 3.4888086
25213 4.0990853
25231 4.7780614
25251 5.5014644
25271 5.9800324
25290 6.1958632
25309 6.301289
25331 6.167267
25352 5.538844
25369 4.5948744
25387 3.5854208
25409 2.664306
25431 1.8209485
25462 0.89955884
25471 -0.19187069
25486 -1.0341394
25506 -1.3781419
25526 -1.474806
25546 -1.3901643
25566 -1.0385985
25585 -0.4678521
25604 0.29597914
25627 1.1141706
25645 1.8486717
25665 2.6135118
25685 3.5825102
25703 4.6075544
25723 5.194786
25743 5.4329815
25762 5.456161
25783 5.166353
25801 4.7244034
25821 4.198032
25841 3.538482
25861 2.829664
25886 2.0703478
25916 1.142214
25932 0.05592511
25939 -0.7222719
25960 -1.2067163
25978 -1.591311
25999 -1.7236435
26019 -1.5769969
26037 -1.2906169
26057 -0.8786232
26079 -0.30178407
26100 0.54184663
26122 1.5464866
26137 2.4406404
26155 3.0580726
26177 3.5670044
26194 4.112258
26214 4.6714926
26234 4.9821672
26253 5.0173736
26273 4.8543224
26294 4.62445
26314 4.2815876
26333 3.800707
26353 3.2099907
26372 2.5314782
26394 1.6606411
26413 0.66048926
26433 -0.26100567
26452 -0.85612756
26470 -1.1807874
26490 -1.3088489
26512 -1.351425
26529 -1.3804526
26549 -1.4923813
26568 -1.5201298
26589 -1.3258736
26608 -0.9604866
26628 -0.47906348
26648 0.018686555
26668 0.41206786
26687 0.65733624
26707 0.8949322
26729 1.2367582
26748 1.5691708
26767 1.9321109
26786 2.2163672
26805 2.3664665
26824 2.434783
26845 2.445994
26864 2.377052
26884 2.0569646
26905 1.641845
26923 1.0731416
26943 0.38869822
26963 -0.31473464
26994 -0.9875876
27004 -1.4060571
27021 -1.5538704
27041 -1.5093602
27065 -1.4637073
27080 -1.5000302
27102 -1.3606757
27120 -0.87691283
27139 -0.060216643
27159 0.6633759
27179 1.1987513
27201 1.7805966
27220 2.4016213
27237 2.9770193
27257 3.3742678
27277 3.6691358
27298 4.1583977
27318 4.865858
27335 5.4067583
27356 5.6165752
27376 5.602129
27396 5.452873
27418 5.155747
27435 4.6893954
27454 4.1420197
27474 3.6100428
27500 3.0623133
27513 2.283355
27533 1.3110635
27553 0.40812138
27573 -0.24056998
27593 -0.5079594
27614 -0.4738963
27631 -0.34675866
27653 -0.27379113
27672 -0.23722415
27691 -0.09702639
27710 0.2921407
27731 0.9144954
27754 1.6329747
27771 2.3500922
27788 2.937951
27808 3.3663778
27829 3.7234666
27848 4.234249
27868 5.051679
27887 5.5624604
27906 5.43954
27926 4.939697
27948 4.2947326
27968 3.5770686
27985 2.830896
28005 2.0018485
28032 1.0557021
28045 0.057672933
28065 -1.0921991
28085 -2.3580527
28104 -3.1073008
28123 -3.1526277
28143 -2.8747375
28163 -2.6086822
28182 -2.3347342
28202 -1.9228245
28221 -1.4406371
28241 -0.83006114
28262 -0.047374293
28283 0.92132574
28301 1.9569286
28320 2.948671
28340 3.7520616
28359 4.2833285
28379 4.8214808
28400 5.347576
28419 5.6922336
28439 5.842441
28458 5.7724657
28477 5.5165024
28498 5.049388
28517 4.3471785
28540 3.3948593
28556 2.39694
28582 1.5871575
28596 0.8475651
28616 0.060853526
28635 -0.69307494
28655 -1.1477286
28675 -1.2143317
28694 -1.0511432
28715 -0.7170423
28734 -0.18677998
28753 0.40608224
28772 1.06729
28792 1.7918632
28812 2.4203424
28832 3.0038207
28851 3.7153602
28872 4.50572
28892 5.0623174
28912 5.1919036
28934 4.99256
28951 4.633429
28969 4.3344803
28990 4.015427
29009 3.5150375
29028 2.860713
29061 2.1083632
29068 1.1636053
29087 0.11301353
29107 -0.752544
29127 -1.1977566
29146 -1.3723975
29167 -1.4465357
29187 -1.4217222
29206 -1.2864779
29225 -0.96851087
29246 -0.27035636
29266 0.7728897
29285 1.9907768
29305 3.1078897
29324 3.969638
29343 4.481153
29363 4.771859
29384 5.0712705
29409 5.4302626
29423 5.612276
29442 5.4044447
29461 4.830814
29485 4.1146746
29501 3.2516472
29521 2.2276633
29542 1.2724879
29568 0.6807934
29579 0.29091862
29599 -0.2001647
29619 -0.80350137
29638 -1.1528653
29658 -1.0228992
29677 -0.64431614
29699 -0.3469182
29717 -0.009961128
29738 0.6043702
29757 1.3487189
29776 1.9146756
29795 2.4372091
29817 3.0464246
29839 3.6917963
29856 4.222765
29877 4.3968625
29894 4.392102
29914 4.313312
29936 4.064942
29954 3.7349777
29973 3.2155464
29992 2.5773017
30018 1.892479
30033 1.1582757
30051 0.37950993
30072 -0.37847197
30090 -0.8678158
30111 -1.1436378
30130 -1.2754835
30151 -1.3052756
30173 -1.281906
30189 -0.8790823
30209 -0.10904754
30229 0.8437348
30251 1.8067197
30278 2.5917177
30293 3.268136
30308 4.0347157
30326 4.7455754
30347 5.2385097
30369 5.4229145
30392 5.3262486
30408 5.0109234
30425 4.586253
30445 3.9039342
30465 3.0202837
30485 2.26026
30513 1.5329375
30525 0.6107899
30544 -0.38876057
30563 -1.1671766
30585 -1.3788174
30606 -1.057287
30624 -0.59877145
30642 -0.3214263
30662 -0.072566554
30681 0.39745963
30703 1.0571151
30726 1.7495021
30743 2.3944664
30761 3.0859544
30781 3.8415155
30799 4.5145855
30819 4.7458434
30839 4.6174006
30858 4.279056
30879 3.9222114
30898 3.5326087
30920 2.8720002
30937 2.0728807
30964 1.2672042
30976 0.38809526
30996 -0.53737146
31016 -1.4573975
31037 -2.0614703
31059 -2.3121002
31078 -2.283859
31095 -2.2010407
31115 -2.0120344
31135 -1.4398742
31154 -0.58324033
31172 0.45461905
31193 1.5394384
31212 2.5414927
31232 3.344831
31253 3.8908446
31273 4.252396
31293 4.5438337
31313 4.777974
31331 4.7750626
31351 4.566522
31370 4.269371
31390 3.816432
31409 3.2189713
31429 2.5043564
31454 1.7218316
31469 0.9267122
31489 0.13390428
31508 -0.46597698
31527 -0.8282886
31547 -0.9862518
31567 -1.0189555
31588 -1.0062518
31612 -0.8372427
31628 -0.40628746
31647 0.17082362
31665 0.9130264
31687 1.6415433
31706 2.3279715
31726 3.0991201
31744 4.058135
31764 4.7436657
31783 4.7441554
31806 4.380892
31830 3.719139
31843 2.9510615
31862 2.3676112
31882 1.8793869
31904 1.2796388
31932 0.48288822
31943 -0.5086115
31960 -1.4732846
31981 -2.1475785
31999 -2.5226507
32020 -2.7242277
32044 -2.6833632
32060 -2.536145
32079 -2.116126
32099 -1.3886161
32118 -0.5448759
32138 0.38339373
32158 1.3540553
32177 2.241487
32197 2.9713652
32216 3.4777932
32237 3.8122466
32256 4.2865705
32276 4.661207
32296 4.4562316
32315 3.8596656
32334 3.3242333
32357 2.7472847
32375 2.0884974
32394 1.4156163
32419 0.60161394
32432 -0.15473652
32452 -0.7068453
32472 -1.232942
32493 -1.5708493
32512 -1.5654086
32532 -1.4425143
32551 -1.265916
32571 -0.9945276
32591 -0.67675227
32612 -0.58258724
32631 -0.10940404
32653 0.9535412
32676 2.060153
32689 2.9704123
32709 3.7113082
32729 4.073731
32747 4.058766
32767 3.8578176
32788 3.658255
32807 3.3279912
32826 2.904815
32846 2.260012
32874 1.4121085
32885 0.55863154
32905 -0.28902358
32924 -1.107297
32946 -1.644577
32964 -1.8579334
32984 -1.9415141
33006 -1.9617556
33024 -1.9036404
33046 -1.8029754
33062 -1.6148945
33082 -1.3190737
33101 -0.71135634
33122 0.19922715
33142 1.0906873
33161 1.7515411
33180 2.1699579
33200 2.646324
33221 3.3328888
33240 4.0244575
33261 4.3947706
33280 4.4759293
33299 4.445839
33317 4.193904
33339 3.5412133
33357 2.6873245
33377 1.8336009
33397 1.1212163
33429 0.49948683
33436 -0.20386428
33457 -0.9407597
33481 -1.2777432
33496 -1.2714316
33515 -1.1341192
33534 -0.8767422
33556 -0.46831435
33574 0.07552416
33594 0.6694489
33614 1.2595105
33633 1.8005455
33653 2.2611558
33673 2.8031952
33692 3.5098646
33713 4.1460967
33731 4.3849177
33751 4.1182356
33774 3.5766027
33792 3.0362208
33811 2.6605759
33831 2.173382
33850 1.3841379
33876 0.40567198
33890 -0.56816775
33909 -1.5495453
33928 -2.3885772
33948 -2.8882027
33967 -3.0157218
33987 -2.8461134
34007 -2.6381178
34027 -2.6356401
34046 -2.5012102
34066 -1.9400975
34086 -0.955809
34107 0.16805068
34127 1.119937
34146 1.859092
34164 2.31663
34183 2.7801268
34203 3.4250631
34226 4.0261984
34243 4.346504
34263 4.3719144
34282 4.1146746
34301 3.721862
34323 3.2096663
34341 2.6665642
34361 1.9782306
34381 1.2673151
34409 0.44199312
34420 -0.6251414
34440 -1.4274443
34465 -1.706913
34481 -1.7449212
34500 -1.6931732
34518 -1.7447299
34539 -1.781405
34558 -1.5244106
34579 -0.8221198
34598 0.19125237
34617 1.24522
34637 2.0839803
34665 2.7515554
34676 3.3893366
34698 3.8449697
34715 4.0372663
34734 4.0615077
34756 3.950368
34776 3.5840003
34795 2.8401926
34815 1.8014894
34833 0.61080843
34853 -0.41064426
34886 -1.3135015
34895 -2.1402626
34912 -2.647315
34932 -2.8558
34952 -2.889454
34972 -2.9215567
34992 -2.9964578
35015 -2.8113992
35031 -2.2037318
35049 -1.2942613
35070 -0.33663654
35089 0.41595605
35114 1.0146971
35130 1.5650094
35148 2.1118135
35168 2.52892
35187 2.943551
35208 3.3569603
35228 3.5311952
35248 3.3972273
35266 3.01089
35286 2.3854308
35305 1.6522071
35325 0.94317126
35345 0.26805955
35369 -0.4709347
35384 -1.0950857
35404 -1.6189548
35426 -2.0190315
35444 -2.1426847
35463 -2.0320055
35484 -1.8124993
35503 -1.3966683
35522 -0.8371332
35544 -0.2982496
35561 0.20341778
35581 0.9005114
35601 1.7745042
35620 2.5933492
35640 3.1059797
35665 3.1920059
35681 3.0220175
35701 2.826426
35719 2.5251653
35738 2.1162477
35759 1.6026105
35778 1.0024266
35807 0.19721317
35817 -0.8596357
35837 -2.031952
35857 -2.905316
35876 -3.2896683
35896 -3.4314988
35915 -3.4137042
35935 -3.2027693
35955 -2.8807213
35976 -2.4341743
35995 -1.8716187
36015 -1.247085
36035 -0.4744385
36054 0.52244574
36073 1.3018134
36093 1.687826
36115 2.0587633
36133 2.3957994
36151 2.553406
36171 2.5728846
36191 2.4324427
36211 2.226678
36231 2.0911856
36250 1.832936
36270 1.3482751
36289 0.87555635
36318 0.43311805
36328 -0.16385294
36348 -0.85827905
36368 -1.3700117
36388 -1.6367465
36408 -1.5833126
36431 -1.5073502
36448 -1.5826302
36474 -1.7095486
36486 -1.7959297
36506 -1.7818642
36527 -1.4431665
36545 -0.76887363
36565 -0.1591685
36584 0.14524989
36604 0.21946864
36627 0.083787486
36646 4.308874E-5
36663 -0.028906995
36684 0.079187654
36702 0.1565081
36722 0.069825694
36749 -0.3515
36762 -0.88260436
36782 -0.967163
36801 -0.86529946
36821 -0.94264627
36841 -1.16936
36863 -1.6303794
36880 -2.0653603
36900 -2.4121146
36919 -2.6546087
36939 -2.8171148
36958 -2.8504968
36980 -2.859745
36998 -2.9273818
37019 -2.916255
37037 -2.909344
37057 -2.9289863
37079 -2.5772836
37097 -1.9684483
37116 -1.4533134
37136 -1.007392
37156 -0.4888291
37175 0.05549769
37195 0.35790053
37214 0.2729604
37234 0.112713985
37254 0.22222076
37273 0.46196687
37293 0.6042606
37313 0.5731632
37337 0.42970145
37351 0.27666137
37372 0.16843215
37391 0.11469901
37412 0.15257134
37431 0.25995713
37451 0.41827124
37471 0.62286526
37491 0.8253105
37509 0.87033784
37530 0.814019
37551 0.8955301
37568 1.0211446
37589 1.0975953
37608 1.081489
37628 1.0482415
37648 1.1122881
37669 1.1596307
37687 1.2351588
37706 1.4214715
37726 1.5828608
37746 1.6706029
37766 1.7552171
37785 1.833355
37804 1.7869405
37824 1.6232373
37844 1.3547047
37865 1.0511559
37884 0.855645
37903 0.5481527
37923 0.09777009
37942 -0.29596633
37963 -0.4906865
37982 -0.62873274
38002 -0.7844071
38023 -0.79245955
38041 -0.63716257
38060 -0.3995638
38081 -0.2848593
38100 -0.38220483
38120 -0.44344807
38139 -0.31785992
38158 -0.09947057
38181 0.052289184
38198 0.17474651
38218 0.48392427
38237 0.79663926
38257 1.0539607
38277 1.3920871
38297 1.820866
38317 2.1913414
38336 2.461859
38355 2.4861274
38375 2.4187086
38396 2.1600263
38416 1.9761068
38436 2.0982645
38455 2.340378
38473 2.4350297
38499 2.2375894
38513 1.867468
38533 1.6307418
38554 1.4754184
38572 1.4403758
38592 1.3426764
38612 1.2463107
38631 0.9268221
38655 0.2848775
38670 -0.39559373
38690 -0.6304417
38710 -0.3938237
38732 -0.015920378
38749 0.18040337
38769 0.33975366
38788 0.6369616
38808 1.0970016
38828 1.63031
38849 2.1122522
38868 2.4470038
38887 2.8033326
38906 2.872655
38926 2.8038766
38948 2.828798
38968 2.8937964
38986 2.7599394
39006 2.274295
39025 1.5590255
39051 0.9202619
39066 0.39389038
39084 -0.16994381
39103 -0.8167072
39122 -1.3479753
39142 -1.9764806
39162 -2.616549
39182 -3.059613
39202 -3.3054552
39223 -3.4060926
39241 -3.3836205
39261 -3.2393153
39283 -2.9234445
39300 -2.4924881
39320 -2.164427
39340 -1.9593155
39359 -1.8283147
39379 -1.7110523
39400 -1.4563415
39419 -1.0342546
39438 -0.5969584
39457 -0.37211877
39477 -0.5170759
39499 -0.9499622
39517 -1.405487
39537 -1.7424983
39557 -1.9610221
39575 -2.0553477
39595 -2.1846075
39616 -2.3763895
39635 -2.5386503
39655 -2.6105034
39675 -2.529102
39694 -2.229174
39713 -1.7123531
39733 -1.2650437
39754 -0.92476577
39774 -0.7069202
39793 -0.5848693
39811 -0.5080385
39832 -0.51301706
39852 -0.59355015
39871 -0.6179531
39891 -0.6717417
39910 -0.7979805
39932 -0.89728606
39949 -0.83952737
39970 -0.6186634
39988 -0.372116
40008 -0.20202073
40028 0.0038827548
40049 0.12797278
40068 0.13213564
40088 0.038787927
40106 0.031226505
40127 0.02997251
40147 -0.08304518
40166 -0.15329386
40186 -0.26628244
40206 -0.43469092
40225 -0.5269747
40246 -0.56949955
40265 -0.46540546
40285 -0.2407309
40304 -0.024843996
40323 0.19996513
40343 0.47693157
40363 0.6617502
40384 0.6260016
40403 0.5703903
40422 0.781189
40441 1.0696356
40461 1.2004187
40480 1.1825992
40501 1.0850096
40521 1.1436408
40540 1.4187304
40559 1.8054754
40579 2.1252096
40600 2.2578406
40619 2.2703555
40643 2.2872775
40658 2.2958198
40678 2.2264144
40697 2.2098992
40717 2.3936248
40737 2.670617
40758 2.8308372
40780 2.8675942
40796 2.7211127
40817 2.7285132
40836 2.3974059
40856 1.6929103
40875 1.338324
40894 1.4166265
40913 1.4015826
40934 0.9727217
40953 0.31265405
40974 -0.10333798
40993 -0.056540664
41013 0.5453548
41032 1.0601904
41052 1.5594081
41072 1.8605336
41092 1.7732811
41110 1.7509713
41130 2.1422317
41149 2.83636
41170 3.4098809
41191 3.3980734
41214 3.0478103
41228 2.7674453
41248 2.8799193
41267 3.298497
41287 3.8162165
41314 4.14833
41326 4.180132
41346 3.9873178
41368 3.6205964
41386 3.254312
41407 3.0406556
41426 2.5768883
41445 1.8129196
41465 0.8364925
41486 0.0957587
41506 -0.33919725
41524 -0.7013466
41543 -1.1513712
41563 -1.7914943
41583 -2.3455057
41602 -2.7561114
41623 -3.075493
41642 -3.3056638
41662 -3.537847
41682 -3.5805883
41703 -3.5238893
41720 -3.472195
41742 -3.40943
41761 -3.3965087
41779 -3.277343
41799 -2.9940927
41819 -2.6274269
41838 -2.1907842
41858 -1.6532035
41878 -1.021297
41897 -0.33574045
41920 0.31336012
41937 1.0857073
41957 2.115351
41976 3.1056259
41996 3.8700564
42016 4.439441
42036 5.138955
42055 5.8549047
42074 6.3738217
42094 6.5122485
42114 6.1553774
42134 5.565616
42154 4.858836
42174 3.8871965
42192 2.8961327
42212 1.9135319
42241 0.9107422
42252 -0.18996464
42271 -1.2282325
42292 -2.0391884
42311 -2.6822214
42330 -3.0713346
42350 -3.3138008
42370 -3.578467
42390 -3.706201
42409 -3.5223646
42429 -2.8743806
42448 -1.9789227
42473 -1.176348
42488 -0.5859606
42507 -0.21096915
42526 0.39813796
42547 1.2924001
42566 2.1874223
42586 3.1071754
42611 3.786666
42627 3.9876158
42646 3.8235855
42665 3.7006109
42685 3.6218462
42705 3.2952845
42724 2.853257
42745 2.2309258
42768 1.3206391
42783 0.26259032
42804 -0.9173153
42823 -1.962437
42842 -2.6448402
42862 -2.9857132
42882 -3.351264
42903 -3.6924903
42928 -3.6804109
42942 -3.464553
42960 -3.229078
42980 -2.9203622
43000 -2.274498
43021 -1.2913785
43039 -0.26424053
43060 0.76213914
43080 1.6131688
43098 2.2488015
43117 2.6833222
43141 2.9500306
43158 3.1532652
43177 3.3363402
43197 3.358596
43224 3.0327392
43236 2.4937155
43256 1.9595357
43277 1.2773249
43295 0.4122565
43314 -0.5702084
43349 -1.4739921
43357 -2.2086043
43375 -2.6594222
43393 -2.6615973
43413 -2.301842
43433 -1.8831547
43452 -1.7612395
43476 -1.8454986
43493 -1.8194892
43512 -1.5393701
43531 -1.0202372
43551 -0.2132831
43570 1.0234015
43591 2.3269112
43610 2.771279
43629 2.3333023
43649 1.7197602
43668 1.569769
43690 1.7542034
43708 1.8307891
43729 1.6871914
43752 1.372408
43767 0.7029021
43789 -0.31618145
43806 -1.4507071
43827 -2.0188665
43846 -1.9950585
43865 -1.6852275
43885 -1.6930636
43906 -1.9007329
43925 -1.7374097
43944 -1.255984
43964 -0.58854526
43983 0.13700598
44003 0.77718294
44024 1.3587009
44044 1.7564392
44062 2.020536
44082 2.1537132
44101 2.570575
44125 3.2029161
44143 3.3853393
44161 3.04003
44180 2.513305
44200 2.0139234
44219 1.4348245
44240 0.7976131
44260 0.3501685
44281 -0.010074875
44298 -0.45757076
44318 -1.1084386
44338 -1.8785275
44357 -2.3564963
44378 -2.444265
44397 -2.2341459
44417 -1.774268
44435 -1.1906819
44456 -0.7405977
44477 -0.34843966
44497 0.38309705
44517 1.4630154
44535 2.6214836
44554 3.5542703
44574 3.7747805
44598 3.4893248
44617 3.014917
44634 2.4865327
44652 1.9382054
44674 1.5199523
44694 1.0855689
44720 0.3317207
44732 -0.63447565
44751 -1.62883
44771 -2.4709094
44790 -2.7421343
44812 -2.4801867
44831 -2.1214623
44849 -1.9481559
44870 -1.8117658
44888 -1.6544824
44910 -1.3928885
44928 -0.9053968
44948 -0.217335
44967 0.6015612
44986 1.315685
45008 1.9586112
45031 2.5840971
45046 3.1908088
45065 3.6987321
45086 3.7572525
45105 3.4035902
45127 2.7051344
45145 2.0223243
45165 1.5026737
45184 0.9679777
45204 0.39432344
45235 -0.29248732
45245 -1.0918787
45262 -1.9996074
45282 -2.8417938
45303 -3.1749666
45321 -2.8189096
45341 -2.0023217
45361 -1.3789309
45381 -1.2235535
45400 -1.1849749
45420 -0.7871036
45439 -0.08397042
45459 0.7459204
45481 1.7217491
45499 2.603578
45518 3.106712
45537 3.1426783
45558 2.8191879
45577 2.5076685
45597 2.3590913
45616 2.1725624
45636 1.6843921
45656 1.0977844
45684 0.48348036
45698 -0.25752527
45715 -0.9925467
45734 -1.4738617
45754 -1.8236306
45776 -2.0969238
45794 -2.3009474
45814 -2.2957773
45833 -2.123095
45853 -1.9576801
45872 -1.8600335
45892 -1.6695858
45914 -1.2660822
45933 -0.5530977
45951 0.05598042
45971 0.58107144
45993 1.230337
46012 2.03838
46032 2.7766657
46051 3.2746863
46071 3.4287322
46089 3.2329245
46110 2.7181182
46128 2.058056
46149 1.3169672
46167 0.7414902
46187 0.24256922
46213 -0.40560758
46228 -1.0763369
46247 -1.8140228
46265 -2.6611617
46286 -3.2300005
46305 -3.2681448
46328 -2.7993727
46345 -2.0998878
46365 -1.5426923
46384 -1.2441516
46404 -0.9942003
46423 -0.48562336
46444 0.1994713
46464 0.8438125
46483 1.5475978
46505 2.3472877
46522 2.9716024
46542 2.9742422
46562 2.414515
46581 1.8176509
46600 1.578693
46620 1.551241
46640 1.2820301
46661 0.47882792
46685 -0.4872061
46699 -1.2993288
46719 -1.9446731
46738 -2.5486364
46760 -2.8983262
46778 -2.9562762
46801 -2.9479492
46818 -3.0052195
46836 -3.0686388
46856 -2.9474328
46878 -2.475502
46896 -1.7472583
46917 -1.0209179
46935 -0.44465083
46954 0.18325537
46978 0.84160554
46996 1.5162811
47014 2.3792558
47035 3.2435348
47053 3.8062804
47072 3.846573
47095 3.4797163
47121 2.780338
47133 2.0828364
47151 1.550861
47171 0.9617509
47191 0.2535043
47219 -0.52760434
47231 -1.4607183
47250 -2.4254174
47269 -3.1978173
47289 -3.4992423
47308 -3.3002493
47329 -2.5588622
47350 -1.681959
47370 -1.1963454
47387 -0.98094827
47407 -0.5184879
47428 0.20448035
47447 1.0361121
47468 1.8205663
47487 2.5329483
47505 3.1677942
47525 3.3458076
47545 2.9007044
47566 2.3367064
47584 2.233647
47604 2.3704438
47624 2.0428736
47645 1.2357267
47675 0.23611736
47683 -0.62179416
47702 -1.2040197
47722 -1.7459522
47742 -2.1605012
47763 -2.3542976
47783 -2.540989
47802 -2.6717176
47821 -2.531929
47840 -2.164908
47862 -1.7585456
47880 -1.2290177
47904 -0.4442651
47920 0.33975366
47938 1.031705
47958 1.7825859
47980 2.6088858
47999 3.2835863
48018 3.6651087
48037 3.7316566
48057 3.5149262
48076 3.219977
48097 2.8805451
48116 2.277479
48135 1.5005333
48155 0.71520615
48178 -0.1428429
48195 -1.0394175
48214 -1.8203083
48234 -2.5950785
48253 -3.2859702
48272 -3.5216367
48292 -3.171647
48313 -2.588115
48332 -1.9823269
48354 -1.4015414
48371 -0.8360188
48391 -0.072297186
48412 0.91220945
48431 1.8332145
48451 2.644332
48470 3.3308427
48490 3.8387399
48510 3.7624242
48529 3.2570016
48549 2.6273534
48569 2.0149267
48589 1.4544934
48608 0.7425444
48638 -0.2199512
48649 -1.0372438
48667 -1.7250866
48686 -2.4152427
48705 -3.0770483
48725 -3.343267
48748 -3.3325193
48770 -3.256314
48785 -3.1075728
48805 -2.7803838
48825 -2.2700632
48843 -1.6233028
48865 -1.0952725
48883 -0.59967136
48904 0.08558802
48922 0.9649964
48942 1.9104337
48964 2.8211257
48982 3.4327078
49003 3.6604812
49021 3.4296296
49040 2.84033
49060 2.0479841
49082 1.4186352
49101 0.9867531
49119 0.38978055
49143 -0.38643143
49158 -1.3063201
49180 -2.28794
49198 -3.1238692
49220 -3.7604806
49239 -3.960314
49257 -3.6336706
49276 -2.9902003
49298 -2.3944252
49317 -1.8968124
49336 -1.284032
49355 -0.5010191
49375 0.5178488
49396 1.5317646
49415 2.3381486
49437 3.169861
49454 3.7516248
49473 3.803753
49493 3.5761683
49514 3.2340164
49534 2.8288527
49553 2.410057
49572 1.865292
49592 1.0144795
49616 0.13417478
49632 -0.5908882
49650 -1.3689755
49684 -1.9435827
49691 -2.211216
49711 -2.3941827
49733 -2.4642677
49749 -2.393775
49769 -2.2985518
49789 -2.2233496
49809 -2.0530083
49828 -1.6834294
49847 -1.0922253
49867 -0.26081145
49886 0.50486904
49907 1.1616697
49927 1.9207417
49947 2.6951838
49971 3.215406
49985 3.387489
50004 3.3118525
50024 3.075454
50045 2.6274934
50066 2.1563797
50086 1.5874572
50106 0.8687624
50127 0.035037126
50142 -0.9287109
50162 -1.879045
50183 -2.6184716
50202 -3.0001009
50221 -2.9168463
50241 -2.5424538
50262 -2.051914
50282 -1.6719964
50300 -1.3767473
50320 -0.90152776
50339 -0.09402873
50359 0.87801576
50380 1.740989
50399 2.4302192
50418 2.8911567
50438 3.0077906
50457 2.8318443
50477 2.407335
50497 1.9086602
50521 1.4456807
50539 0.9193384
50556 0.09107867
50582 -1.033787
50596 -2.2313523
50618 -3.3470774
50636 -4.256085
50655 -4.922951
50674 -5.357417
50696 -5.525011
50714 -5.5354037
50734 -5.4891515
50753 -5.505692
50773 -5.4943204
50791 -5.2614307
50813 -4.663422
50834 -3.647764
50852 -2.463668
50872 -1.5056076
50891 -0.79736006
50910 -0.36240423
50931 -0.191653
50952 -0.30072707
50969 -0.41883287
50989 -0.4092018
51009 -0.38925856
51029 -0.4650586
51047 -0.7825067
51067 -1.2538909
51087 -1.5419835
51107 -1.7121606
51126 -1.8469162
51147 -1.9147984
51168 -1.8690352
51185 -1.7406727
51207 -1.584449
51225 -1.4980941
51244 -1.5636888
51265 -1.7895869
51285 -2.0496309
51304 -2.1655047
51323 -2.053604
51349 -1.7754676
51364 -1.4578823
51384 -1.1460114
51402 -0.8068514
51422 -0.41477403
51441 0.10008803
51461 0.62300396
51481 1.088157
51501 1.5512432
51522 1.6001601
51540 1.2682912
51560 1.1042342
51580 1.301565
51601 1.5388614
51619 1.4009484
51641 0.872617
51662 0.036658634
51677 -0.82751316
51698 -1.5040658
51721 -2.1214683
51737 -2.41054
51756 -2.4940946
51776 -2.790595
51796 -3.3510277
51816 -3.7537696
51835 -3.7367365
51854 -3.544491
51874 -3.1526856
51894 -2.5841446
51914 -1.9379547
51936 -1.1626959
51953 -0.47515166
51973 0.1758812
51992 0.92681754
52012 1.7279525
52032 2.4112535
52053 2.8616629
52071 3.2837222
52092 3.8307693
52113 4.1739025
52130 4.02832
52154 3.5987778
52169 3.2361915
52188 2.7666023
52208 2.065426
52228 1.3778526
52255 0.7895037
52272 0.2324164
52287 -0.3726362
52307 -1.1295568
52326 -1.6673251
52347 -1.7003531
52366 -1.5400234
52386 -1.4647408
52405 -1.3313721
52425 -1.0181121
52445 -0.510731
52465 0.13314551
52484 0.7760441
52504 1.4859523
52524 2.1955903
52544 2.735861
52563 3.1162918
52583 3.3017054
52604 3.2985222
52621 3.3272254
52642 3.3518753
52661 3.041825
52681 2.4967103
52701 2.0067146
52727 1.44307
52739 0.7302219
52760 -0.058475755
52779 -0.8235584
52800 -1.4103808
52820 -1.726661
52838 -1.9803658
52858 -2.241796
52878 -2.353697
52897 -2.4016912
52917 -2.3417006
52937 -1.9753327
52957 -1.165412
52976 -0.08919031
52995 0.92554414
53016 1.7628341
53038 2.4880342
53056 3.2517316
53076 4.102953
53094 4.7409797
53116 5.260468
53135 5.62417
53155 5.590161
53173 5.204775
53192 4.8058395
53212 4.3924847
53232 3.8329751
53255 3.0343733
53277 1.9147027
53290 0.6707488
53311 -0.36303008
53331 -1.0999824
53350 -1.4305987
53370 -1.3323001
53389 -1.1972724
53410 -1.4076632
53429 -1.7045156
53448 -1.6787242
53468 -1.1650888
53488 -0.3657517
53507 0.34021142
53527 1.0634516
53548 1.9940338
53567 2.7508185
53587 3.1374002
53605 3.282059
53625 3.4769151
53645 3.8168657
53665 4.061728
53686 3.878409
53707 3.4506342
53730 3.029693
53743 2.4892015
53763 1.5472474
53784 0.484521
53810 -0.38035852
53823 -0.86396086
53842 -1.1144547
53862 -1.4455912
53881 -1.8548081
53902 -2.0175874
53924 -1.8603845
53942 -1.2491578
53961 -0.2193783
53979 0.82038474
54000 1.8056252
54022 2.6823137
54039 3.2777922
54062 3.6045744
54079 3.8335493
54098 4.1800823
54118 4.366475
54138 4.2795224
54157 3.9334252
54176 3.4346418
54196 3.0271933
54216 2.5428293
54236 1.9266735
54259 1.275015
54275 0.6328792
54294 0.14163078
54314 -0.24753493
54335 -0.3618288
54357 -0.19496979
54375 -0.02754064
54392 -0.0556723
54412 -0.18444261
54432 -0.20827545
54453 0.08392759
54473 0.7711432
54494 1.6293015
54511 2.3821146
54531 3.083889
54551 3.7917013
54570 4.399964
54589 4.7741413
54612 4.9409466
54630 4.9078903
54648 4.7608385
54669 4.42818
54691 3.776931
54710 2.94862
54727 2.0651612
54752 1.0533911
54767 -0.08431833
54786 -1.2028724
54808 -2.032139
54829 -2.4375746
54847 -2.537668
54865 -2.5767095
54885 -2.4934561
54905 -2.114765
54925 -1.3667417
54945 -0.24590327
54963 1.0598353
54982 2.3013124
55003 3.3575652
55024 4.166371
55043 4.6527476
55063 4.838514
55082 5.137897
55103 5.37182
55128 5.2847033
55142 4.829015
55162 4.121014
55181 3.2443008
55199 2.2554133
55220 1.2617637
55251 0.3328137
55271 -0.40324116
55278 -0.7556498
55298 -1.0739427
55317 -1.3834478
55338 -1.4808751
55358 -1.2311426
55381 -0.75080717
55398 -0.1350624
55416 0.5425222
55437 1.19535
55460 1.849619
55477 2.5328124
55495 3.1283157
55515 3.6663308
55534 4.1885953
55555 4.5644054
55574 4.6586227
55594 4.655929
55614 4.3049893
55633 3.77386
55653 3.309005
55673 2.8207514
55691 2.0637465
55715 1.1473645
55732 0.30438823
55751 -0.43131316
55771 -1.2205033
55791 -2.0339065
55810 -2.7845428
55831 -3.0359354
55850 -3.0584922
55869 -3.1418006
55888 -3.1150575
55909 -2.703173
55928 -1.9030449
55947 -0.8412705
55967 0.15346605
55988 1.0925654
56008 1.9372836
56026 2.5424712
56047 3.0254478
56066 3.5342438
56085 4.083061
56105 4.3040624
56127 4.1045012
56145 3.6499016
56164 3.090502
56183 2.5217972
56203 1.924116
56223 1.2357832
56251 0.5029145
56262 -0.35946092
56281 -1.1831498
56301 -1.87189
56322 -2.2007651
56342 -2.1265185
56361 -1.9016818
56384 -1.7826798
56401 -1.7310936
56420 -1.6453379
56439 -1.0751103
56459 0.09739425
56483 1.3628916
56499 2.436558
56518 3.2515402
56543 3.8614075
56558 4.0192347
56577 3.8332222
56597 3.5850961
56617 3.5254037
56637 3.5604742
56656 3.166954
56680 2.132823
56710 0.9760706
56725 -0.02960335
56735 -0.81560993
56756 -1.5483162
56778 -2.1216736
56793 -2.5132623
56813 -2.8584106
56833 -3.2523398
56853 -3.3713973
56872 -3.1651688
56894 -2.7595708
56913 -2.044928
56931 -1.1354322
56951 -0.24005638
56970 0.58471847
56990 1.2561549
57010 1.657919
57031 2.0445297
57049 2.684081
57069 3.0324104
57089 2.86038
57110 2.5467398
57133 2.1855962
57149 1.6919004
57167 1.122162
57187 0.5082121
57214 -0.019463193
57227 -0.39714873
57249 -0.8258999
57269 -1.5151048
57285 -1.972316
57305 -1.8193314
57324 -1.4168324
57345 -1.1652789
57366 -0.8741384
57384 -0.5630531
57404 -0.12597491
57423 0.5124624
57443 1.3451289
57462 2.3058555
57482 3.1950867
57502 3.7835448
57522 3.8599691
57542 3.4674287
57562 2.9539802
57581 2.4545698
57600 2.084529
57621 1.6343099
57640 0.9009474
57666 -0.086281344
57679 -1.2015172
57699 -2.1900246
57718 -3.0377915
57739 -3.6849334
57757 -3.9105318
57779 -3.8218076
57797 -3.7229636
57818 -3.6428673
57836 -3.4038813
57856 -2.9476507
57876 -2.177616
57901 -1.1219351
57916 0.13752365
57935 1.4082476
57954 2.568863
57975 3.678277
57995 4.5548253
58014 5.205532
58033 5.454692
58053 5.2323017
58072 4.7859197
58092 4.327812
58111 3.7590811
58132 2.7874167
58152 1.5350585
58175 0.25669202
58190 -1.1244645
58213 -2.3238776
58230 -3.2076647
58251 -3.6437082
58269 -3.52574
58289 -3.002008
58308 -2.5272224
58331 -2.1748123
58348 -1.678996
58370 -0.8755779
58388 0.22896533
58406 1.4597764
58428 2.5426636
58447 3.5092971
58467 4.4524236
58486 4.968728
58505 4.8832974
58525 4.5989842
58545 4.188379
58565 3.7649863
58584 3.3843904
58604 2.7730775
58631 1.8185238
58642 0.63932437
58664 -0.7037422
58683 -2.0627787
58703 -2.8490279
58722 -3.038521
58741 -3.0862396
58763 -3.0387917
58780 -2.969304
58801 -3.0970411
58822 -3.11622
58840 -2.5957525
58859 -1.6119794
58884 -0.44105104
58901 0.7223678
58920 1.697568
58939 2.3552108
58958 2.7946281
58977 3.0842996
58998 3.253987
59018 3.3934221
59037 3.5296998
59057 3.4791765
59076 3.1702957
59097 2.6320877
59115 1.8781315
59135 0.9334829
59155 0.0660748
59178 -0.6090087
59194 -1.1562194
59214 -1.5691361
59234 -1.7371105
59253 -1.794271
59272 -1.807793
59292 -1.6166629
59315 -1.2095386
59331 -0.79392684
59352 -0.286492
59373 0.45478413
59391 1.4542806
59411 2.6036613
59431 3.466445
59450 3.7887633
59469 3.6960967
59489 3.3935568
59508 2.9112875
59529 2.3687003
59548 1.976867
59568 1.5884074
59593 1.0110797
59607 0.14925046
59627 -0.9493921
59648 -1.8878937
59666 -2.4446547
59686 -2.6129827
59707 -2.5031207
59726 -2.3464103
59746 -2.3050811
59767 -2.3047273
59785 -2.1552787
59806 -1.6622905
59824 -1.0230669
59844 -0.39181373
59863 0.26330158
59884 1.0192983
59902 1.7226493
59922 2.2252936
59942 2.7279139
59966 3.3559282
59982 3.7610102
60004 3.7174246
60021 3.2638597
60041 2.7504141
60061 2.2652094
60080 1.6507964
60101 0.8741502
60121 0.049076602
60141 -0.8109837
60158 -1.6913701
60178 -2.525368
60199 -3.0402565
60217 -3.1183953
60237 -2.8828661
60257 -2.638305
60276 -2.3864517
60297 -1.8467498
60317 -1.0083169
60339 -0.10929567
60356 0.7577585
60375 1.6463886
60395 2.6261086
60415 3.6524856
60434 4.264803
60454 4.322262
60473 4.248204
60492 4.1009045
60512 3.6832254
60532 2.9776437
60553 2.1810808
60573 1.4063935
60594 0.5539208
60610 -0.511118
60633 -1.7699502
60651 -2.6983278
60671 -3.112088
60690 -3.2801704
60712 -3.2747004
60729 -3.2101934
60752 -2.9270499
60768 -2.4586828
60788 -1.9287477
60808 -1.2739877
60828 -0.5131225
60847 0.53831214
60866 1.7493966
60887 2.7534373
60906 3.450204
60926 3.7811754
60947 3.837085
60967 3.6135244
60985 3.4779253
61004 3.5337808
61024 3.4515345
61044 3.181697
61064 2.5477233
61090 1.5379947
61103 0.45946026
61122 -0.4768634
61143 -1.0460287
61162 -1.2459161
61183 -1.3343921
61201 -1.4643846
61221 -1.562655
61242 -1.6039023
61260 -1.6139953
61279 -1.4165009
61300 -0.7873979
61319 0.17401132
61339 1.1697278
61358 1.9517337
61379 2.9353142
61398 4.183808
61418 4.9679875
61437 4.9459496
61459 4.547561
61477 4.239088
61497 3.8839853
61516 3.2287369
61535 2.259765
61560 1.1819104
61575 0.30130318
61595 -0.8252758
61617 -2.200309
61638 -3.2067437
61654 -3.5271049
61674 -3.417842
61693 -3.1865005
61714 -2.8262835
61735 -2.4058027
61755 -1.9003525
61771 -1.1909341
61792 -0.40748432
61812 0.4267579
61832 1.3364466
61858 2.0756044
61870 2.5950112
61890 3.109765
61909 3.700616
61929 3.958455
61948 3.8301497
61970 3.4629107
61988 2.8930643
62008 2.322319
62029 1.7773361
62049 1.094143
62074 0.40793002
62087 -0.21004547
62106 -0.8032364
62126 -1.4822097
62150 -2.020359
62165 -2.1841164
62185 -1.9684472
62205 -1.501932
62225 -1.0160174
62244 -0.64534956
62263 -0.34389696
62283 0.097670205
62303 0.7054708
62323 1.3906473
62342 2.1008537
62362 2.8270571
62382 3.2480528
62403 3.2380402
62421 2.8690078
62441 2.218602
62465 1.6449203
62481 1.2785262
62504 0.8689829
62531 0.3311035
62542 -0.42130202
62559 -1.388042
62578 -2.3322265
62598 -2.9208176
62621 -3.0513024
62639 -2.953875
62662 -2.7535799
62677 -2.5284448
62697 -2.1209128
62716 -1.4785607
62736 -0.7445202
62756 -0.030911446
62775 0.6784239
62795 1.4393991
62816 2.156218
62835 2.704056
62854 3.3684752
62874 4.240727
62893 4.7471833
62913 4.466706
62933 3.6708257
62953 2.8647954
62973 2.238275
62993 1.797443
63012 1.3177052
63038 0.68887216
63054 -0.037850033
63071 -0.9389689
63092 -2.001451
63112 -2.7937424
63130 -2.9231107
63149 -2.4698732
63171 -1.8020543
63188 -1.1623671
63208 -0.6509051
63228 -0.16311473
63248 0.5044586
63270 1.3770919
63287 2.414569
63309 3.3902884
63326 4.3178782
63346 4.973102
63365 5.1494827
63386 4.97906
63405 4.4894733
63425 3.8320735
63445 3.147441
63464 2.370143
63484 1.417739
63511 0.2606066
63524 -0.8489435
63543 -1.8234364
63562 -2.4565108
63582 -2.7638934
63605 -2.9971921
63622 -2.992295
63643 -2.6803694
63661 -2.2386398
63681 -1.718988
63700 -0.89652544
63721 0.22605489
63744 1.3487993
63761 2.397404
63780 3.3080435
63799 4.21542
63818 4.82262
63838 4.891945
63863 4.534093
63879 4.096117
63897 3.8460312
63916 3.5654733
63938 3.0900621
63957 2.4735544
63980 1.7182662
63995 0.8201406
64015 -0.23877639
64034 -1.0507104
64054 -1.3682971
64074 -1.2995715
64096 -1.0563687
64113 -0.8379807
64133 -0.6821663
64152 -0.6544702
64173 -0.48146048
64193 -0.08500385
64212 0.50054246
64232 1.2281619
64252 2.031064
64272 2.848848
64292 3.6926148
64311 4.313201
64330 4.4423795
64349 4.222195
64369 3.967157
64391 3.700257
64411 3.345425
64430 2.7947867
64448 2.0637102
64473 1.1809033
64489 0.14165601
64507 -0.9940684
64527 -1.9269894
64546 -2.3435264
64566 -2.4019952
64585 -2.3760679
64607 -2.3659735
64626 -2.326794
64648 -2.097088
64664 -1.4913795
64684 -0.47746232
64706 0.54483455
64724 1.4356704
64744 2.187941
64765 2.8250167
64783 3.545373
64802 4.172981
64826 4.4420285
64846 4.420181
64861 4.27457
64883 3.9748847
64901 3.3921404
64920 2.7802312
64940 2.1593149
64963 1.5355967
64979 0.7569376
64999 -0.26068106
65018 -1.1473498
65038 -1.6672169
65059 -1.835545
65078 -1.6806846
65097 -1.4369379
65117 -1.2005918
65142 -0.8778644
65156 -0.39584073
65177 0.18828939
65195 0.8397842
65215 1.461706
65235 2.080633
65256 2.8415809
65275 3.6232607
65295 3.9876962
65314 3.9528718
65334 3.7336946
65353 3.4103415
65374 3.0427504
65393 2.493635
65417 1.8659993
65437 1.2529483
65451 0.48013896
65474 -0.45142287
65495 -1.3057181
65513 -1.8690338
65534 -2.1173217
65549 -2.1261108
65569 -1.9602311
65591 -1.8370937
65611 -1.5730515
65628 -1.002659
65648 -0.18060571
65667 0.88862205
65688 2.0285895
65708 2.9326744
65729 3.594616
65748 4.108117
65766 4.5372233
65786 4.7210064
65807 4.7192655
65825 4.683435
65846 4.5296903
65866 4.0652165
65884 3.3363738
65904 2.5307236
65928 1.8066121
65945 1.0785565
65963 0.28485116
65982 -0.5361702
66002 -1.0529104
66024 -1.1649752
66043 -1.1638335
66066 -1.1302336
66082 -0.88608056
66101 -0.4351015
66121 0.06259303
66143 0.4240904
66160 0.8869075
66179 1.597279
66199 2.501909
66219 3.6219347
66238 4.677969
66258 5.249558
66278 5.34296
66297 5.162741
66317 4.748572
66337 4.240675
66359 3.7829208
66376 3.1719077
66396 2.2511714
66422 1.1381106
66435 -0.14852871
66455 -1.4062735
66475 -2.1809342
66495 -2.4561334
66514 -2.442148
66534 -2.239647
66553 -1.9886634
66573 -1.6997257
66593 -1.1819524
66613 -0.26276734
66632 0.9480467
66652 2.040021
66671 2.8881118
66694 3.6377692
66714 4.14224
66731 4.2232614
66750 4.1305676
66770 3.9512198
66790 3.8712568
66809 3.9073603
66829 3.8384988
66848 3.425091
66872 2.824282
66888 2.1910155
66908 1.4349923
66929 0.6915922
66950 0.1651959
66967 -0.24715067
66986 -0.49778044
67006 -0.6612936
67026 -0.69448566
67047 -0.5531463
67068 -0.18084846
67098 0.22434305
67111 0.5916083
67125 1.1057906
67144 1.9643291
67166 3.0134795
67182 4.05308
67202 5.014653
67222 5.6507754
67243 5.670254
67262 5.1119695
67283 4.2394733
67301 3.4887826
67321 2.9799867
67340 2.4210768
67360 1.5004252
67388 0.37601992
67401 -0.74394774
67419 -1.7805301
67439 -2.4851043
67459 -2.799205
67479 -2.7680259
67499 -2.400081
67520 -1.8606242
67537 -1.3301982
67556 -0.7216085
67577 0.09114101
67604 1.1062831
67617 2.1913438
67635 3.1465485
67655 3.9382966
67677 4.8600636
67702 5.690117
67716 6.0821137
67736 6.062088
67754 5.9273343
67773 5.7281528
67794 5.262807
67815 4.481127
67835 3.4985247
67855 2.4225776
67871 1.3063611
67894 0.038168214
67912 -1.0437926
67931 -1.72674
67951 -2.049058
67970 -2.1715987
67990 -2.1371539
68011 -1.9217855
68030 -1.5807488
68049 -1.035687
68071 -0.07310876
68088 1.1396915
68108 2.1594863
68129 2.9007905
68150 3.6863616
68167 4.4279385
68186 4.7297435
68206 4.628044
68226 4.4970975
68247 4.4213276
68266 4.2079988
68285 3.6275377
68305 2.6991293
68327 1.7015887
68344 0.7199934
68365 -0.3436861
68383 -1.2908102
68403 -1.7712014
68423 -1.9217637
68442 -2.0946083
68463 -2.3093271
68482 -2.4098282
68502 -2.19628
68521 -1.5490009
68541 -0.5661536
68561 0.560264
68580 1.5920299
68601 2.4224908
68620 2.9725318
68639 3.3468978
68659 3.581829
68679 3.8252501
68706 4.063935
68720 4.1323347
68738 3.9574773
68757 3.572774
68778 3.0158768
68797 2.370204
68816 1.8026959
68835 1.4050127
68858 1.0143766
68875 0.68898296
68896 0.39743468
68915 0.19074465
68934 0.05470978
68954 -0.04606481
68974 0.028183071
68997 0.20921612
69014 0.5227759
69033 1.0362216
69052 1.5634099
69072 2.0242393
69091 2.537333
69113 3.0809247
69131 3.6207902
69150 4.0569158
69171 4.318672
69190 4.273616
69209 4.0222535
69230 3.6366765
69250 2.9626818
69271 2.1970527
69289 1.4930205
69313 0.7202375
69329 -0.15484324
69348 -1.0000249
69367 -1.6427876
69387 -1.9689702
69406 -2.044332
69426 -1.9442121
69448 -1.8435191
69466 -1.6806855
69487 -1.2973145
69505 -0.49345943
69524 0.65230083
69547 1.9125214
69564 3.0111334
69584 3.7381012
69603 4.1418514
69623 4.386658
69643 4.642294
69663 4.9739194
69687 5.283752
69703 5.3686113
69722 5.0059447
69741 4.265921
69761 3.3310957
69781 2.3447676
69802 1.4900104
69822 0.7805638
69843 0.22777496
69860 -0.3258014
69880 -0.8690143
69899 -1.2762187
69918 -1.4147837
69938 -1.2047213
69958 -0.79748935
69977 -0.36179838
69998 0.15654416
70021 0.7986257
70039 1.435891
70056 2.1662862
70078 3.1129472
70098 4.0949254
70115 4.7944136
70135 5.1066375
70155 4.990845
70174 4.6302996
70193 4.254791
70213 3.8303118
70233 3.3320985
70252 2.8021636
70279 2.0195055
70297 0.9698117
70316 -0.15638863
70336 -1.0937194
70352 -1.835323
70370 -2.327359
70390 -2.5043123
70411 -2.3801405
70431 -2.0987144
70449 -1.6992084
70469 -1.2374539
70489 -0.626144
70509 0.1685667
70530 1.2277819
70548 2.3297675
70569 3.2006311
70588 3.9747207
70607 4.872681
70626 5.5695558
70646 5.7888165
70666 5.581882
70688 5.1538105
70706 4.5102863
70725 3.6222818
70745 2.5531623
70765 1.5419374
70794 0.84601426
70805 0.23054253
70823 -0.65974694
70843 -1.6559795
70863 -2.2691119
70883 -2.3132136
70909 -1.8810349
70925 -1.2300843
70941 -0.5986133
70961 -0.068787925
70982 0.4075776
71000 0.9046465
71021 1.4814855
71041 2.2222207
71060 3.0995347
71080 4.045216
71100 4.7345834
71118 4.8900456
71138 4.6868916
71159 4.3654985
71177 4.0146394
71200 3.617202
71217 3.0367424
71236 2.1911795
71259 1.1544348
71276 0.124054305
71296 -0.93690205
71315 -1.9027447
71336 -2.5290995
71356 -2.7208803
71374 -2.4922357
71394 -2.0821998
71415 -1.783577
71434 -1.4470264
71454 -0.82592046
71474 0.002391555
71492 0.9422262
71512 1.8855133
71533 2.6951616
71552 3.506416
71573 4.1229224
71590 4.215998
71611 3.9629464
71630 3.9193068
71652 4.107252
71672 4.1951566
71691 3.931278
71709 3.2905836
71733 2.4680932
71748 1.7001804
71768 0.95155483
71790 0.30985478
71810 -0.052621927
71827 -0.14264879
71846 -0.1661279
71866 -0.20446491
71886 -0.2084641
71905 -0.11326868
71925 0.10191076
71945 0.5373564
71964 1.1633579
71987 1.6991688
72006 2.215364
72024 2.9489973
72043 3.7976868
72063 4.3749323
72085 4.3707695
72103 3.9655237
72122 3.5633814
72144 3.278769
72161 2.9333253
72181 2.375041
72205 1.6167859
72221 0.6812527
72239 -0.46325952
72260 -1.6921387
72279 -2.693839
72300 -3.1288476
72319 -3.0935333
72339 -2.7741265
72362 -2.4171996
72378 -2.1901336
72397 -1.9037011
72418 -1.2866219
72441 -0.30252466
72458 0.92281836
72476 2.2003424
72496 3.424379
72518 4.4222984
72544 5.2234583
72556 5.63937
72576 5.7389216
72594 5.7181363
72614 5.603351
72637 5.346382
72653 4.948183
72673 4.367478
72693 3.536992
72720 2.4719813
72736 1.3289412
72753 0.18105672
72772 -0.72327065
72791 -1.2316839
72811 -1.4955624
72831 -1.6412811
72854 -1.6058304
72870 -1.4418013
72889 -1.2333704
72909 -0.862135
72929 -0.3302987
72950 0.3556131
72971 1.2229129
72990 2.1314018
73009 3.0234323
73027 3.8864875
73048 4.6502633
73069 4.980962
73090 4.8191357
73109 4.4481997
73125 4.001546
73145 3.5299995
73165 2.9734018
73185 2.2235808
73213 1.3074985
73225 0.25685146
73244 -0.72542495
73263 -1.5763993
73283 -2.0458245
73303 -2.1547875
73324 -2.07967
73343 -1.8692513
73364 -1.5841793
73381 -1.1832312
73402 -0.63512206
73426 0.1281115
73441 1.0381249
73461 1.968843
73479 2.840306
73498 3.414805
73518 3.8362944
73539 4.1881595
73559 4.3519435
73578 4.339728
73598 4.272281
73618 4.02878
73638 3.5432205
73658 2.904188
73677 2.1123054
73701 1.2896512
73716 0.6309191
73738 0.047957074
73759 -0.48679134
73777 -0.95189035
73795 -1.294668
73815 -1.5068817
73836 -1.3362951
73855 -0.95746666
73875 -0.59613305
73895 -0.24513651
73912 0.1536325
73932 0.73014563
73953 1.4071059
73971 2.1342912
73991 3.073198
74014 4.0326734
74034 4.5943594
74055 4.600181
74071 4.3040347
74090 3.9310281
74112 3.540091
74129 3.0833442
74149 2.4506495
74169 1.7241191
74194 0.9024163
74210 -0.13759257
74228 -1.1956397
74247 -1.9738644
74266 -2.4091723
74287 -2.5029266
74307 -2.3300805
74327 -2.0512636
74346 -1.8206311
74365 -1.6902293
74387 -1.4890896
74406 -1.0870541
74426 -0.49927858
74444 0.25968525
74463 1.1208636
74483 1.9982578
74504 2.6451554
74523 2.9340644
74543 3.0065172
74562 3.1642334
74582 3.5153646
74601 3.7141662
74621 3.734463
74641 3.7267644
74660 3.46585
74680 2.794684
74700 1.8716645
74721 1.0198172
74740 0.44033682
74763 -6.338466E-4
74779 -0.52017343
74798 -1.0968488
74819 -1.4542929
74839 -1.6943928
74858 -2.0743904
74877 -2.4737878
74896 -2.6022584
74916 -2.4921548
74940 -2.2762144
74958 -2.0093408
74976 -1.5935111
74995 -1.0559039
75015 -0.53102934
75034 -0.18515006
75055 0.10607087
75074 0.49058402
75094 0.9657774
75113 1.5394065
75133 1.8270652
75152 1.7886758
75172 1.6132178
75193 1.317888
75212 0.8884264
75231 0.41698533
75251 -0.08669341
75274 -0.7560923
75290 -1.5733587
75313 -2.3873596
75330 -3.161912
75349 -3.5705314
75369 -3.595725
75389 -3.5155175
75409 -3.4115038
75429 -3.2446434
75450 -3.0571325
75468 -2.7692032
75487 -2.2530053
75508 -1.5395046
75529 -0.78905684
75546 -0.119685695
75566 0.39417207
75586 0.69978756
75606 1.069773
75624 1.5716026
75644 2.1063538
75664 2.5657144
75683 2.85204
75705 3.0427582
75724 3.255732
75743 3.3899415
75764 3.3460283
75782 3.1569402
75802 2.911479
75822 2.5080018
75843 2.0489397
75862 1.7698787
75884 1.5101609
75900 1.0456045
75920 0.4319001
75940 -0.16414842
75959 -0.44696313
75979 -0.5210182
75998 -0.5379416
76018 -0.5863688
76038 -0.5854172
76059 -0.5093189
76078 -0.4642111
76100 -0.36852464
76117 0.006683436
76136 0.40626952
76157 0.6199522
76177 0.67287105
76195 0.83298296
76214 1.2183658
76234 1.8159915
76255 2.4258325
76274 3.010834
76297 3.3203948
76313 3.2522948
76333 2.9749746
76353 2.618811
76372 2.1570845
76392 1.6252712
76412 0.9400931
76435 0.12892185
76451 -0.75203615
76472 -1.6643344
76492 -2.7211022
76511 -3.6904294
76533 -4.2659073
76550 -4.3700542
76569 -4.017154
76591 -3.4165075
76608 -2.9353547
76628 -2.5838685
76648 -2.1137884
76668 -1.4407731
76687 -0.6969658
76707 0.08305368
76727 0.9224688
76747 1.8325099
76766 2.7239425
76786 3.3209689
76808 3.6248686
76826 3.8459795
76845 4.1779017
76865 4.343129
76884 4.183235
76904 3.8558009
76931 3.5379992
76943 3.1216784
76964 2.4970376
76983 1.7188131
77007 0.98216116
77021 0.3885083
77042 -0.058173355
77062 -0.53298664
77082 -0.9429667
77103 -1.13007
77120 -1.1811662
77141 -1.2781053
77159 -1.1755065
77179 -0.74593693
77199 -0.1452622
77218 0.48419616
77239 1.1262221
77259 1.8213834
77281 2.5193484
77301 2.9137952
77317 3.0957549
77336 3.4396505
77358 3.7602823
77376 3.5976112
77397 2.9621935
77415 2.150666
77435 1.4567809
77455 0.8426685
77475 0.111483574
77501 -0.5804401
77515 -0.97477573
77533 -1.2368579
77553 -1.7394506
77572 -2.2508278
77593 -2.5371797
77613 -2.395513
77633 -1.9586247
77652 -1.5194796
77671 -1.2048866
77695 -0.9372517
77711 -0.6174357
77730 -0.12058596
77750 0.59097993
77769 1.435264
77789 2.0970418
77809 2.5451124
77829 2.7045972
77849 2.6598666
77868 2.5412447
77887 2.3686724
77909 2.2622118
77926 2.166635
77947 1.7833717
77972 0.987517
77986 -0.025366956
78006 -0.7223246
78026 -1.092937
78045 -1.4482032
78066 -1.909113
78086 -2.263999
78104 -2.321623
78124 -2.177781
78144 -1.9525365
78164 -1.5960174
78183 -1.1378529
78202 -0.5447731
78222 0.12892298
78242 1.0773538
78264 2.283815
78282 3.3194182
78301 3.7649567
78321 3.9162004
78341 3.984435
78361 3.7841666
78380 3.3883896
78399 2.8946943
78418 2.338453
78438 1.665682
78458 0.7354796
78482 -0.4116987
78499 -1.4153317
78517 -1.9462711
78537 -2.2479424
78557 -2.540552
78576 -2.7128806
78597 -2.6979988
78616 -2.4502528
78635 -2.0668008
78656 -1.6738247
78677 -1.3012264
78694 -0.7624483
78716 -0.0029698284
78734 0.75286317
78753 1.5404469
78773 2.3858712
78795 3.1286194
78816 3.600277
78833 3.829303
78851 3.9667237
78871 4.237895
78891 4.490998
78912 4.4584317
78932 4.0838184
78953 3.431751
78969 2.4849527
78989 1.3820447
79009 0.3606433
79034 -0.37960112
79049 -0.8588755
79069 -1.2559037
79088 -1.7675837
79107 -2.1273384
79129 -2.2171752
79148 -2.2046044
79169 -2.0231345
79186 -1.5439931
79206 -0.9080366
79229 -0.29449454
79245 0.34470308
79265 1.2048993
79284 2.1440527
79304 2.9822695
79324 3.5293984
79349 3.6962297
79364 3.7145126
79384 3.6440198
79403 3.3421319
79422 2.979873
79442 2.673442
79463 2.2556007
79486 1.4071037
79505 0.29175785
79521 -0.817656
79541 -1.7256553
79562 -2.1513321
79580 -2.2342858
79600 -2.1684442
79620 -2.0439172
79639 -2.0241377
79658 -1.993882
79678 -1.6507506
79703 -0.8742147
79719 0.0958988
79741 1.0556475
79758 1.9685725
79777 2.692383
79798 3.227434
79817 3.6091452
79837 3.7524416
79855 3.704069
79875 3.6804261
79896 3.710952
79916 3.607485
79936 3.2916143
79954 2.726935
79976 1.9196254
79993 1.0110267
80014 0.1716143
80037 -0.45906612
80052 -0.87007964
80071 -1.0508685
80091 -1.0245055
80113 -1.1273484
80131 -1.5608891
80155 -1.8942008
80171 -1.7413781
80191 -1.2089685
80209 -0.49808425
80229 0.3680171
80250 1.338619
80268 2.2420766
80288 2.7956007
80308 2.9214036
80328 2.855293
80347 2.965589
80368 2.9938028
80387 2.6536608
80406 2.0915146
80426 1.3722762
80456 0.39987642
80469 -0.7178621
80485 -1.5934323
80505 -2.0220764
80525 -2.3207242
80544 -2.700396
80564 -3.098896
80584 -3.2319107
80604 -3.0081322
80623 -2.653708
80644 -2.233062
80666 -1.7069904
80682 -1.18889
80702 -0.7433249
80722 -0.33168438
80741 0.087217934
80760 0.71673036
80785 1.189123
80802 1.2409807
80821 1.1394433
80839 1.2560786
80859 1.4301467
80878 1.3600076
80898 0.95250225
80919 0.2597352
80941 -0.43695337
80961 -0.90189004
80977 -1.4405309
80998 -1.9420346
81016 -2.2403033
81036 -2.434423
81057 -2.6609757
81076 -2.743656
81095 -2.5373724
81118 -2.0816033
81139 -1.3764018
81154 -0.6601255
81174 -0.08062181
81193 0.51028174
81213 1.2895689
81233 2.1511009
81253 2.791686
81272 2.9331892
81292 2.6211245
81312 2.1813774
81332 1.7968091
81351 1.4074796
81370 0.9417521
81391 0.29126418
81415 -0.5997591
81431 -1.6566106
81457 -2.6574953
81471 -3.386857
81490 -3.7142637
81508 -3.6881711
81528 -3.4825668
81548 -3.1069481
81568 -2.5354414
81589 -1.9689407
81607 -1.435875
81626 -0.7235201
81646 0.20787889
81667 1.0900617
81687 1.6360488
81707 1.9781207
81725 2.2856143
81744 2.5017996
81765 2.30912
81784 1.7030338
81805 1.2579306
81824 1.1136794
81842 1.0013983
81862 0.61699337
81890 -0.019973667
81903 -0.571891
81922 -0.9381491
81941 -1.3583609
81961 -1.9041568
81981 -2.258851
82002 -2.4119177
82021 -2.4830637
82040 -2.5872397
82059 -2.8962274
82079 -3.2011878
82099 -3.3538465
82119 -3.249672
82138 -2.8804743
82157 -2.0947952
82177 -1.0396879
82197 -0.30048016
82217 0.07418554
82237 0.0504609
82257 -0.16885367
82276 -0.21461755
82295 -0.19372272
82316 -0.15865248
82336 -0.22656094
82360 -0.68951267
82374 -1.6209121
82394 -2.651235
82413 -3.2866209
82434 -3.6553545
82457 -3.9167848
82474 -4.028687
82493 -4.088242
82512 -4.027353
82532 -3.8394907
82552 -3.7117274
82572 -3.5780065
82592 -3.414901
82610 -3.1761065
82630 -2.7225153
82649 -2.1325357
82677 -1.4815046
82690 -0.95964885
82708 -0.44244653
82728 0.10595989
82747 0.23007904
82768 0.09380002
82789 0.09679213
82810 0.36205924
82827 0.4730073
82846 0.14105788
82867 -0.45131743
82891 -1.163183
82908 -1.821235
82925 -2.4121935
82945 -2.9993172
82967 -3.2047837
82984 -3.171482
83004 -3.2605033
83023 -3.5263138
83043 -3.6941772
83063 -3.5985198
83084 -3.2370489
83103 -2.8044884
83122 -2.4653008
83141 -2.1204813
83160 -1.5400776
83180 -0.7556511
83201 -0.13566165
83221 0.08463227
83240 -0.0117894085
83260 -0.23651947
83279 -0.553396
83299 -0.9415823
83325 -1.3615736
83340 -1.7550396
83362 -2.351306
83378 -3.154724
83397 -4.1162663
83417 -4.903905
83437 -5.2483974
83457 -5.218741
83476 -5.0267425
83496 -4.6888337
83516 -4.287125
83536 -3.8679512
83557 -3.4468431
83577 -2.7917557
83594 -1.9477185
83614 -1.1497439
83637 -0.39151546
83657 0.39326623
83673 1.0696551
83692 1.5082564
83712 1.7310805
83732 1.8506542
83753 1.9643531
83774 2.0697525
83793 1.9896553
83810 1.682138
83830 1.2846208
83852 0.78899324
83870 0.080280736
83890 -0.70830876
83914 -1.4135367
83929 -1.97808
83948 -2.3850663
83968 -2.7018082
83988 -2.882489
84008 -2.8117242
84027 -2.621412
84048 -2.2966192
84069 -1.9346057
84087 -1.4145751
84106 -0.8287031
84125 -0.2381799
84145 0.37731943
84165 1.2313968
84187 2.4554055
84203 3.3388383
84224 3.4718797
84244 3.0920455
84263 2.5222254
84283 2.0279336
84303 1.5203102
84323 1.017254
84341 0.5143909
84365 -0.11098385
84381 -1.0966338
84403 -2.426204
84422 -3.334858
84442 -3.507702
84461 -3.275763
84479 -2.9392958
84499 -2.5691466
84519 -2.0900345
84539 -1.5145825
84558 -0.7801884
84578 0.2718174
84598 1.5004786
84617 2.577215
84637 3.2530327
84658 3.6849701
84677 3.9909644
84696 4.2409935
84716 4.3697615
84735 4.306317
84757 4.0492673
84775 3.6153169
84796 3.0166314
84814 2.3241084
84834 1.6631463
84859 1.1166425
84874 0.5778102
84893 0.0076905163
84913 -0.5538565
84932 -1.0049993
84954 -1.2358481
84972 -1.181026
84992 -0.9537658
85011 -0.81008625
85031 -0.7054484
85051 -0.4671727
85071 -0.05281197
85090 0.37604877
85109 1.0028673
85129 1.9655803
85149 2.9707382
85168 3.6945472
85188 3.8651056
85208 3.6374931
85227 3.1977472
85248 2.685334
85267 2.1670442
85288 1.630498
85307 1.0839669
85332 0.3690522
85345 -0.67397654
85365 -1.7718548
85385 -2.651969
85405 -3.0178995
85425 -2.9725187
85444 -2.6441033
85463 -2.2220993
85483 -1.9321823
85504 -1.6110042
85525 -1.1123294
85544 -0.4659215
85563 0.36176655
85582 1.2309432
85601 1.9888722
85622 2.482866
85641 2.8044784
85661 2.9451659
85681 2.8811219
85701 2.816561
85719 2.8195517
85739 2.7980034
85760 2.592781
85780 2.0825965
85802 1.3650973
85817 0.5670916
85839 -0.16667722
85857 -0.8473912
85878 -1.3561872
85896 -1.6679507
85916 -1.8811715
85936 -2.1501641
85956 -2.3579972
85975 -2.271534
85995 -2.0434577
86015 -1.9122391
86034 -1.6424012
86055 -1.1690284
86073 -0.6017122
86094 0.09603474
86114 0.8864483
86135 1.5528245
86152 1.9900914
86176 2.160459
86195 2.0463274
86212 1.7722449
86231 1.6057659
86251 1.3782355
86270 0.9806066
86291 0.42566785
86313 -0.34485826
86329 -1.2238561
86349 -1.9344704
86369 -2.3970945
86391 -2.7447145
86410 -2.9535546
86428 -2.7947214
86447 -2.4038413
86467 -2.0638642
86487 -1.661583
86508 -0.983344
86527 -0.06791401
86548 0.94529456
86565 1.7187583
86585 2.2399879
86607 2.726882
86626 2.956453
86645 2.8768744
86664 2.73189
86684 2.709716
86703 2.7532744
86724 2.6086433
86742 2.168136
86764 1.4413328
86782 0.6913481
86802 0.013977137
86821 -0.6629305
86841 -1.0695925
86863 -1.228589
86883 -1.3403819
86900 -1.4273611
86921 -1.4749738
86941 -1.4449655
86959 -1.4021146
86979 -1.2387385
86998 -0.92947936
87018 -0.5178915
87038 -0.06038033
87058 0.39715862
87078 0.9517698
87098 1.6018788
87118 2.0944033
87136 2.1504493
87156 1.9010984
87176 1.6037823
87197 1.3134047
87217 1.1814799
87234 1.0251206
87254 0.73286325
87281 0.321414
87293 -0.3215664
87314 -1.1080904
87333 -1.8254269
87353 -2.2526283
87373 -2.38877
87393 -2.258858
87412 -2.1125944
87432 -2.1992211
87452 -2.1420853
87473 -1.7847759
87491 -1.1807581
87510 -0.38827646
87531 0.35969552
87549 1.0606275
87569 1.7254819
87588 2.3605711
87609 2.8533425
87630 3.179226
87648 3.3303587
87667 3.1947596
87686 2.9293013
87709 2.6969001
87735 2.3851645
87749 1.9825572
87765 1.430828
87788 0.766954
87805 -0.0034886273
87826 -0.76995844
87845 -1.3727541
87865 -1.6354079
87885 -1.5690488
87903 -1.377974
87923 -1.2742307
87944 -1.2074652
87963 -1.0024898
87984 -0.56726176
88002 -0.0033734927
88022 0.5561885
88044 1.1045394
88062 1.7738814
88082 2.4859123
88102 2.9687502
88121 3.0425363
88140 2.8489563
88159 2.5625226
88180 2.1827965
88200 1.8036686
88218 1.4003816
88238 0.91454834
88265 0.31382066
88278 -0.40617916
88297 -1.1064008
88317 -1.6473278
88336 -1.9338444
88356 -1.944072
88378 -1.801917
88401 -1.6319549
88417 -1.5581135
88435 -1.379175
88454 -0.9297734
88477 -0.13367246
88495 0.91161287
88515 1.8058999
88534 2.4972007
88553 3.141731
88572 3.6256037
88594 3.8708472
88612 3.9522223
88632 3.9055877
88652 3.6663854
88672 3.2828515
88691 2.8505602
88717 2.2909164
88731 1.6937526
88753 1.046527
88769 0.3096037
88789 -0.38974822
88811 -0.95551497
88829 -1.3031379
88850 -1.3687868
88868 -1.1781491
88887 -0.8608897
88907 -0.587706
88929 -0.38566858
88952 -0.22501017
88966 0.08931117
88986 0.487972
89005 0.80748826
89025 1.285241
89046 2.0506258
89068 2.8478134
89085 3.2207382
89104 3.1063056
89124 2.8126364
89144 2.544921
89166 2.3522952
89183 2.0567744
89202 1.6914402
89222 1.3234689
89242 0.68046194
89261 -0.35421467
89281 -1.4427863
89303 -2.0489004
89321 -2.0879152
89340 -2.0040362
89361 -1.9849087
89380 -2.0640519
89400 -2.0291464
89419 -1.6006103
89439 -0.79958814
89459 0.20203061
89481 1.1624312
89498 2.0181677
89517 2.7182539
89537 3.274144
89556 3.471067
89579 3.3060029
89596 3.0338516
89618 2.8667734
89636 2.6580415
89655 2.299102
89675 1.8232827
89699 1.3401699
89714 0.8095829
89734 0.1713119
89753 -0.597308
89773 -1.0751147
89793 -1.0710893
89816 -0.6739515
89834 -0.29778767
89852 -0.12151397
89871 -0.16207877
89891 -0.3330757
89913 -0.46113855
89930 -0.41945848
89953 -0.15272374
89970 0.29406747
89990 0.92507666
90009 1.6022547
90029 2.0047815
90049 2.0091348
90067 1.7577157
90087 1.4291648
90107 1.2019073
90128 1.1678191
90146 1.0665815
90167 0.7104177
90188 0.16187364
90206 -0.56833017
90225 -1.3433976
90245 -1.9437988
90265 -2.2202742
90284 -2.3108184
90304 -2.2266662
90324 -2.003978
90345 -1.8176669
90363 -1.6911285
90384 -1.3481874
90404 -0.70616144
90422 0.078320675
90442 0.8528457
90463 1.5662106
90483 2.1848922
90503 2.71929
90522 2.9889364
90540 2.9650202
90562 2.8041732
90580 2.7625754
90603 2.7805877
90620 2.6666198
90639 2.3462045
90662 1.7251258
90679 0.9375958
90698 0.15110232
90718 -0.5598934
90738 -1.0681443
90757 -1.3415457
90776 -1.4233828
90797 -1.4241984
90820 -1.430729
90836 -1.4619359
90855 -1.5580316
90874 -1.505849
90894 -1.1936518
90914 -0.7831018
90935 -0.36436036
90953 0.1196498
90973 0.7308794
90993 1.3777217
91014 1.7080674
91033 1.7121749
91053 1.6185288
91072 1.3996224
91092 1.0441356
91112 0.58213675
91132 0.14320928
91152 -0.3458903
91174 -0.9367411
91189 -1.6260806
91209 -2.376198
91232 -2.853869
91250 -3.0780802
91269 -3.1887019
91288 -2.984703
91308 -2.6229048
91328 -2.2758825
91349 -1.8977071
91366 -1.2703172
91389 -0.43000785
91407 0.4463807
91426 1.2488986
91446 1.9167175
91465 2.475084
91485 2.8354635
91504 2.8975472
91524 2.7883666
91543 2.674288
91566 2.6111956
91584 2.6054833
91603 2.4739943
91623 2.181629
91645 1.6833069
91661 1.032708
91682 0.24942303
91702 -0.3777465
91722 -0.8039148
91740 -1.0792471
91760 -1.2118253
91782 -1.2749453
91799 -1.4741267
91819 -1.6999993
91839 -1.8549718
91859 -1.7813214
91878 -1.5120537
91898 -1.1316209
91919 -0.9052345
91939 -0.552959
91958 0.14530398
91977 0.9607753
91999 1.4102576
92017 1.5319256
92037 1.6187688
92056 1.6535145
92076 1.6700027
92095 1.6419806
92115 1.483421
92134 1.2927276
92156 0.95977
92173 0.37196496
92193 -0.3699645
92215 -0.9071335
92232 -1.1465273
92253 -1.1775151
92273 -1.0422431
92292 -0.9403547
92312 -0.8770724
92334 -0.6247308
92351 -0.080784105
92370 0.6955359
92390 1.5414512
92409 2.2940466
92429 2.9405618
92449 3.3857744
92469 3.5138094
92488 3.3189547
92508 3.0001464
92528 2.8154929
92547 2.8613634
92567 2.846482
92589 2.5640488
92610 2.061184
92627 1.44775
92646 0.8113002
92668 0.24110144
92699 -0.21466611
92707 -0.4327586
92724 -0.42149484
92744 -0.24268956
92766 -0.113129966
92784 -0.056431077
92805 -0.112532094
92823 -0.20465495
92842 -0.12553813
92862 0.16075975
92883 0.6276551
92902 1.2832574
92923 2.028126
92942 2.6383753
92961 2.748018
92980 2.4414496
93000 2.112409
93020 1.9254181
93041 1.8842555
93059 1.8104435
93079 1.5702342
93107 1.1310873
93118 0.48201415
93138 -0.26565683
93158 -0.9455302
93177 -1.3293109
93197 -1.4346826
93218 -1.4928505
93238 -1.5180179
93258 -1.4631404
93275 -1.2919546
93295 -0.93568134
93315 -0.3933396
93336 0.30511343
93356 1.0284896
93376 1.6780826
93393 2.2954352
93413 2.8597345
93435 3.3298426
93453 3.6239183
93473 3.6571913
93492 3.4348013
93512 3.1864839
93532 3.071047
93557 2.9337885
93572 2.6460218
93590 2.243496
93613 1.7099946
93629 1.0379571
93653 0.3264702
93669 -0.12611242
93689 -0.24002622
93708 -0.07158721
93728 0.09467394
93749 0.021596821
93768 -0.1511396
93788 -0.17206079
93807 -0.025034038
93828 0.16837944
93846 0.4510582
93869 0.94431937
93886 1.6060153
93906 2.3714516
93925 2.9456
93945 2.9637206
93964 2.6228712
93984 2.189656
94004 1.8675804
94023 1.772654
94043 1.812595
94063 1.7934147
94084 1.4843712
94103 0.7847471
94122 -0.23439433
94142 -1.1306443
94162 -1.4391146
94181 -1.2160727
94203 -0.6805877
94220 -0.2711791
94239 -0.02190876
94259 0.18168093
94279 0.62879676
94298 1.3683057
94323 2.277233
94338 3.3267646
94357 4.3406014
94377 5.1808033
94396 5.769858
94416 5.9845476
94437 6.0827923
94456 6.024187
94475 5.8158646
94496 5.307561
94518 4.676498
94536 4.088503
94554 3.4154878
94578 2.6479292
94594 1.9029243
94614 1.113545
94633 0.33488473
94653 -0.43058074
94674 -1.0814222
94692 -1.38701
94712 -1.3537625
94731 -1.1484319
94753 -1.0008336
94771 -0.9124672
94791 -0.7443861
94810 -0.32009602
94830 0.32519677
94850 1.0800241
94871 1.6835258
94893 2.122126
94909 2.55251
94942 2.8321939
94947 2.8586664
94967 2.753402
94993 2.57147
95007 2.3095503
95027 1.8027947
95071 1.1536117
95071 0.517298
95088 0.104735024
95108 -0.16697961
95124 -0.6009007
95145 -0.9051804
95177 -1.0751688
95184 -1.114538
95204 -1.0288626
95224 -0.8895887
95244 -0.6349583
95263 -0.20501007
95283 0.35079825
95311 0.94151175
95322 1.6430955
