451 -1.6089035 3.9839516 8.848969
452 -1.685518 3.9456444 8.887277
452 -1.8770541 3.9456444 8.542512
453 -1.8387469 4.098873 8.350976
454 -1.7238252 4.1371803 8.121132
455 -1.6472107 4.2521024 7.8912888
456 -1.6089035 4.213795 7.8529816
456 -1.6089035 4.2521024 8.00621
457 -1.685518 4.367024 8.274361
458 -1.6472107 4.2521024 8.619126
459 -1.6089035 4.175488 8.848969
459 -1.4939818 4.098873 8.734048
460 -1.2258313 4.0222588 8.580819
461 -1.2258313 3.9839516 8.542512
462 -1.3024458 4.175488 8.465898
718 -1.340753 4.213795 8.159439
719 -1.3024458 4.213795 8.082825
719 -1.6089035 4.3287168 8.350976
720 -1.685518 4.213795 8.42759
720 -1.7621324 4.175488 8.465898
721 -1.6472107 4.1371803 8.619126
721 -1.5705963 4.060566 8.542512
721 -1.532289 4.1371803 8.465898
722 -1.3790601 4.060566 8.580819
722 -1.4939818 4.213795 8.6574335
722 -1.4939818 4.098873 8.542512
723 -1.4939818 4.0222588 8.465898
723 -1.4173675 4.060566 8.465898
807 -1.532289 4.098873 8.389283
808 -1.4173675 4.098873 8.504205
808 -1.532289 4.098873 8.580819
808 -1.7621324 4.098873 8.619126
824 -1.6472107 4.060566 8.389283
835 -1.685518 4.060566 8.312668
973 -1.9536686 4.175488 8.274361
974 -1.8004397 4.1371803 8.504205
974 -1.7621324 4.060566 8.504205
974 -1.6472107 4.0222588 8.504205
974 -1.4939818 4.0222588 8.542512
975 -1.2641385 3.9073372 8.465898
975 -1.1492168 3.9456444 8.695741
1015 -1.2641385 4.0222588 8.6574335
1015 -1.1492168 3.9456444 8.772355
1088 -0.7278373 3.7924154 8.810662
1088 -0.5363012 3.715801 8.734048
1089 -0.4213795 3.715801 9.040505
1097 -0.38307226 3.715801 9.002198
1114 -0.49799395 3.715801 9.002198
1133 -0.49799395 3.715801 8.963891
1153 -0.80445176 3.86903 9.078813
1174 -0.7278373 3.8307228 8.810662
1195 -0.34476504 3.7924154 8.619126
1214 -0.34476504 3.86903 8.887277
1233 -0.038307227 3.7541082 8.848969
1253 0.38307226 3.7541082 8.465898
1274 0.6512229 3.715801 8.504205
1296 0.61291564 3.8307228 8.695741
1314 0.7278373 3.7541082 8.963891
1334 0.91937345 3.5242648 8.848969
1354 0.91937345 3.6008794 8.350976
1373 0.5746084 4.098873 8.236053
1393 0.45968673 3.7924154 8.734048
1414 0.8810662 3.2944214 9.193734
1433 0.9959879 3.0262709 9.385271
1454 1.0342951 3.1411927 9.270349
1474 1.1492168 3.1411927 9.232041
1494 1.0726024 3.217807 9.346964
1514 0.9576807 3.217807 9.308656
1534 0.80445176 3.217807 9.270349
1553 0.80445176 3.4476504 9.040505
1573 0.5746084 3.6008794 8.695741
1593 0.45968673 3.6774938 8.389283
1615 0.5363012 3.7924154 8.42759
1633 0.38307226 3.8307228 8.580819
1653 0.34476504 3.8307228 8.772355
1673 0.49799395 3.7541082 8.887277
1693 0.49799395 3.7541082 8.848969
1715 0.45968673 3.7924154 8.963891
1734 0.45968673 3.7541082 8.810662
1753 0.4213795 3.7924154 8.734048
1773 0.30645782 3.9073372 8.772355
1793 0.19153613 3.86903 8.619126
1815 0.2681506 3.8307228 8.734048
1833 0.076614454 3.9073372 8.887277
1853 0.19153613 3.8307228 9.040505
1874 0.15322891 3.86903 8.734048
1893 0.30645782 3.8307228 8.810662
1913 0.30645782 3.86903 8.6574335
1934 0.30645782 3.7924154 8.810662
1954 0.2681506 3.86903 8.810662
1974 0.30645782 3.9073372 8.848969
1993 0.076614454 3.8307228 8.695741
2014 0.19153613 3.7924154 8.695741
2033 0.15322891 3.9456444 8.810662
2053 0.22984336 3.8307228 8.925584
2073 0.22984336 3.7541082 8.925584
2093 0.38307226 3.7924154 8.963891
2113 0.30645782 3.7924154 9.040505
2134 0.22984336 3.7541082 8.963891
2153 0.15322891 3.9456444 8.887277
2173 0.11492168 3.8307228 8.848969
2194 0.076614454 3.9839516 8.925584
2213 0.11492168 3.9073372 8.6574335
2234 0.0 3.9456444 8.6574335
2273 0.15322891 3.86903 8.772355
2281 0.076614454 3.715801 8.848969
2293 0.076614454 3.7924154 8.810662
2313 0.038307227 3.9456444 8.887277
2336 -0.038307227 3.9839516 8.772355
2354 0.0 3.9073372 8.695741
2373 0.038307227 3.86903 8.734048
2393 -0.038307227 3.8307228 8.772355
2413 -0.076614454 3.9456444 8.848969
2433 -0.038307227 3.9073372 8.772355
2453 0.076614454 4.0222588 8.6574335
2473 -0.076614454 3.9456444 8.734048
2493 -0.038307227 3.9839516 8.734048
2513 -0.15322891 3.9073372 8.695741
2533 -0.11492168 3.9456444 8.772355
2554 -0.15322891 3.9073372 8.810662
2573 -0.2681506 3.9073372 8.580819
2594 -0.30645782 3.9839516 8.6574335
2613 -0.22984336 3.9839516 8.695741
2634 -0.22984336 3.9073372 8.848969
2656 -0.30645782 4.0222588 8.925584
2673 -0.34476504 4.0222588 8.887277
2693 -0.34476504 3.9839516 8.887277
2713 -0.22984336 4.0222588 8.772355
2734 -0.2681506 3.9456444 8.580819
2755 -0.30645782 4.0222588 8.695741
2774 -0.45968673 4.060566 8.6574335
2793 -0.5363012 3.9839516 8.504205
2813 -0.38307226 3.9839516 8.542512
2833 -0.38307226 3.9839516 8.772355
2856 -0.49799395 3.9839516 8.925584
2874 -0.4213795 3.9456444 8.772355
2893 -0.30645782 3.86903 8.6574335
2914 -0.30645782 3.9839516 8.772355
2934 -0.19153613 3.9073372 8.810662
2954 -0.34476504 3.9456444 8.734048
2974 -0.34476504 4.098873 8.619126
2994 -0.4213795 4.0222588 8.6574335
3013 -0.4213795 3.9456444 8.772355
3034 -0.4213795 4.060566 8.6574335
3054 -0.5363012 4.098873 8.6574335
3075 -0.49799395 4.060566 8.580819
3094 -0.38307226 4.0222588 8.695741
3113 -0.4213795 3.9456444 8.734048
3133 -0.38307226 3.9073372 8.810662
3154 -0.38307226 3.9839516 8.848969
3174 -0.49799395 3.9839516 8.810662
3193 -0.4213795 3.9456444 8.619126
3213 -0.45968673 4.060566 8.619126
3233 -0.49799395 3.9839516 8.542512
3254 -0.38307226 3.9839516 8.580819
3275 -0.4213795 3.9073372 8.734048
3294 -0.49799395 3.9839516 8.695741
3313 -0.49799395 3.9839516 8.848969
3334 -0.49799395 3.9073372 8.6574335
3353 -0.45968673 4.0222588 8.542512
3376 -0.49799395 4.098873 8.734048
3393 -0.45968673 4.098873 8.810662
3413 -0.34476504 4.098873 8.695741
3433 -0.45968673 3.9456444 8.695741
3453 -0.4213795 3.86903 8.619126
3474 -0.34476504 4.0222588 8.695741
3494 -0.30645782 3.9839516 8.734048
3513 -0.38307226 3.9456444 8.734048
3533 -0.38307226 3.9839516 8.6574335
3553 -0.30645782 3.9456444 8.6574335
3573 -0.34476504 3.9073372 8.734048
3594 -0.4213795 3.9456444 8.695741
3613 -0.4213795 3.8307228 8.6574335
3633 -0.45968673 3.9456444 8.695741
3653 -0.4213795 3.86903 8.619126
3673 -0.38307226 3.9456444 8.695741
3694 -0.49799395 3.86903 8.695741
3713 -0.34476504 3.9073372 8.695741
3733 -0.4213795 3.9839516 8.6574335
3753 -0.38307226 4.0222588 8.810662
3773 -0.5363012 3.9839516 8.772355
3795 -0.49799395 3.9073372 8.772355
3814 -0.45968673 3.9073372 8.6574335
3833 -0.34476504 4.0222588 8.772355
3853 -0.4213795 3.9839516 8.772355
3873 -0.34476504 4.0222588 8.695741
3896 -0.4213795 3.9839516 8.542512
3914 -0.49799395 3.9839516 8.6574335
3933 -0.61291564 3.9456444 8.6574335
3953 -0.5746084 3.9456444 8.6574335
3973 -0.61291564 3.9839516 8.695741
3994 -0.49799395 3.8307228 8.772355
4014 -0.49799395 3.9456444 8.695741
4033 -0.45968673 3.9073372 8.6574335
4054 -0.5746084 3.8307228 8.619126
4073 -0.6512229 3.9456444 8.619126
4093 -0.61291564 3.86903 8.6574335
4114 -0.49799395 3.9073372 8.6574335
4133 -0.38307226 3.9073372 8.734048
4153 -0.49799395 3.9839516 8.772355
4173 -0.4213795 3.9456444 8.734048
4193 -0.5363012 3.9073372 8.772355
4214 -0.45968673 3.9456444 8.695741
4233 -0.45968673 4.0222588 8.619126
4253 -0.5363012 3.9456444 8.772355
4273 -0.61291564 3.9073372 8.695741
4293 -0.5746084 3.86903 8.6574335
4315 -0.5363012 3.86903 8.810662
4333 -0.49799395 4.0222588 8.734048
4353 -0.38307226 3.86903 8.695741
4373 -0.38307226 3.9839516 8.695741
4393 -0.45968673 4.098873 8.619126
4414 -0.6512229 4.0222588 8.619126
4433 -0.45968673 3.9839516 8.6574335
4454 -0.38307226 4.060566 8.580819
4473 -0.49799395 3.9073372 8.734048
4493 -0.49799395 3.9456444 8.772355
4514 -0.49799395 3.86903 8.695741
4534 -0.5746084 3.7924154 8.6574335
4554 -0.5746084 3.9456444 8.810662
4573 -0.45968673 4.060566 8.695741
4594 -0.5363012 3.9839516 8.504205
4613 -0.4213795 3.9456444 8.580819
4635 -0.4213795 4.0222588 8.734048
4653 -0.49799395 4.0222588 8.772355
4674 -0.45968673 4.060566 8.6574335
4694 -0.5746084 3.9839516 8.734048
4713 -0.49799395 4.0222588 8.6574335
4734 -0.5363012 4.1371803 8.619126
4753 -0.5746084 4.098873 8.580819
4773 -0.6512229 4.060566 8.6574335
4794 -0.61291564 4.0222588 8.734048
4814 -0.5746084 3.9456444 8.580819
4834 -0.61291564 3.9456444 8.695741
4853 -0.61291564 4.0222588 8.580819
4874 -0.5746084 4.0222588 8.42759
4894 -0.61291564 3.9456444 8.6574335
4914 -0.6512229 3.86903 8.6574335
4936 -0.61291564 3.9839516 8.810662
4954 -0.5363012 4.060566 8.619126
4974 -0.5746084 4.175488 8.6574335
4994 -0.45968673 4.060566 8.734048
5013 -0.5746084 4.098873 8.734048
5033 -0.6512229 4.0222588 8.619126
5054 -0.6512229 4.0222588 8.734048
5073 -0.5746084 3.8307228 8.810662
5093 -0.5363012 3.86903 8.619126
5113 -0.5746084 3.9839516 8.734048
5134 -0.49799395 3.9456444 8.695741
5154 -0.45968673 3.86903 8.580819
5174 -0.38307226 3.9456444 8.772355
5194 -0.49799395 3.9456444 8.619126
5213 -0.49799395 3.9073372 8.695741
5233 -0.5363012 3.9073372 8.6574335
5254 -0.34476504 3.9073372 8.734048
5273 -0.30645782 3.86903 8.772355
5294 -0.30645782 3.9073372 8.734048
5313 -0.4213795 3.9456444 8.772355
5333 -0.4213795 4.060566 8.734048
5354 -0.7278373 4.1371803 8.848969
5373 -0.7278373 4.1371803 8.619126
5394 -0.49799395 4.0222588 8.465898
5413 -0.2681506 3.86903 8.504205
5433 -0.22984336 3.9839516 9.002198
5455 -0.30645782 3.86903 9.11712
5473 -0.30645782 3.9839516 8.695741
5493 -0.45968673 4.0222588 8.504205
5513 -0.6512229 4.1371803 8.542512
5534 -0.61291564 4.098873 8.465898
5555 -0.49799395 3.9073372 8.6574335
5573 -0.34476504 3.7541082 8.619126
5593 -0.22984336 3.86903 8.695741
5613 -0.2681506 3.8307228 8.925584
5633 -0.2681506 3.7924154 8.772355
5653 -0.22984336 3.9456444 8.695741
5674 -0.45968673 3.86903 8.887277
5693 -0.4213795 3.86903 8.810662
5713 -0.45968673 3.9456444 8.6574335
5734 -0.5363012 3.9839516 8.772355
5753 -0.7278373 3.9456444 8.848969
5774 -0.6895301 3.9839516 8.848969
5793 -0.6895301 3.9456444 8.695741
5814 -0.6895301 3.7924154 8.580819
5833 -0.80445176 3.86903 8.580819
5854 -0.61291564 3.9456444 8.695741
5874 -0.5363012 3.7541082 8.695741
5893 -0.4213795 3.86903 8.734048
5913 -0.38307226 3.8307228 8.810662
5933 -0.34476504 3.86903 8.887277
5953 -0.38307226 3.7924154 8.772355
5974 -0.4213795 3.86903 8.810662
5994 -0.4213795 3.7924154 8.695741
6013 -0.45968673 3.8307228 8.6574335
6033 -0.4213795 3.86903 8.6574335
6053 -0.4213795 3.7924154 8.734048
6075 -0.38307226 3.8307228 8.734048
6094 -0.34476504 3.8307228 8.810662
6113 -0.34476504 3.8307228 8.810662
6133 -0.34476504 3.8307228 8.848969
6153 -0.34476504 3.9073372 8.810662
6173 -0.2681506 3.7541082 8.734048
6193 -0.2681506 3.8307228 8.925584
6213 -0.38307226 3.715801 9.040505
6233 -0.30645782 3.715801 9.078813
6253 -0.15322891 3.7541082 8.772355
6273 -0.22984336 3.7924154 8.695741
6293 -0.30645782 3.9073372 8.6574335
6313 -0.22984336 3.8307228 8.734048
6333 -0.2681506 3.8307228 8.772355
6353 -0.22984336 3.9073372 8.6574335
6373 -0.19153613 3.9073372 8.810662
6394 0.0 3.9456444 8.810662
6413 0.0 3.86903 8.772355
6434 -0.15322891 3.9456444 8.848969
6453 -0.11492168 3.9073372 8.925584
6473 -0.15322891 3.9073372 8.810662
6495 -0.038307227 3.9073372 8.619126
6513 0.0 3.8307228 8.6574335
6533 -0.076614454 3.8307228 8.887277
6553 -0.038307227 3.86903 8.734048
6574 0.038307227 3.86903 8.810662
6595 -0.038307227 3.7924154 9.002198
6613 0.038307227 3.86903 9.002198
6634 0.038307227 3.8307228 8.848969
6654 0.076614454 3.9073372 8.695741
6674 0.15322891 3.7924154 8.580819
6694 0.15322891 3.86903 8.848969
6714 0.038307227 3.86903 8.925584
6734 -0.076614454 3.9839516 8.810662
6754 -0.11492168 3.9073372 8.6574335
6774 -0.076614454 4.0222588 8.542512
6793 -0.076614454 3.9839516 8.504205
6813 -0.076614454 3.9839516 8.734048
6833 -0.076614454 3.9073372 8.772355
6854 -0.038307227 3.9456444 8.772355
6874 0.038307227 3.86903 8.848969
6894 0.0 3.8307228 8.887277
6914 -0.038307227 3.86903 8.925584
6934 0.0 3.8307228 8.848969
6954 0.11492168 3.7924154 8.772355
6974 0.19153613 3.86903 8.6574335
6993 0.22984336 3.9073372 8.695741
7014 0.19153613 3.9073372 8.772355
7033 0.19153613 3.86903 8.887277
7053 0.11492168 3.9073372 8.580819
7074 -0.038307227 3.9456444 8.619126
7093 0.0 3.9073372 8.734048
7113 -0.038307227 3.9456444 8.772355
7133 -0.038307227 3.86903 8.772355
7153 0.076614454 3.9073372 8.695741
7173 0.11492168 3.7924154 8.772355
7193 0.15322891 3.8307228 8.810662
7214 0.038307227 3.7924154 8.848969
7234 0.15322891 3.9456444 8.734048
7254 0.11492168 3.8307228 8.848969
7273 0.19153613 3.8307228 8.848969
7293 0.15322891 3.7924154 8.963891
7313 0.076614454 3.86903 8.925584
7334 0.076614454 3.7924154 8.925584
7354 0.038307227 3.86903 8.848969
7374 -0.076614454 3.9456444 8.734048
7394 -0.11492168 3.86903 8.772355
7414 -0.11492168 3.9073372 8.810662
7434 -0.038307227 3.8307228 8.887277
7453 -0.11492168 3.8307228 8.848969
7474 -0.076614454 3.9073372 8.925584
7494 0.038307227 3.9073372 8.695741
7513 0.076614454 3.7924154 8.810662
7535 0.076614454 3.7541082 9.002198
7554 0.0 3.715801 8.925584
7573 0.15322891 3.715801 8.925584
7593 0.038307227 3.7924154 8.810662
7614 -0.038307227 3.8307228 8.810662
7634 0.038307227 3.7541082 8.619126
7654 0.038307227 3.7924154 8.580819
7673 0.038307227 3.8307228 8.695741
7693 -0.076614454 3.715801 8.772355
7713 0.038307227 3.6774938 8.887277
7733 0.11492168 3.7541082 8.848969
7754 -0.038307227 3.7924154 8.848969
7774 0.0 3.7924154 8.772355
7793 -0.11492168 3.8307228 8.695741
7814 -0.15322891 3.9073372 8.848969
7833 -0.15322891 3.9073372 8.925584
7853 -0.15322891 3.715801 8.810662
7873 -0.076614454 3.6774938 8.772355
7894 0.038307227 3.7541082 8.887277
7913 0.038307227 3.6391866 8.887277
7933 -0.038307227 3.715801 8.963891
7954 0.0 3.7541082 9.002198
7974 -0.11492168 3.7541082 8.810662
7994 -0.11492168 3.7924154 8.848969
8014 -0.038307227 3.715801 8.734048
8033 -0.076614454 3.715801 8.810662
8054 0.0 3.6774938 8.810662
8073 -0.22984336 3.7541082 8.848969
8094 -0.15322891 3.7541082 8.734048
8113 -0.15322891 3.715801 8.734048
8133 -0.22984336 3.715801 8.848969
8153 -0.19153613 3.6774938 8.772355
8173 -0.15322891 3.6391866 8.925584
8193 -0.11492168 3.715801 9.040505
8213 0.0 3.6774938 9.002198
8234 0.038307227 3.715801 8.734048
8253 -0.076614454 3.6774938 8.734048
8273 -0.11492168 3.715801 8.925584
8293 -0.15322891 3.715801 8.848969
8313 -0.11492168 3.6774938 8.848969
8334 -0.076614454 3.7924154 8.772355
8354 -0.076614454 3.7541082 8.887277
8374 -0.076614454 3.7541082 9.002198
8393 -0.11492168 3.715801 8.848969
8414 -0.11492168 3.715801 8.772355
8433 -0.11492168 3.715801 8.848969
8453 -0.076614454 3.86903 8.695741
8474 -0.11492168 3.86903 8.887277
8493 -0.2681506 3.8307228 8.848969
8513 -0.076614454 3.86903 8.6574335
8533 -0.076614454 3.7541082 8.734048
8553 -0.038307227 3.9456444 8.772355
8574 -0.038307227 3.86903 8.734048
8593 -0.038307227 3.7541082 8.925584
8613 -0.038307227 3.7541082 8.848969
8634 -0.076614454 3.7541082 8.848969
8654 -0.038307227 3.6774938 8.810662
8674 -0.076614454 3.6774938 8.848969
8693 0.076614454 3.715801 8.734048
8713 0.038307227 3.7924154 8.887277
8734 0.0 3.86903 8.887277
8754 0.038307227 3.86903 8.848969
8774 0.0 3.7924154 8.810662
8793 -0.038307227 3.7924154 8.810662
8813 -0.076614454 3.7924154 8.772355
8833 -0.19153613 3.86903 8.772355
8854 -0.30645782 3.86903 8.734048
8873 -0.2681506 3.86903 8.848969
8893 -0.2681506 3.9073372 8.772355
8914 -0.11492168 3.86903 8.810662
8934 -0.11492168 3.86903 8.848969
8954 -0.076614454 3.86903 8.887277
8974 -0.076614454 3.7924154 9.002198
8993 -0.076614454 3.715801 8.887277
9014 -0.19153613 3.715801 8.848969
9034 -0.15322891 3.715801 8.810662
9053 -0.076614454 3.715801 8.848969
9074 -0.15322891 3.9456444 8.810662
9094 -0.19153613 3.86903 8.810662
9113 -0.038307227 3.8307228 8.6574335
9133 0.038307227 3.715801 8.848969
9153 0.038307227 3.6008794 8.772355
9173 -0.038307227 3.7924154 8.772355
9195 0.038307227 3.8307228 8.772355
9213 -0.038307227 3.86903 8.810662
9233 -0.076614454 3.715801 8.772355
9254 -0.22984336 3.7924154 8.925584
9274 -0.11492168 3.8307228 8.887277
9295 -0.038307227 3.8307228 8.848969
9314 -0.076614454 3.9456444 8.810662
9333 -0.15322891 3.715801 9.002198
9354 -0.076614454 3.7924154 8.963891
9373 -0.15322891 3.8307228 8.848969
9394 -0.15322891 3.7541082 8.848969
9414 -0.15322891 3.7924154 8.810662
9433 -0.11492168 3.715801 8.887277
9454 -0.076614454 3.715801 8.963891
9474 -0.15322891 3.6774938 8.887277
9493 -0.22984336 3.7541082 8.887277
9514 -0.076614454 3.6391866 8.848969
9534 -0.076614454 3.7924154 8.810662
9553 -0.15322891 3.8307228 8.772355
9573 -0.038307227 3.8307228 8.695741
9593 0.038307227 3.6774938 8.734048
9614 0.0 3.715801 8.734048
9633 -0.15322891 3.6008794 8.810662
9653 -0.15322891 3.715801 8.887277
9673 -0.2681506 3.715801 8.695741
9694 -0.22984336 3.7924154 8.580819
9714 -0.076614454 3.715801 8.887277
9733 -0.11492168 3.715801 8.925584
9753 0.038307227 3.8307228 8.848969
9773 -0.076614454 3.6774938 8.772355
9793 -0.11492168 3.7541082 8.695741
9814 -0.15322891 3.8307228 8.848969
9833 -0.11492168 3.7541082 8.963891
9853 -0.22984336 3.7924154 9.002198
9873 -0.076614454 3.7924154 8.810662
9893 -0.19153613 3.7924154 8.963891
9913 -0.30645782 3.8307228 8.848969
9933 -0.2681506 3.86903 8.6574335
9953 -0.11492168 3.86903 8.580819
9974 -0.038307227 3.86903 8.887277
9993 -0.076614454 3.7924154 8.848969
10013 -0.15322891 3.8307228 8.887277
10035 -0.19153613 3.9073372 8.772355
10053 -0.15322891 3.8307228 8.695741
10073 -0.15322891 3.6774938 8.772355
10094 -0.19153613 3.7924154 8.963891
10113 -0.19153613 3.6391866 8.848969
10133 -0.2681506 3.86903 8.810662
10153 -0.19153613 3.9073372 8.580819
10173 0.0 3.86903 8.772355
10193 0.038307227 3.715801 8.925584
10213 -0.076614454 3.6774938 8.963891
10234 -0.076614454 3.7924154 8.734048
10253 -0.15322891 3.7924154 8.619126
10273 -0.22984336 3.7924154 8.734048
10293 -0.19153613 3.6774938 8.695741
10313 -0.076614454 3.7924154 8.848969
10333 -0.076614454 3.7924154 8.772355
10354 -0.076614454 3.8307228 8.695741
10373 -0.11492168 3.7541082 8.772355
10393 -0.15322891 3.9456444 8.772355
10414 -0.15322891 3.8307228 8.810662
10433 -0.22984336 3.7924154 8.925584
10453 -0.076614454 3.86903 8.810662
10473 -0.11492168 3.7541082 8.734048
10494 -0.076614454 3.7541082 8.695741
10513 -0.11492168 3.7924154 8.963891
10534 -0.22984336 3.7541082 9.040505
10553 -0.15322891 3.7541082 8.810662
10574 -0.11492168 3.86903 8.695741
10593 -0.038307227 3.8307228 8.695741
10614 -0.15322891 3.9073372 8.848969
10633 -0.15322891 3.7541082 8.695741
10654 -0.076614454 3.7924154 8.695741
10673 0.0 3.8307228 8.734048
10693 0.0 3.7541082 8.810662
10714 -0.15322891 3.7924154 8.925584
10734 -0.22984336 3.8307228 8.925584
10755 -0.15322891 3.7924154 8.772355
10774 -0.15322891 3.8307228 8.772355
10794 -0.11492168 3.7924154 8.810662
10814 -0.11492168 3.7924154 8.734048
10834 -0.11492168 3.8307228 8.810662
10855 -0.11492168 3.86903 8.887277
10873 -0.2681506 3.86903 8.925584
10894 -0.22984336 3.8307228 8.925584
10914 -0.22984336 3.7541082 8.848969
10933 -0.19153613 3.715801 8.925584
10953 -0.11492168 3.7924154 8.772355
10973 -0.11492168 3.715801 8.734048
10993 -0.19153613 3.7924154 8.619126
11013 -0.076614454 3.7924154 8.734048
11033 -0.076614454 3.8307228 8.6574335
11054 -0.15322891 3.86903 8.695741
11073 -0.076614454 3.8307228 8.6574335
11093 0.0 3.8307228 8.695741
11114 -0.15322891 3.715801 8.772355
11134 -0.11492168 3.7541082 8.810662
11154 -0.15322891 3.7924154 8.848969
11174 -0.15322891 3.7924154 8.810662
11193 -0.22984336 3.7924154 8.772355
11214 -0.15322891 3.6774938 8.810662
11233 0.22984336 3.5242648 9.002198
11254 0.22984336 3.6008794 9.040505
11274 0.038307227 3.7541082 8.887277
11293 -0.076614454 3.86903 8.734048
11313 -0.38307226 3.9456444 8.695741
11333 -0.49799395 3.9073372 8.6574335
11353 -0.38307226 3.86903 8.580819
11374 -0.30645782 3.8307228 8.695741
11393 -0.34476504 3.9456444 8.6574335
11414 -0.34476504 3.9456444 8.542512
11434 -0.61291564 4.0222588 8.6574335
11454 -0.49799395 3.9456444 8.580819
11475 -0.38307226 3.9073372 8.619126
11494 -0.30645782 3.8307228 8.6574335
11513 -0.2681506 3.7541082 8.925584
11534 -0.2681506 3.7541082 9.078813
11553 -0.34476504 3.7924154 9.155427
11574 -0.38307226 3.8307228 8.734048
11594 -0.49799395 3.9839516 8.504205
11614 -0.5363012 4.1371803 8.504205
11634 -0.80445176 3.9073372 8.695741
11654 -0.9576807 3.8307228 8.6574335
11673 -1.2258313 3.7924154 8.580819
11693 -1.4173675 3.9073372 8.350976
11713 -1.6472107 3.7541082 8.121132
11733 -1.9153614 3.7924154 7.967903
11754 -2.834735 3.9073372 8.159439
11773 -3.9839516 3.86903 9.040505
11793 -4.060566 3.715801 10.228029
11813 -3.1794999 3.5242648 10.151415
11834 -2.4516625 3.4093432 9.11712
11853 -2.7581203 3.4476504 8.00621
11873 -3.9839516 3.5242648 7.3166804
11893 -4.175488 3.1794999 7.1634517
11913 -4.098873 2.7581203 6.933608
11933 -4.367024 2.336741 6.742072
11953 -5.094861 2.336741 6.2823853
11973 -6.2823853 2.183512 6.0525417
11995 -7.0102224 2.183512 5.554548
12013 -7.8529816 1.9153614 5.5162406
12033 -8.350976 1.6089035 5.056554
12054 -8.810662 1.685518 4.5202527
12074 -9.232041 1.9153614 4.213795
12094 -9.385271 1.8004397 3.6008794
12119 -9.80665 1.7238252 3.2561142
12802 -9.500193 -0.30645782 -0.038307227
12803 -9.730036 -0.15322891 -0.15322891
12803 -9.80665 -0.15322891 -0.34476504
12803 -9.653421 -0.19153613 -0.61291564
12803 -9.500193 -0.30645782 -0.6512229
12803 -9.461885 -0.38307226 -0.7278373
12803 -9.461885 -0.30645782 -0.5746084
12803 -9.615114 -0.2681506 -0.19153613
12803 -9.461885 -0.2681506 -0.2681506
12803 -9.385271 -0.2681506 -0.5746084
12803 -9.423578 -0.22984336 -0.61291564
12803 -9.461885 -0.22984336 -0.5746084
12803 -9.576807 -0.34476504 -0.49799395
12803 -9.500193 -0.34476504 -0.38307226
12803 -9.423578 -0.30645782 -0.45968673
12803 -9.385271 -0.30645782 -0.38307226
12803 -9.5385 -0.30645782 -0.30645782
12803 -9.576807 -0.30645782 -0.49799395
13053 -9.5385 -0.34476504 -0.4213795
13053 -9.500193 -0.38307226 -0.45968673
13053 -9.5385 -0.38307226 -0.30645782
13053 -9.576807 -0.49799395 -0.49799395
13053 -9.5385 -0.38307226 -0.45968673
13053 -9.5385 -0.45968673 -0.4213795
13053 -9.346964 -0.45968673 -0.45968673
13053 -9.346964 -0.45968673 -0.45968673
13053 -9.500193 -0.38307226 -0.5363012
13053 -9.500193 -0.49799395 -0.34476504
13053 -9.423578 -0.49799395 -0.5363012
13053 -9.500193 -0.49799395 -0.5746084
13063 -9.385271 -0.49799395 -0.6895301
13129 -9.500193 -0.45968673 -0.5746084
13129 -9.461885 -0.49799395 -0.5363012
13129 -9.500193 -0.4213795 -0.5746084
13168 -9.5385 -0.45968673 -0.49799395
13169 -9.5385 -0.45968673 -0.45968673
13191 -9.500193 -0.45968673 -0.5746084
13202 -9.346964 -0.4213795 -0.7278373
13214 -9.308656 -0.49799395 -0.6512229
13268 -9.385271 -0.45968673 -0.6895301
13268 -9.270349 -0.5746084 -0.7278373
13281 -9.500193 -0.45968673 -0.80445176
13295 -9.461885 -0.4213795 -0.80445176
13313 -9.500193 -0.45968673 -0.61291564
13333 -9.423578 -0.49799395 -0.61291564
13353 -9.423578 -0.5363012 -0.6895301
13373 -9.385271 -0.61291564 -0.80445176
13393 -9.346964 -0.6512229 -0.80445176
13413 -9.423578 -0.49799395 -0.842759
13433 -9.423578 -0.5363012 -0.842759
13453 -9.500193 -0.38307226 -0.91937345
13473 -9.461885 -0.45968673 -0.6895301
13493 -9.423578 -0.45968673 -0.80445176
13513 -9.500193 -0.4213795 -0.8810662
13533 -9.270349 -0.49799395 -0.9959879
13553 -9.270349 -0.5746084 -1.1109096
13573 -9.308656 -0.5746084 -1.1109096
13593 -9.423578 -0.61291564 -0.9576807
13613 -9.385271 -0.6512229 -0.8810662
13633 -9.270349 -0.6895301 -0.7661445
13654 -9.308656 -0.6512229 -0.80445176
13673 -9.385271 -0.61291564 -1.0342951
13693 -9.461885 -0.61291564 -0.8810662
13713 -9.461885 -0.61291564 -0.842759
13733 -9.461885 -0.5746084 -0.8810662
13754 -9.423578 -0.80445176 -0.842759
13773 -9.500193 -0.7278373 -0.842759
13793 -9.500193 -0.7661445 -0.842759
13813 -9.461885 -0.6512229 -0.842759
13833 -9.423578 -0.6512229 -0.8810662
13853 -9.385271 -0.7661445 -0.91937345
13874 -9.385271 -0.6512229 -0.7661445
13893 -9.461885 -0.6512229 -0.80445176
13913 -9.385271 -0.5746084 -0.7661445
13933 -9.423578 -0.6512229 -0.8810662
13953 -9.385271 -0.5746084 -1.0342951
13973 -9.461885 -0.45968673 -0.91937345
13993 -9.461885 -0.6512229 -0.91937345
14013 -9.346964 -0.6895301 -0.7278373
14033 -9.385271 -0.5746084 -0.7661445
14053 -9.385271 -0.7661445 -0.80445176
14073 -9.346964 -0.80445176 -0.6512229
14093 -9.500193 -0.6895301 -0.5746084
14113 -9.576807 -0.61291564 -0.80445176
14134 -9.461885 -0.7661445 -0.9959879
14153 -9.461885 -0.7278373 -0.80445176
14173 -9.461885 -0.7661445 -0.7661445
14193 -9.423578 -0.7278373 -0.91937345
14213 -9.500193 -0.842759 -0.6512229
14233 -9.500193 -0.6512229 -0.6895301
14253 -9.5385 -0.7278373 -0.7278373
14274 -9.461885 -0.80445176 -0.7278373
14293 -9.576807 -0.6512229 -0.7278373
14313 -9.576807 -0.61291564 -0.6512229
14333 -9.500193 -0.5746084 -0.6512229
14353 -9.423578 -0.61291564 -0.5746084
14373 -9.385271 -0.5746084 -0.6512229
14394 -9.385271 -0.49799395 -0.7278373
14413 -9.232041 -0.61291564 -0.6512229
14433 -9.232041 -0.6895301 -0.5363012
14453 -9.308656 -0.6895301 -0.5363012
14495 -9.308656 -0.7278373 -0.49799395
14495 -9.385271 -0.7661445 -0.4213795
14514 -9.423578 -0.5746084 -0.4213795
14533 -9.5385 -0.5363012 -0.45968673
14554 -9.461885 -0.5746084 -0.45968673
14573 -9.576807 -0.5746084 -0.45968673
14593 -9.5385 -0.61291564 -0.4213795
14614 -9.576807 -0.61291564 -0.30645782
14634 -9.346964 -0.61291564 -0.4213795
14653 -9.270349 -0.61291564 -0.49799395
14673 -9.193734 -0.5746084 -0.45968673
14694 -9.232041 -0.49799395 -0.6512229
14713 -9.270349 -0.4213795 -1.0342951
14733 -9.346964 -0.49799395 -1.1875241
14753 -9.346964 -0.5746084 -1.0726024
14773 -9.308656 -0.7278373 -1.0726024
14794 -9.232041 -0.8810662 -1.0342951
14813 -9.308656 -0.80445176 -0.842759
14833 -9.423578 -0.6512229 -0.7278373
14853 -9.5385 -0.61291564 -0.7278373
14873 -9.691729 -0.5746084 -0.5363012
14894 -9.844957 -0.6512229 -0.34476504
14913 -9.80665 -0.7278373 -0.34476504
14933 -9.691729 -0.7661445 -0.22984336
14953 -9.653421 -0.7661445 -0.19153613
14973 -9.653421 -0.80445176 -0.45968673
14993 -9.5385 -0.5746084 -0.61291564
15013 -9.500193 -0.6895301 -0.6895301
15033 -9.500193 -0.5363012 -0.61291564
15053 -9.5385 -0.49799395 -0.5746084
15073 -9.423578 -0.5746084 -0.5746084
15094 -9.385271 -0.7278373 -0.5363012
15113 -9.423578 -0.5363012 -0.6512229
15133 -9.461885 -0.45968673 -0.6895301
15154 -9.423578 -0.45968673 -0.6895301
15174 -9.270349 -0.61291564 -0.6512229
15193 -9.385271 -0.5746084 -0.6512229
15214 -9.461885 -0.5363012 -0.5746084
15233 -9.500193 -0.4213795 -0.5746084
15253 -9.653421 -0.5363012 -0.5746084
15273 -9.500193 -0.6895301 -0.5363012
15293 -9.5385 -0.6512229 -0.4213795
15316 -9.5385 -0.5746084 -0.38307226
15334 -9.500193 -0.45968673 -0.4213795
15353 -9.500193 -0.49799395 -0.45968673
15373 -9.461885 -0.61291564 -0.45968673
15393 -9.461885 -0.5746084 -0.5746084
15413 -9.461885 -0.49799395 -0.7278373
15433 -9.423578 -0.4213795 -0.6512229
15454 -9.500193 -0.4213795 -0.45968673
15473 -9.5385 -0.4213795 -0.45968673
15493 -9.500193 -0.4213795 -0.61291564
15513 -9.576807 -0.49799395 -0.61291564
15533 -9.500193 -0.34476504 -0.49799395
15553 -9.461885 -0.38307226 -0.49799395
15573 -9.385271 -0.30645782 -0.45968673
15593 -9.270349 -0.2681506 -0.45968673
15613 -9.346964 -0.19153613 -0.45968673
15633 -9.308656 -0.22984336 -0.49799395
15654 -9.232041 -0.19153613 -0.49799395
15673 -9.346964 -0.11492168 -0.6895301
15693 -9.308656 -0.15322891 -0.5363012
15713 -9.193734 -0.34476504 -0.30645782
15734 -9.11712 -0.4213795 0.0
15753 -9.385271 -0.38307226 -0.19153613
15773 -9.500193 -0.2681506 -0.34476504
15794 -9.653421 -0.30645782 -0.30645782
15813 -9.653421 -0.30645782 -0.45968673
15835 -9.500193 -0.38307226 -0.038307227
15853 -9.500193 -0.5746084 -0.49799395
15873 -9.500193 -0.5746084 -0.5363012
15893 -9.461885 -0.49799395 -0.6512229
15913 -9.423578 -0.45968673 -0.61291564
15933 -9.576807 -0.45968673 -0.6895301
15953 -9.615114 -0.5363012 -0.5746084
15973 -9.5385 -0.5746084 -0.6512229
15993 -9.500193 -0.5746084 -0.61291564
16014 -9.576807 -0.45968673 -0.7278373
16034 -9.461885 -0.4213795 -0.7661445
16054 -9.270349 -0.61291564 -0.7278373
16073 -9.423578 -0.5746084 -0.7278373
16094 -9.5385 -0.49799395 -0.6512229
16114 -9.461885 -0.4213795 -0.6512229
16134 -9.500193 -0.4213795 -0.49799395
16154 -9.385271 -0.5363012 -0.61291564
16173 -9.500193 -0.5746084 -0.5363012
16195 -9.576807 -0.5746084 -0.45968673
16213 -9.615114 -0.4213795 -0.61291564
16233 -9.5385 -0.4213795 -0.6895301
16254 -9.5385 -0.5363012 -0.6512229
16273 -9.500193 -0.61291564 -0.6512229
16293 -9.423578 -0.61291564 -0.61291564
16313 -9.461885 -0.6512229 -0.45968673
16333 -9.461885 -0.5363012 -0.61291564
16355 -9.385271 -0.49799395 -0.6895301
16373 -9.346964 -0.5746084 -0.6895301
16393 -9.461885 -0.5363012 -0.5363012
16413 -9.5385 -0.61291564 -0.5746084
16433 -9.461885 -0.5746084 -0.4213795
16453 -9.461885 -0.6895301 -0.38307226
16473 -9.385271 -0.6895301 -0.45968673
16493 -9.423578 -0.6512229 -0.5746084
16513 -9.423578 -0.5746084 -0.5746084
16533 -9.423578 -0.5746084 -0.7278373
16553 -9.500193 -0.5363012 -0.61291564
16574 -9.346964 -0.6895301 -0.5363012
16593 -9.270349 -0.7278373 -0.49799395
16614 -9.232041 -0.80445176 -0.61291564
16633 -9.270349 -0.842759 -0.61291564
16654 -9.461885 -0.80445176 -0.5746084
16674 -9.615114 -0.7661445 -0.4213795
16693 -9.461885 -0.842759 -0.5363012
16713 -9.346964 -0.80445176 -0.5746084
16734 -9.423578 -0.8810662 -0.61291564
16753 -9.385271 -0.80445176 -0.6512229
16774 -9.423578 -0.842759 -0.6512229
16793 -9.576807 -0.7278373 -0.61291564
16813 -9.576807 -0.7661445 -0.61291564
16833 -9.730036 -0.7278373 -0.5363012
16853 -9.653421 -0.842759 -0.38307226
16874 -9.5385 -0.8810662 -0.38307226
16893 -9.576807 -0.8810662 -0.5746084
16913 -9.615114 -0.80445176 -0.6895301
16933 -9.5385 -0.8810662 -0.7278373
16953 -9.500193 -0.91937345 -0.80445176
16973 -9.385271 -0.91937345 -0.5363012
16993 -9.385271 -0.9576807 -0.5746084
17014 -9.232041 -0.8810662 -0.61291564
17033 -9.346964 -0.8810662 -0.5746084
17054 -9.385271 -0.7661445 -0.7278373
17073 -9.385271 -0.8810662 -0.7278373
17094 -9.232041 -0.91937345 -0.6895301
17113 -9.270349 -0.8810662 -0.6895301
17134 -9.385271 -0.80445176 -0.7661445
17153 -9.385271 -0.7278373 -0.7661445
17173 -9.346964 -0.80445176 -0.9576807
17193 -9.423578 -0.80445176 -0.91937345
17213 -9.423578 -0.7278373 -0.8810662
17233 -9.385271 -0.80445176 -0.91937345
17254 -9.423578 -0.842759 -0.91937345
17274 -9.615114 -0.7661445 -0.842759
17294 -9.653421 -0.61291564 -0.6895301
17313 -9.500193 -0.7661445 -0.61291564
17333 -9.346964 -0.7278373 -0.5746084
17354 -9.423578 -0.7661445 -0.6512229
17373 -9.461885 -0.7278373 -0.6895301
17394 -9.308656 -0.80445176 -0.80445176
17413 -9.308656 -0.842759 -0.842759
17433 -9.346964 -0.8810662 -0.8810662
17453 -9.308656 -0.9576807 -0.7661445
17473 -9.270349 -0.9576807 -0.6512229
17493 -9.308656 -0.8810662 -0.5746084
17514 -9.308656 -0.9576807 -0.5746084
17533 -9.423578 -0.842759 -0.5746084
17553 -9.500193 -0.91937345 -0.7278373
17573 -9.385271 -0.842759 -0.842759
17593 -9.461885 -0.7661445 -0.9959879
17613 -9.500193 -0.91937345 -0.9576807
17633 -9.500193 -0.9576807 -0.842759
17653 -9.500193 -0.91937345 -0.842759
17673 -9.500193 -0.8810662 -0.8810662
17693 -9.461885 -0.842759 -1.1492168
17714 -9.461885 -0.91937345 -1.0726024
17734 -9.385271 -0.91937345 -1.0342951
17754 -9.423578 -0.91937345 -0.8810662
17773 -9.461885 -0.91937345 -0.7278373
17793 -9.423578 -0.9576807 -0.7661445
17814 -9.461885 -0.91937345 -0.842759
17833 -9.423578 -0.842759 -0.9959879
17854 -9.270349 -0.842759 -1.0342951
17874 -9.461885 -0.91937345 -1.1109096
17893 -9.576807 -0.9959879 -0.9959879
17915 -9.500193 -1.0342951 -0.91937345
17934 -9.500193 -1.0342951 -0.91937345
17953 -9.500193 -0.9959879 -1.0726024
17973 -9.500193 -0.91937345 -1.1875241
17993 -9.500193 -0.8810662 -1.0726024
18013 -9.500193 -0.91937345 -1.1109096
18033 -9.500193 -0.9576807 -1.0342951
18053 -9.308656 -1.0726024 -0.8810662
18073 -9.270349 -0.9959879 -0.842759
18094 -9.500193 -0.9576807 -0.7278373
18114 -9.346964 -0.9959879 -0.7661445
18133 -9.308656 -1.1109096 -0.8810662
18153 -9.385271 -0.9959879 -0.80445176
18173 -9.423578 -0.842759 -0.80445176
18193 -9.308656 -0.91937345 -0.7278373
18213 -9.270349 -0.9959879 -0.7661445
18234 -9.346964 -0.9576807 -0.80445176
18253 -9.308656 -0.9959879 -1.1109096
18274 -9.423578 -0.8810662 -1.1492168
18293 -9.5385 -0.9959879 -1.2258313
18313 -9.500193 -1.0342951 -0.9959879
18334 -9.423578 -1.0342951 -0.8810662
18353 -9.346964 -1.0342951 -0.9576807
18374 -9.385271 -0.9576807 -0.9576807
18393 -9.461885 -0.842759 -1.0342951
18414 -9.423578 -0.8810662 -0.9576807
18434 -9.423578 -0.8810662 -1.0726024
18453 -9.500193 -0.8810662 -0.842759
18473 -9.423578 -0.91937345 -0.91937345
18493 -9.385271 -0.9959879 -0.842759
18513 -9.270349 -0.9959879 -0.91937345
18534 -9.270349 -1.0342951 -0.9959879
18554 -9.346964 -0.9576807 -1.0342951
18573 -9.461885 -0.9576807 -0.9959879
18594 -9.500193 -1.0342951 -0.9576807
18614 -9.461885 -0.9959879 -0.9959879
18633 -9.346964 -1.0726024 -0.9959879
18653 -9.346964 -0.9959879 -0.8810662
18673 -9.423578 -1.0342951 -0.8810662
18694 -9.270349 -0.9576807 -0.91937345
18713 -9.232041 -1.0726024 -1.0342951
18734 -9.270349 -1.0342951 -0.9576807
18754 -9.423578 -0.9959879 -1.1875241
18773 -9.385271 -0.91937345 -1.0342951
18793 -9.461885 -1.0342951 -0.8810662
18813 -9.423578 -0.9959879 -0.9576807
18834 -9.461885 -1.0342951 -1.0726024
18853 -9.461885 -0.9576807 -1.1109096
18873 -9.346964 -0.91937345 -1.1492168
18894 -9.270349 -0.8810662 -1.1109096
18914 -9.346964 -0.8810662 -0.9959879
18933 -9.423578 -0.9959879 -1.0726024
18954 -9.423578 -0.9576807 -0.9959879
18973 -9.423578 -0.9959879 -0.9576807
18993 -9.423578 -0.9576807 -0.9576807
19013 -9.232041 -1.0342951 -0.9576807
19033 -9.270349 -1.0726024 -1.0342951
19054 -9.308656 -0.9576807 -1.0342951
19073 -9.270349 -0.9959879 -1.0726024
19093 -9.385271 -0.9959879 -1.1492168
19113 -9.423578 -0.9959879 -1.0726024
19133 -9.461885 -1.0726024 -0.9576807
19154 -9.576807 -0.9959879 -1.0726024
19173 -9.423578 -0.9959879 -1.1875241
19193 -9.270349 -0.91937345 -1.1492168
19213 -9.270349 -0.91937345 -0.9576807
19233 -9.346964 -1.0342951 -0.842759
19253 -9.385271 -0.9576807 -1.0726024
19274 -9.385271 -0.9959879 -0.842759
19293 -9.346964 -1.0342951 -0.842759
19313 -9.308656 -0.9576807 -0.80445176
19333 -9.461885 -1.0342951 -0.9576807
19354 -9.423578 -0.9576807 -1.1109096
19373 -9.423578 -0.9959879 -1.0726024
19394 -9.308656 -1.0342951 -0.80445176
19414 -9.155427 -1.0726024 -0.9959879
19433 -9.270349 -1.0726024 -0.91937345
19453 -9.385271 -1.0342951 -0.8810662
19474 -9.461885 -1.0342951 -0.9959879
19493 -9.423578 -1.1109096 -0.9576807
19513 -9.576807 -1.0726024 -1.0342951
19533 -9.423578 -1.0726024 -1.1109096
19553 -9.308656 -1.0342951 -1.1492168
19574 -9.193734 -1.0726024 -0.9576807
19593 -9.346964 -1.0726024 -1.0726024
19613 -9.461885 -1.1492168 -1.0726024
19634 -9.423578 -1.1109096 -0.842759
19653 -9.576807 -1.1875241 -0.842759
19673 -9.576807 -1.0726024 -0.8810662
19693 -9.461885 -1.0342951 -0.80445176
19713 -9.423578 -1.0726024 -0.6895301
19733 -9.308656 -1.0726024 -0.80445176
19753 -9.155427 -1.1109096 -0.80445176
19773 -9.232041 -1.1109096 -1.0726024
19794 -9.346964 -1.1492168 -1.1492168
19813 -9.5385 -0.9959879 -1.0342951
19834 -9.461885 -0.91937345 -0.9959879
19854 -9.423578 -0.9959879 -0.8810662
19874 -9.308656 -1.1875241 -0.842759
19894 -9.308656 -1.0726024 -0.9576807
19913 -9.346964 -1.1109096 -0.9959879
19933 -9.385271 -1.0726024 -0.9576807
19953 -9.270349 -0.9959879 -1.0342951
19973 -9.461885 -1.0726024 -0.91937345
19994 -9.385271 -1.1109096 -0.80445176
20013 -9.232041 -1.1109096 -0.80445176
20033 -9.193734 -1.0726024 -0.9959879
20053 -9.308656 -0.9959879 -0.9959879
20073 -9.423578 -0.9576807 -0.9576807
20095 -9.385271 -0.9959879 -0.91937345
20114 -9.423578 -1.0342951 -0.9959879
20133 -9.346964 -1.1492168 -0.9576807
20154 -9.308656 -1.1492168 -1.1109096
20173 -9.346964 -1.1492168 -0.9959879
20193 -9.423578 -1.0726024 -1.0342951
20213 -9.461885 -0.9959879 -0.9576807
20233 -9.423578 -1.1109096 -0.91937345
20254 -9.576807 -0.9959879 -1.0726024
20273 -9.461885 -0.9576807 -1.1109096
20293 -9.423578 -0.9959879 -1.1109096
20314 -9.385271 -0.9959879 -1.0726024
20333 -9.346964 -1.0342951 -1.0726024
20353 -9.308656 -1.0342951 -0.91937345
20374 -9.346964 -1.2258313 -0.8810662
20393 -9.500193 -1.0726024 -0.80445176
20414 -9.385271 -1.1875241 -0.80445176
20433 -9.423578 -1.1109096 -0.842759
20454 -9.461885 -1.0342951 -0.8810662
20474 -9.308656 -0.9959879 -1.0342951
20494 -9.270349 -1.1109096 -1.1109096
20514 -9.308656 -1.0342951 -1.0726024
20533 -9.385271 -1.0342951 -0.8810662
20553 -9.385271 -1.0726024 -0.8810662
20573 -9.423578 -1.0342951 -0.91937345
20593 -9.423578 -1.1109096 -0.842759
20615 -9.385271 -1.0726024 -0.9576807
20633 -9.423578 -1.0342951 -0.9959879
20654 -9.461885 -0.9959879 -0.91937345
20673 -9.270349 -0.9959879 -0.9959879
20693 -9.232041 -0.9959879 -0.9576807
20713 -9.308656 -0.9576807 -1.0342951
20733 -9.461885 -0.9576807 -1.0726024
20753 -9.423578 -0.9959879 -1.1492168
20773 -9.423578 -0.9576807 -0.9959879
20793 -9.423578 -0.9959879 -1.0726024
20813 -9.5385 -1.1109096 -1.0342951
20834 -9.308656 -1.0726024 -1.0726024
20854 -9.270349 -1.0726024 -0.9576807
20873 -9.385271 -0.91937345 -0.91937345
20893 -9.346964 -0.9576807 -0.9959879
20913 -9.155427 -1.0726024 -1.0342951
20934 -9.308656 -1.0726024 -0.91937345
20953 -9.461885 -0.9576807 -0.842759
20974 -9.385271 -0.9576807 -1.0726024
20994 -9.5385 -0.9959879 -1.0342951
21013 -9.423578 -1.0726024 -0.91937345
21034 -9.461885 -1.0342951 -0.842759
21053 -9.576807 -0.9959879 -0.9959879
21073 -9.423578 -0.9576807 -1.1492168
21094 -9.270349 -1.1492168 -0.91937345
21114 -9.385271 -1.0726024 -0.80445176
21135 -9.385271 -1.0342951 -0.7661445
21153 -9.423578 -1.0342951 -0.80445176
21173 -9.461885 -0.91937345 -1.1109096
21193 -9.270349 -1.0342951 -1.1109096
21213 -9.232041 -1.1109096 -0.9576807
21234 -9.232041 -1.0342951 -0.842759
21254 -9.346964 -0.9959879 -0.9576807
21273 -9.385271 -0.8810662 -0.842759
21293 -9.270349 -0.842759 -0.91937345
21314 -9.270349 -1.0342951 -0.9959879
21333 -9.346964 -1.1492168 -1.0342951
21354 -9.385271 -0.9576807 -0.9959879
21373 -9.308656 -0.9959879 -0.9576807
21393 -9.270349 -0.9576807 -1.1109096
21413 -9.270349 -0.9576807 -1.1875241
21433 -9.385271 -1.0726024 -1.3024458
21454 -9.308656 -1.0726024 -1.0726024
21473 -9.308656 -1.0726024 -1.1109096
21494 -9.308656 -1.1109096 -0.9959879
21513 -9.308656 -1.1109096 -0.8810662
21533 -9.385271 -1.1109096 -0.842759
21554 -9.423578 -0.9959879 -0.8810662
21575 -9.308656 -1.0342951 -0.9959879
21593 -9.308656 -0.9576807 -1.1109096
21613 -9.346964 -0.9576807 -1.0726024
21634 -9.385271 -0.91937345 -1.1492168
21654 -9.500193 -1.0342951 -1.1492168
21673 -9.500193 -1.0342951 -1.0342951
21693 -9.500193 -1.0342951 -0.9959879
21714 -9.423578 -1.0342951 -0.9576807
21734 -9.385271 -1.0726024 -0.9576807
21753 -9.385271 -1.1109096 -0.8810662
21774 -9.385271 -0.9959879 -1.0726024
21793 -9.270349 -0.9576807 -1.2258313
21813 -9.270349 -1.0726024 -1.0342951
21833 -9.346964 -1.0342951 -1.0342951
21853 -9.385271 -0.9959879 -0.9959879
21873 -9.346964 -1.0342951 -0.9576807
21894 -9.270349 -1.1109096 -1.0726024
21913 -9.308656 -1.1109096 -1.0342951
21933 -9.270349 -1.0726024 -1.0726024
21953 -9.385271 -1.1492168 -1.0342951
21973 -9.423578 -1.1875241 -1.1492168
21993 -9.270349 -1.1492168 -0.9959879
22013 -9.308656 -1.1109096 -0.8810662
22033 -9.423578 -1.0342951 -1.0726024
22054 -9.308656 -1.1109096 -1.0342951
22074 -9.232041 -1.1109096 -1.0342951
22093 -9.346964 -1.1875241 -1.1109096
22113 -9.308656 -1.2641385 -1.0342951
22133 -9.423578 -1.1492168 -1.0342951
22153 -9.615114 -1.1109096 -1.0342951
22174 -9.768343 -1.0726024 -1.2258313
22193 -9.691729 -0.9576807 -1.2641385
22213 -9.653421 -0.9959879 -1.2641385
22233 -9.500193 -1.1109096 -1.1492168
22253 -9.576807 -1.1875241 -1.0726024
22273 -9.461885 -1.2641385 -1.1875241
22293 -9.346964 -1.2258313 -0.9959879
22314 -9.155427 -1.2258313 -0.9959879
22333 -9.155427 -1.2641385 -1.0726024
22353 -9.078813 -1.1875241 -1.1875241
22373 -9.002198 -1.1875241 -1.1492168
22393 -9.078813 -1.2258313 -1.1109096
22413 -9.232041 -1.1492168 -1.1109096
22433 -9.193734 -1.1492168 -1.1109096
22453 -9.308656 -1.1109096 -1.1492168
22473 -9.346964 -1.1875241 -1.1492168
22494 -9.423578 -1.2258313 -1.1492168
22513 -9.193734 -1.340753 -0.9576807
22534 -9.11712 -1.340753 -0.8810662
22553 -9.232041 -1.2641385 -0.8810662
22574 -9.346964 -1.1492168 -0.7661445
22594 -9.346964 -1.2258313 -1.0342951
22613 -9.423578 -1.1109096 -1.0726024
22634 -9.461885 -1.1492168 -1.1109096
22654 -9.615114 -1.2258313 -0.9959879
22674 -9.500193 -1.2258313 -1.0726024
22694 -9.461885 -1.1875241 -1.2258313
22714 -9.461885 -1.1875241 -1.2258313
22734 -9.423578 -1.340753 -0.9959879
22754 -9.232041 -1.3790601 -0.7661445
22774 -9.308656 -1.2641385 -0.8810662
22794 -9.232041 -1.340753 -0.842759
22813 -9.308656 -1.4556746 -0.9576807
22833 -9.078813 -1.4556746 -0.9959879
22854 -9.11712 -1.2258313 -1.0726024
22874 -9.385271 -1.3024458 -1.1875241
22894 -9.423578 -1.2641385 -1.2258313
22914 -9.423578 -1.3790601 -1.4556746
22933 -9.346964 -1.340753 -1.1492168
22954 -9.270349 -1.3024458 -1.3024458
22974 -9.270349 -1.340753 -1.3790601
22993 -9.346964 -1.4173675 -1.2258313
23013 -9.461885 -1.532289 -1.0342951
23033 -9.346964 -1.5705963 -1.0726024
23053 -9.232041 -1.4556746 -1.0342951
23074 -9.270349 -1.340753 -0.91937345
23094 -9.385271 -1.340753 -1.0726024
23114 -9.193734 -1.340753 -1.1109096
23133 -9.193734 -1.4173675 -1.1875241
23154 -9.193734 -1.340753 -1.0342951
23174 -9.232041 -1.4939818 -1.0726024
23194 -9.346964 -1.3790601 -1.0342951
23214 -9.11712 -1.3790601 -1.3024458
23233 -9.270349 -1.340753 -1.1875241
23254 -9.270349 -1.4556746 -1.1492168
23274 -9.308656 -1.4173675 -0.9576807
23294 -9.346964 -1.340753 -0.9959879
23315 -9.270349 -1.2258313 -0.9959879
23333 -9.423578 -1.3024458 -0.8810662
23354 -9.500193 -1.340753 -0.9576807
23373 -9.500193 -1.340753 -1.1875241
23394 -9.385271 -1.4173675 -0.9959879
23414 -9.423578 -1.4173675 -1.0342951
23433 -9.385271 -1.3024458 -1.0342951
23453 -9.270349 -1.3024458 -1.1875241
23474 -9.308656 -1.4173675 -1.2641385
23494 -9.270349 -1.3790601 -1.0342951
23513 -9.346964 -1.340753 -0.9576807
23533 -9.346964 -1.4939818 -1.1109096
23553 -9.193734 -1.4939818 -1.2258313
23573 -9.232041 -1.4939818 -1.2258313
23593 -9.346964 -1.532289 -1.0726024
23614 -9.423578 -1.4173675 -1.0342951
23633 -9.423578 -1.4173675 -1.3024458
23654 -9.308656 -1.4939818 -1.3790601
23673 -9.232041 -1.4939818 -1.0342951
23694 -9.270349 -1.532289 -0.91937345
23713 -9.193734 -1.532289 -1.0342951
23735 -9.270349 -1.6089035 -1.0726024
23754 -9.461885 -1.4556746 -1.0726024
23773 -9.385271 -1.4556746 -1.0342951
23794 -9.270349 -1.4556746 -1.0342951
23813 -9.155427 -1.4939818 -0.9576807
23834 -9.11712 -1.532289 -0.9576807
23853 -9.308656 -1.4556746 -0.842759
23873 -9.270349 -1.340753 -1.0342951
23893 -9.461885 -1.4173675 -1.2258313
23914 -9.270349 -1.4556746 -1.1109096
23933 -9.308656 -1.4556746 -1.1109096
23953 -9.270349 -1.4173675 -0.842759
23973 -9.346964 -1.532289 -0.91937345
23994 -9.461885 -1.5705963 -0.9576807
24014 -9.5385 -1.4556746 -0.9576807
24033 -9.461885 -1.4556746 -0.9959879
24053 -9.423578 -1.532289 -1.0726024
24073 -9.308656 -1.532289 -0.9959879
24094 -9.308656 -1.3024458 -1.0342951
24113 -9.385271 -1.3790601 -1.1109096
24134 -9.270349 -1.4939818 -1.1492168
24154 -9.346964 -1.4556746 -1.3024458
24173 -9.346964 -1.4173675 -1.1875241
24194 -9.500193 -1.340753 -0.91937345
24214 -9.423578 -1.4173675 -1.0726024
24234 -9.232041 -1.4556746 -1.0726024
24255 -9.270349 -1.4173675 -1.0342951
24273 -9.308656 -1.340753 -0.9959879
24293 -9.308656 -1.3790601 -0.80445176
24313 -9.385271 -1.3790601 -0.7278373
24334 -9.308656 -1.3790601 -0.7278373
24354 -9.423578 -1.4939818 -0.8810662
24373 -9.423578 -1.340753 -0.9959879
24393 -9.270349 -1.4556746 -1.0342951
24413 -9.346964 -1.4173675 -0.9959879
24433 -9.308656 -1.3024458 -0.91937345
24453 -9.270349 -1.4556746 -1.0726024
24473 -9.308656 -1.4556746 -1.0726024
24493 -9.346964 -1.340753 -1.2258313
24513 -9.270349 -1.4173675 -0.9959879
24533 -9.155427 -1.4556746 -1.0726024
24553 -9.270349 -1.4173675 -0.9959879
24574 -9.308656 -1.4556746 -1.0726024
24593 -9.346964 -1.3790601 -1.1109096
24614 -9.346964 -1.4173675 -1.1109096
24633 -9.423578 -1.4939818 -1.1109096
24654 -9.461885 -1.340753 -1.1492168
24673 -9.5385 -1.3024458 -1.2258313
24694 -9.346964 -1.2641385 -1.340753
24714 -9.270349 -1.2258313 -1.4556746
24734 -9.576807 -1.1875241 -1.2641385
24753 -10.189722 -1.1492168 -1.1875241
24774 -10.381259 -1.0726024 -0.9576807
24793 -10.113108 -1.3790601 -0.7661445
24813 -9.80665 -1.4939818 -0.61291564
24833 -9.730036 -1.4173675 -0.45968673
24854 -9.423578 -1.1109096 -0.80445176
24873 -9.500193 -0.91937345 -0.842759
24893 -9.576807 -0.91937345 -0.7278373
24913 -9.998186 -0.7278373 0.0
24934 -9.691729 -0.9576807 0.45968673
24955 -9.461885 -0.9959879 0.8810662
24974 -9.500193 -0.9576807 0.842759
24994 -9.385271 -0.7278373 0.6512229
25013 -9.385271 -0.45968673 0.6895301
25034 -9.155427 -0.6895301 0.45968673
25054 -9.11712 -0.7661445 0.4213795
25074 -9.232041 -0.61291564 0.5363012
25093 -9.308656 -0.5363012 0.7661445
25113 -9.423578 -0.45968673 1.0726024
25134 -9.385271 -0.49799395 0.91937345
25153 -9.11712 -0.6512229 0.91937345
25173 -9.002198 -0.7278373 1.1492168
25194 -8.963891 -0.7278373 1.340753
25213 -9.11712 -0.6512229 1.6089035
25234 -8.925584 -0.61291564 1.8004397
25254 -8.389283 -0.7278373 1.8770541
25273 -8.274361 -0.9576807 2.2601264
25294 -8.504205 -1.1492168 2.6431987
25313 -8.772355 -1.1492168 3.1411927
25333 -8.810662 -1.1875241 3.1794999
25353 -8.772355 -1.1875241 2.834735
25373 -8.848969 -1.0342951 2.834735
25393 -9.11712 -0.9959879 2.681506
25414 -9.040505 -1.0726024 3.3327289
25434 -8.925584 -1.1492168 3.8307228
25453 -8.619126 -1.2641385 4.060566
25473 -8.236053 -1.532289 4.175488
25493 -8.465898 -1.3790601 4.0222588
25513 -8.887277 -1.0342951 4.2904096
25533 -8.887277 -0.9576807 4.367024
25553 -8.542512 -1.1492168 4.1371803
25573 -8.274361 -1.4173675 4.060566
25593 -8.236053 -1.340753 4.0222588
25613 -8.197746 -1.340753 3.6391866
25633 -8.236053 -1.2641385 3.7541082
25653 -8.197746 -1.4173675 3.9839516
25673 -8.00621 -1.4173675 3.7924154
25694 -8.082825 -1.4556746 3.86903
25714 -8.0445175 -1.4939818 4.098873
25733 -8.082825 -1.6089035 3.9839516
25753 -8.274361 -1.685518 4.060566
25773 -8.350976 -1.5705963 3.86903
25793 -8.542512 -1.5705963 3.7924154
25814 -8.465898 -1.6089035 3.7924154
25833 -8.42759 -1.5705963 3.9839516
25853 -8.42759 -1.8004397 4.3287168
25873 -8.42759 -1.8770541 4.367024
25893 -8.274361 -1.7621324 3.9073372
25915 -8.274361 -1.4939818 3.4476504
25933 -8.542512 -1.4556746 3.371036
25953 -8.772355 -1.532289 3.6391866
25973 -8.619126 -1.4173675 3.8307228
25994 -8.42759 -1.532289 3.715801
26014 -8.350976 -1.532289 3.715801
26033 -8.580819 -1.4173675 3.4859576
26053 -8.695741 -1.3790601 3.5625722
26073 -8.619126 -1.4556746 3.7541082
26093 -8.580819 -1.6089035 3.7541082
26113 -8.504205 -1.5705963 3.7924154
26133 -8.350976 -1.5705963 3.6774938
26153 -8.312668 -1.6089035 3.6008794
26173 -8.236053 -1.6089035 3.5625722
26193 -8.542512 -1.5705963 3.7541082
26213 -8.542512 -1.6089035 3.86903
26233 -8.42759 -1.685518 3.8307228
26253 -8.350976 -1.6472107 3.715801
26273 -8.389283 -1.5705963 3.8307228
26293 -8.504205 -1.4939818 4.060566
26313 -8.542512 -1.4173675 4.3287168
26334 -8.580819 -1.532289 4.596867
26353 -8.389283 -1.4556746 4.7884035
26373 -8.42759 -1.4939818 4.7884035
26393 -8.274361 -1.4556746 4.5202527
26414 -8.159439 -1.4939818 4.3287168
26435 -7.8912888 -1.4939818 4.405331
26453 -7.929596 -1.6089035 4.367024
26473 -8.197746 -1.4173675 4.098873
26493 -8.389283 -1.2258313 4.0222588
26513 -8.504205 -0.9959879 3.8307228
26534 -8.619126 -0.6895301 3.5242648
26553 -8.695741 -0.6512229 3.371036
26573 -8.734048 -0.7278373 3.5242648
26593 -8.542512 -0.9959879 3.9456444
26614 -8.42759 -1.0726024 3.9456444
26634 -8.389283 -1.1492168 3.86903
26653 -8.580819 -0.9959879 3.8307228
26674 -8.695741 -0.9576807 3.715801
26693 -8.504205 -0.9959879 3.7924154
26714 -8.312668 -1.2641385 3.7924154
26734 -8.274361 -1.1875241 3.5625722
26754 -8.465898 -1.0726024 3.5625722
26774 -8.465898 -1.1875241 3.6774938
26794 -8.580819 -1.340753 3.6391866
26813 -8.734048 -1.2641385 3.715801
26833 -8.810662 -1.3024458 3.6774938
26854 -8.772355 -1.1492168 3.5625722
26874 -8.6574335 -1.2258313 3.5625722
26893 -8.734048 -1.0726024 3.2561142
26914 -8.695741 -1.1109096 3.4859576
26934 -8.6574335 -1.3024458 3.715801
26955 -8.734048 -1.2641385 3.8307228
26973 -8.848969 -1.2641385 3.8307228
26994 -8.6574335 -1.1109096 3.86903
27014 -8.580819 -1.1875241 3.6774938
27034 -8.580819 -1.1492168 3.6774938
27053 -8.695741 -1.0342951 3.6391866
27073 -8.848969 -1.1109096 3.715801
27093 -8.772355 -1.1109096 3.6774938
27113 -8.695741 -1.0342951 3.7924154
27133 -8.619126 -1.2641385 3.6774938
27153 -8.734048 -1.340753 3.5625722
27173 -8.810662 -1.1109096 3.5242648
27193 -8.810662 -1.1875241 3.371036
27213 -8.810662 -1.1492168 3.2944214
27233 -8.772355 -1.1109096 3.2561142
27254 -8.810662 -1.2258313 3.5242648
27273 -8.734048 -1.340753 3.6008794
27294 -8.695741 -1.2258313 3.5625722
27314 -8.619126 -1.2641385 3.4093432
27334 -8.6574335 -1.3024458 3.4093432
27353 -8.810662 -1.3024458 3.5625722
27374 -8.963891 -1.1109096 3.4476504
27394 -8.772355 -1.2641385 3.5242648
27413 -8.6574335 -1.2258313 3.2944214
27433 -8.580819 -1.1109096 3.371036
27453 -8.580819 -1.1875241 3.5242648
27473 -8.465898 -1.1109096 3.4476504
27493 -8.580819 -1.1109096 3.3327289
27513 -8.734048 -0.9576807 3.3327289
27534 -8.810662 -0.9959879 3.371036
27554 -8.542512 -0.9576807 3.1411927
27574 -8.580819 -1.1109096 3.1028855
27593 -8.695741 -1.1492168 3.1794999
27613 -8.734048 -1.0726024 3.0262709
27633 -8.580819 -0.9959879 3.0262709
27654 -8.312668 -1.2641385 3.064578
27673 -8.274361 -1.3790601 3.1794999
27694 -8.504205 -1.4173675 3.6774938
27713 -8.734048 -1.5705963 3.8307228
27734 -9.155427 -1.4173675 3.6774938
27753 -9.078813 -1.340753 3.8307228
27773 -9.155427 -1.532289 3.5242648
27794 -9.078813 -1.4556746 3.3327289
27814 -9.078813 -1.4556746 3.4093432
27834 -8.925584 -1.3790601 3.6391866
27854 -8.887277 -1.4556746 3.5625722
27874 -8.734048 -1.4939818 3.371036
27895 -8.772355 -1.4173675 3.1794999
27913 -8.810662 -1.4173675 2.9879637
27934 -8.772355 -1.3024458 3.0262709
27954 -8.772355 -1.2641385 3.1028855
27974 -8.734048 -1.4173675 3.1411927
27995 -8.810662 -1.3790601 3.064578
28013 -8.848969 -1.340753 3.064578
28033 -8.734048 -1.4173675 3.1794999
28054 -8.619126 -1.340753 3.1411927
28074 -8.580819 -1.340753 3.217807
28094 -8.619126 -1.3790601 3.217807
28114 -8.734048 -1.340753 3.2561142
28133 -8.695741 -1.3024458 3.371036
28153 -8.810662 -1.3790601 3.4093432
28173 -8.810662 -1.3024458 3.2561142
28193 -8.734048 -1.4939818 3.2944214
28214 -8.772355 -1.4556746 3.4093432
28233 -8.810662 -1.3790601 3.4476504
28253 -8.810662 -1.3790601 3.2944214
28273 -8.848969 -1.4939818 3.371036
28293 -8.772355 -1.340753 3.2944214
28313 -8.6574335 -1.3024458 3.1411927
28333 -8.619126 -1.2258313 3.1794999
28353 -8.734048 -1.2641385 3.2561142
28373 -8.848969 -1.3790601 3.371036
28393 -8.848969 -1.2641385 3.5242648
28414 -8.810662 -1.1492168 3.6774938
28433 -8.887277 -1.1492168 3.4859576
28454 -8.887277 -1.2258313 3.1794999
28474 -8.810662 -1.1875241 3.064578
28494 -8.887277 -1.1492168 2.9879637
28515 -8.887277 -0.9959879 2.9879637
28533 -8.925584 -1.0726024 3.1028855
28553 -8.887277 -1.0726024 3.1794999
28574 -8.848969 -1.0726024 3.1028855
28594 -8.695741 -0.8810662 3.064578
28614 -8.6574335 -1.0342951 3.1028855
28634 -8.504205 -1.0342951 3.3327289
28653 -8.504205 -1.1875241 3.6008794
28673 -8.504205 -1.3024458 3.5625722
28693 -8.619126 -1.2258313 3.4093432
28713 -8.6574335 -1.0726024 3.2944214
28733 -8.734048 -1.0342951 3.2944214
28753 -8.772355 -1.1492168 3.1794999
28774 -8.810662 -1.1492168 3.2561142
28793 -8.887277 -1.1109096 3.4093432
28813 -8.963891 -1.2641385 3.4859576
28833 -8.772355 -1.2641385 3.2561142
28853 -8.734048 -1.1875241 3.3327289
28873 -8.542512 -1.2258313 3.2944214
28893 -8.580819 -1.2641385 3.2561142
28913 -8.695741 -1.340753 3.217807
28934 -8.848969 -1.2641385 3.2561142
28953 -8.887277 -1.1492168 3.1794999
28974 -9.002198 -1.0726024 3.1028855
28993 -8.848969 -1.2258313 3.1411927
29013 -8.734048 -1.2258313 3.4093432
29035 -8.6574335 -1.1875241 3.5625722
29054 -8.6574335 -1.2258313 3.4859576
29073 -8.695741 -1.1109096 3.4476504
29094 -8.695741 -1.1492168 3.2561142
29113 -8.695741 -1.1875241 3.371036
29133 -8.734048 -1.2258313 3.2944214
29153 -8.695741 -1.3024458 3.4093432
29173 -8.734048 -1.3024458 3.371036
29194 -8.772355 -1.2258313 3.1411927
29213 -8.772355 -1.1875241 3.2561142
29234 -8.963891 -1.1492168 3.1794999
29253 -9.040505 -1.2641385 3.3327289
29274 -9.002198 -1.1492168 3.2944214
29293 -8.695741 -1.0342951 3.2561142
29314 -8.619126 -1.2641385 3.1794999
29333 -8.542512 -1.2641385 3.217807
29353 -8.695741 -1.3024458 3.2561142
29373 -8.695741 -1.2258313 3.4093432
29393 -8.619126 -1.8004397 3.2561142
29413 -8.810662 -1.3024458 3.1411927
29433 -8.734048 -1.0726024 3.1411927
29453 -8.619126 -1.1109096 3.2561142
29473 -8.734048 -1.1875241 3.2561142
29493 -8.695741 -1.1875241 3.371036
29513 -8.6574335 -1.1492168 3.3327289
29533 -8.619126 -1.1492168 3.4476504
29554 -8.695741 -1.1109096 3.4476504
29573 -8.810662 -1.0342951 3.4476504
29593 -8.810662 -1.1492168 3.4859576
29613 -8.925584 -1.3024458 3.5242648
29633 -8.810662 -1.1875241 3.2944214
29655 -8.848969 -1.2641385 3.1411927
29673 -8.772355 -1.1492168 3.2944214
29693 -8.6574335 -1.2258313 3.2561142
29713 -8.734048 -1.340753 3.2944214
29734 -8.734048 -1.1875241 3.4093432
29754 -8.810662 -1.1875241 3.1794999
29773 -8.810662 -1.1875241 3.217807
29793 -8.848969 -1.1109096 3.3327289
29813 -8.810662 -1.1492168 3.371036
29833 -8.848969 -1.1492168 3.4093432
29853 -8.810662 -1.1492168 3.4859576
29873 -8.848969 -1.1875241 3.6391866
29893 -8.695741 -1.1492168 3.371036
29913 -8.542512 -1.1875241 3.217807
29933 -8.580819 -1.340753 3.1028855
29953 -8.6574335 -1.1492168 3.217807
29973 -8.810662 -1.1109096 3.2944214
29993 -8.848969 -1.1109096 3.2944214
30013 -8.6574335 -1.1875241 3.1794999
30034 -8.504205 -1.0726024 3.1411927
30053 -8.542512 -1.2641385 3.3327289
30074 -8.504205 -1.2641385 3.3327289
30093 -8.504205 -1.2258313 3.2944214
30113 -8.542512 -1.1492168 3.371036
30133 -8.848969 -1.1875241 3.371036
30153 -8.963891 -1.0726024 3.371036
30175 -9.040505 -0.9959879 3.2944214
30193 -9.11712 -0.8810662 3.1411927
30213 -8.963891 -0.9576807 3.3327289
30233 -8.772355 -1.1492168 3.371036
30254 -8.6574335 -1.2258313 3.4476504
30273 -8.6574335 -1.1875241 3.4476504
30294 -8.580819 -1.1109096 3.5625722
30313 -8.42759 -1.1109096 3.5625722
30333 -8.389283 -0.9576807 3.6008794
30353 -8.504205 -0.9576807 3.715801
30373 -8.504205 -0.80445176 3.5625722
30393 -8.389283 -0.7278373 3.4859576
30413 -8.0445175 -0.842759 3.6008794
30433 -8.42759 -0.91937345 3.9456444
30453 -8.695741 -0.8810662 4.1371803
30473 -8.925584 -0.7661445 3.8307228
30494 -9.002198 -0.5746084 3.6008794
30513 -9.193734 -0.45968673 3.371036
30534 -9.385271 -0.34476504 3.3327289
30554 -9.308656 -0.4213795 3.4476504
30574 -9.5385 -0.4213795 3.5625722
30594 -9.959879 -0.038307227 3.7541082
30614 -9.653421 -0.11492168 3.4859576
30633 -9.078813 -0.2681506 2.336741
30654 -8.0445175 -0.45968673 2.183512
30674 -7.967903 0.038307227 1.9536686
30694 -8.274361 0.30645782 2.528277
30713 -8.350976 0.34476504 3.5625722
30733 -8.274361 0.2681506 3.9839516
30754 -8.504205 0.4213795 4.2521024
30773 -9.346964 0.6895301 4.7500963
30794 -9.921572 1.1875241 4.9416323
30813 -10.0748005 1.7238252 4.9799395
30833 -9.768343 1.7621324 4.7884035
30853 -9.078813 1.8004397 4.7884035
30874 -8.695741 2.1068976 4.8267107
30895 -8.350976 2.6431987 4.7500963
30913 -7.776367 3.2561142 4.711789
30934 -7.6614456 3.6391866 4.9416323
30954 -7.201759 3.2561142 5.9759274
30973 -6.5122285 3.2561142 6.8186865
30993 -5.707777 4.2521024 5.0182467
31013 -4.865018 5.171476 3.6008794
31033 -5.094861 5.4779334 4.060566
31054 -4.596867 5.9759274 4.098873
31073 -3.9839516 6.2823853 5.133168
31094 -3.4093432 6.3206925 6.244078
31113 -3.3327289 6.4739213 6.933608
31133 -3.4476504 6.8186865 7.1251445
31153 -2.2601264 6.8186865 5.8226986
31174 -0.842759 6.9719152 4.673482
31194 0.22984336 7.393295 3.6008794
31214 0.91937345 7.73806 3.217807
31233 0.45968673 7.967903 3.6008794
31254 0.038307227 7.8912888 3.715801
31303 -0.49799395 7.8529816 3.8307228
31303 -0.842759 8.274361 3.5242648
31324 -1.0342951 8.42759 2.9879637
31366 -0.9959879 8.619126 2.2984335
31366 -1.1875241 8.810662 2.1452048
31920 -0.7661445 8.580819 3.715801
31920 -0.9576807 8.504205 3.9073372
31920 -1.0342951 8.42759 3.8307228
31920 -0.9576807 8.389283 4.2521024
31920 -0.4213795 9.155427 4.3287168
31920 -1.1492168 9.500193 5.4779334
31920 -2.1068976 8.389283 5.439626
31920 -1.7621324 8.312668 4.673482
31920 -1.1492168 8.42759 4.2521024
31920 -0.5746084 8.389283 3.5242648
31920 -0.49799395 8.350976 3.064578
31920 -0.6512229 8.197746 3.4093432
31920 -0.8810662 8.389283 4.098873
31920 -0.45968673 8.312668 4.4436383
31920 -0.30645782 8.082825 5.2480903
31920 -0.2681506 8.159439 5.209783
31920 -0.5746084 8.389283 4.865018
32170 -0.842759 8.734048 4.367024
32170 -0.80445176 8.6574335 4.175488
32170 -0.45968673 8.42759 4.2904096
32170 -0.34476504 8.082825 4.673482
32170 -0.6512229 8.082825 4.903325
32170 -0.8810662 8.197746 4.7500963
32170 -0.8810662 8.465898 4.5202527
32170 -0.4213795 8.350976 4.6351743
32170 -0.11492168 8.00621 4.8267107
32170 0.19153613 7.8146744 5.094861
32170 0.076614454 7.967903 5.171476
32170 -0.2681506 8.159439 4.9799395
32234 -0.2681506 8.159439 4.6351743
32234 -0.22984336 7.967903 4.711789
32234 -0.38307226 8.350976 4.55856
32235 -0.4213795 8.350976 4.7884035
32289 -0.4213795 8.159439 4.9799395
32289 -0.30645782 8.0445175 4.9799395
32302 -0.2681506 8.312668 4.865018
32315 0.11492168 8.00621 4.9416323
32365 0.22984336 8.236053 4.903325
32365 0.34476504 8.312668 5.2480903
32394 0.22984336 8.121132 5.5162406
32394 0.22984336 8.159439 5.2863975
32413 0.30645782 8.236053 4.9416323
32452 0.30645782 8.236053 4.7884035
32454 0.22984336 8.312668 4.711789
32473 0.19153613 8.159439 4.6351743
32494 0.2681506 7.8912888 4.7884035
32513 0.2681506 7.776367 5.056554
32533 0.22984336 7.8529816 5.2863975
32553 0.19153613 7.8146744 5.4779334
32573 0.038307227 7.929596 5.3247046
32593 -0.11492168 8.197746 5.2480903
32613 -0.22984336 8.389283 5.094861
32633 -0.30645782 8.389283 4.7500963
32654 -0.19153613 8.42759 4.6351743
32674 -0.22984336 8.274361 4.596867
32693 -0.34476504 8.312668 4.7500963
32713 -0.5746084 8.350976 4.673482
32734 -0.6512229 8.350976 4.6351743
32753 -0.6895301 8.274361 4.596867
32773 -0.49799395 8.121132 4.711789
32793 -0.34476504 8.00621 4.903325
32813 -0.30645782 8.121132 4.865018
32833 -0.38307226 8.197746 4.8267107
32853 -0.2681506 8.082825 4.9416323
32873 -0.2681506 8.159439 5.094861
32893 -0.22984336 8.082825 5.056554
32913 -0.19153613 7.967903 4.9799395
32933 -0.076614454 8.0445175 4.8267107
32953 -0.15322891 8.159439 4.865018
32973 -0.2681506 8.197746 4.9416323
32993 -0.34476504 8.082825 5.0182467
33013 -0.4213795 8.0445175 5.056554
33033 -0.6895301 8.0445175 5.094861
33053 -0.6512229 8.121132 5.209783
33073 -0.5746084 8.00621 5.094861
33093 -0.7661445 8.121132 5.171476
33113 -0.842759 8.0445175 5.209783
33133 -0.7661445 7.8912888 5.209783
33153 -0.7278373 7.967903 5.094861
33173 -0.61291564 7.967903 5.094861
33193 -0.6512229 8.082825 5.209783
33213 -0.7278373 7.929596 5.2480903
33233 -0.6895301 7.8146744 5.209783
33254 -0.842759 7.929596 5.2863975
33273 -1.0726024 7.929596 5.2480903
33293 -1.2258313 7.929596 5.2480903
33313 -1.1875241 8.00621 5.056554
33333 -1.0342951 7.8529816 5.133168
33353 -0.9576807 7.967903 5.056554
33373 -1.1492168 8.0445175 5.094861
33393 -1.1109096 7.929596 5.094861
33414 -0.9959879 7.73806 5.209783
33433 -0.80445176 7.8146744 5.171476
33457 -0.9959879 7.8912888 5.401319
33473 -1.0342951 7.776367 5.439626
33494 -0.9959879 7.73806 5.2863975
33513 -0.7278373 7.8912888 5.056554
33533 -0.842759 7.8529816 5.0182467
33553 -0.8810662 7.929596 5.0182467
33573 -1.1109096 7.8529816 5.056554
33593 -1.2258313 7.8912888 5.056554
33613 -1.3024458 7.8912888 5.133168
33633 -1.1875241 7.929596 5.171476
33653 -0.9576807 8.00621 5.133168
33673 -0.91937345 7.967903 5.133168
33693 -0.8810662 8.00621 5.056554
33713 -0.7661445 7.967903 5.056554
33754 -0.8810662 7.8912888 5.0182467
33754 -0.9576807 7.929596 5.0182467
33774 -0.9959879 7.929596 5.094861
33793 -0.9959879 7.929596 5.056554
33814 -1.2258313 7.929596 5.133168
33833 -1.2641385 7.967903 5.363012
33853 -0.9959879 8.00621 5.094861
33873 -0.9576807 7.967903 5.0182467
33894 -0.80445176 8.00621 4.8267107
33915 -0.9576807 8.00621 5.0182467
33933 -0.91937345 7.8529816 5.209783
33954 -0.91937345 7.776367 5.094861
33973 -1.1109096 7.929596 5.2480903
33994 -1.1109096 7.929596 5.094861
34015 -1.2641385 7.929596 4.903325
34033 -1.0726024 7.967903 4.8267107
34053 -1.1492168 7.967903 4.903325
34073 -1.1492168 7.967903 4.8267107
34093 -1.1875241 7.8912888 5.171476
34113 -1.1492168 7.8912888 5.094861
34134 -1.0342951 7.929596 5.094861
34153 -1.1875241 7.967903 5.0182467
34173 -1.1875241 7.967903 4.903325
34193 -1.0342951 7.967903 5.0182467
34213 -1.0342951 8.0445175 5.094861
34233 -0.9576807 7.8912888 5.133168
34253 -0.91937345 7.776367 5.094861
34273 -1.0342951 7.967903 5.0182467
34293 -1.1109096 7.967903 4.903325
34313 -1.0726024 8.00621 5.056554
34333 -1.0726024 8.00621 5.056554
34353 -1.1492168 7.8529816 4.8267107
34373 -1.1109096 7.8146744 4.865018
34393 -1.1492168 7.8529816 5.0182467
34413 -0.9959879 7.8146744 5.056554
34434 -1.1109096 7.8912888 5.171476
34453 -1.0726024 7.967903 5.133168
34473 -1.0726024 8.00621 5.133168
34494 -1.0726024 8.159439 5.0182467
34514 -1.0342951 8.0445175 4.9416323
34533 -1.0342951 8.00621 5.0182467
34554 -1.1109096 7.8529816 5.094861
34574 -1.1492168 7.8529816 5.209783
34593 -1.1875241 7.967903 5.171476
34614 -1.1492168 8.00621 5.056554
34633 -0.9959879 7.967903 4.903325
34654 -1.1492168 8.0445175 5.056554
34673 -1.2258313 7.967903 4.9799395
34694 -1.1875241 8.0445175 4.9416323
34714 -1.1109096 7.967903 5.0182467
34734 -1.0342951 7.967903 4.9416323
34753 -1.2258313 7.967903 5.0182467
34773 -1.1109096 7.929596 5.133168
34793 -0.9959879 7.8912888 5.2863975
34813 -0.842759 7.967903 5.209783
34833 -0.9576807 7.929596 4.9799395
34854 -1.0726024 7.8912888 4.9799395
34873 -1.1492168 7.967903 5.056554
34894 -1.2641385 8.00621 5.0182467
34914 -1.1109096 7.929596 5.171476
34934 -0.9959879 7.929596 5.171476
34954 -0.9959879 8.0445175 5.094861
34973 -1.0342951 8.00621 4.865018
34994 -1.1109096 8.0445175 4.9799395
35013 -1.0726024 8.00621 4.9799395
35034 -1.1109096 7.967903 5.056554
35055 -1.0726024 8.00621 5.171476
35074 -0.9959879 7.967903 5.0182467
35093 -0.9576807 8.0445175 4.9416323
35114 -0.9576807 7.967903 5.133168
35134 -0.9959879 7.967903 5.171476
35155 -1.1875241 8.00621 5.209783
35174 -1.1492168 7.929596 5.2480903
35193 -1.1109096 7.929596 5.056554
35213 -0.9576807 7.8529816 4.8267107
35234 -1.0342951 7.929596 4.9799395
35254 -1.0342951 7.929596 4.9799395
35273 -0.8810662 7.8146744 5.133168
35293 -0.91937345 7.776367 5.0182467
35313 -0.842759 7.8146744 5.056554
35334 -0.9959879 7.929596 5.056554
35354 -1.0726024 7.929596 4.9799395
35373 -1.1109096 7.929596 5.0182467
35393 -1.2258313 7.8529816 5.094861
35413 -1.3024458 7.929596 4.9799395
35433 -1.2258313 8.0445175 4.8267107
35454 -1.1109096 8.082825 4.9799395
35473 -1.1492168 8.00621 5.056554
35494 -1.0342951 7.967903 5.094861
35514 -1.1492168 7.8912888 5.209783
35534 -1.0342951 7.8912888 5.133168
35553 -1.1492168 8.121132 4.9416323
35574 -1.0726024 8.00621 4.865018
35594 -0.9576807 8.0445175 4.8267107
35613 -0.7661445 7.967903 4.903325
35633 -1.0342951 7.929596 5.133168
35653 -1.0342951 7.929596 5.2863975
35674 -0.9576807 7.8912888 5.2863975
35693 -1.0726024 7.929596 5.056554
35713 -0.9959879 8.121132 4.8267107
35734 -0.9959879 8.121132 4.865018
35754 -1.0342951 8.121132 4.8267107
35774 -0.9959879 7.967903 5.171476
35794 -1.0726024 7.8146744 5.5162406
35813 -1.1492168 7.8529816 5.2863975
35833 -1.1492168 7.8529816 4.9416323
35853 -1.0726024 7.73806 4.9416323
35873 -1.0342951 7.8912888 4.9799395
35894 -1.2641385 7.929596 5.0182467
35913 -1.3790601 8.121132 4.903325
35933 -1.3024458 8.0445175 4.865018
35953 -1.340753 8.082825 4.865018
35974 -1.1875241 7.967903 4.865018
35993 -1.2641385 8.0445175 4.8267107
36013 -1.2258313 8.00621 4.903325
36033 -1.1875241 7.8912888 5.171476
36054 -0.842759 7.8146744 5.2863975
36074 -0.7661445 7.8146744 5.094861
36093 -0.8810662 7.8146744 5.056554
36114 -0.9959879 8.00621 5.209783
36134 -1.1109096 7.967903 4.9799395
36161 -1.7621324 8.082825 4.9416323
36173 -1.1492168 8.00621 4.865018
36194 -1.1492168 8.121132 4.865018
36213 -1.2258313 7.967903 4.8267107
36233 -1.2258313 8.00621 5.0182467
36254 -1.0726024 7.8912888 5.171476
36274 -0.9959879 7.776367 5.2480903
36295 -0.9959879 7.8912888 5.094861
36313 -1.0342951 7.8912888 4.9799395
36334 -1.1875241 7.8529816 4.9416323
36353 -1.340753 7.929596 4.9799395
36373 -1.3790601 8.0445175 5.133168
36393 -1.2641385 8.0445175 5.133168
36413 -1.2641385 8.082825 5.171476
36433 -0.9576807 7.967903 4.9799395
36453 -0.842759 8.00621 5.0182467
36473 -1.0342951 7.929596 5.209783
36493 -1.1109096 7.929596 5.133168
36513 -1.1109096 7.8529816 4.9416323
36533 -1.0342951 7.929596 4.9799395
36553 -1.0726024 7.8912888 4.9416323
36573 -1.1875241 7.967903 5.133168
36594 -1.1492168 8.00621 5.056554
36614 -1.1492168 7.967903 5.133168
36633 -1.2258313 7.929596 5.094861
36654 -1.1492168 7.8912888 5.0182467
36674 -1.1492168 7.8529816 5.0182467
36694 -1.1875241 7.967903 4.8267107
36714 -1.340753 8.00621 4.9416323
36733 -1.1109096 7.929596 5.133168
36754 -0.9576807 7.8146744 5.171476
36773 -1.0342951 7.8529816 5.171476
36795 -1.2258313 7.8912888 4.9799395
36814 -1.1875241 8.00621 5.0182467
36833 -1.1109096 7.929596 4.865018
36853 -1.1109096 8.121132 4.903325
36873 -1.1109096 7.929596 5.094861
36893 -1.1492168 7.8529816 5.133168
36914 -0.9576807 7.8146744 5.2480903
36934 -0.8810662 7.929596 5.2480903
36953 -0.9959879 8.00621 4.9416323
36973 -1.0342951 7.929596 4.865018
36994 -1.1875241 7.967903 4.9416323
37013 -1.3024458 8.082825 4.903325
37034 -1.3790601 7.8912888 5.171476
37053 -1.2258313 7.8529816 5.209783
37073 -0.9959879 7.776367 5.209783
37093 -1.0726024 7.8146744 5.171476
37113 -0.9576807 7.929596 5.056554
37133 -1.1109096 7.929596 4.9416323
37153 -1.1492168 7.8912888 4.865018
37174 -1.3790601 7.8912888 5.0182467
37193 -1.1875241 7.8912888 4.9799395
37213 -1.1109096 7.929596 4.9416323
37233 -0.9959879 7.967903 5.0182467
37253 -1.0342951 7.929596 5.133168
37273 -1.0726024 7.929596 5.0182467
37293 -1.0726024 7.967903 4.9416323
37313 -1.1875241 7.929596 4.9799395
37334 -1.2258313 8.0445175 5.056554
37354 -1.2641385 7.8529816 5.171476
37373 -1.0726024 7.967903 4.9416323
37393 -0.9959879 7.929596 4.9416323
37413 -1.0726024 7.929596 4.9416323
37436 -1.1492168 8.0445175 5.133168
37454 -1.2641385 7.929596 5.209783
37473 -1.1875241 7.929596 5.0182467
37493 -1.1109096 7.967903 4.9416323
37513 -1.0342951 7.967903 5.0182467
37533 -1.1875241 7.967903 5.056554
37553 -1.2258313 7.967903 5.056554
37573 -1.3024458 7.929596 4.9799395
37593 -1.1875241 8.0445175 5.0182467
37613 -1.0726024 7.929596 4.9799395
37634 -1.0726024 7.8912888 5.094861
37653 -0.9576807 7.8912888 5.094861
37673 -1.0726024 7.8912888 5.094861
37693 -1.0726024 7.8912888 4.9799395
37713 -1.0726024 7.929596 5.056554
37734 -1.0342951 7.929596 5.0182467
37754 -1.0726024 7.929596 5.056554
37773 -1.1492168 7.8529816 5.0182467
37793 -1.3024458 7.8146744 5.0182467
37813 -1.2258313 7.8912888 5.056554
37833 -1.1109096 7.929596 4.903325
37854 -1.0726024 7.967903 5.094861
37874 -0.9959879 8.00621 5.056554
37893 -1.1492168 8.00621 5.171476
37913 -1.1875241 7.929596 5.0182467
37933 -1.2258313 7.8529816 5.094861
37954 -1.2641385 7.929596 5.0182467
37973 -1.1492168 8.0445175 5.0182467
37993 -1.1109096 7.929596 4.9416323
38014 -1.1875241 7.967903 5.133168
38033 -1.1875241 8.00621 5.209783
38053 -1.2641385 7.929596 5.133168
38073 -1.1875241 7.8912888 5.0182467
38094 -1.0726024 7.8912888 5.0182467
38113 -1.0726024 7.8529816 5.094861
38133 -1.1875241 7.8529816 5.094861
38153 -1.1109096 7.8912888 5.0182467
38173 -1.1492168 7.8529816 5.056554
38193 -1.2258313 8.082825 5.056554
38213 -1.1875241 7.8146744 5.056554
38233 -1.2258313 7.929596 4.9799395
38253 -1.1492168 7.929596 4.9799395
38273 -1.2258313 7.8912888 5.094861
38294 -1.1875241 7.967903 5.171476
38313 -1.1492168 8.0445175 4.9799395
38333 -1.0726024 8.00621 4.9799395
38353 -1.0342951 8.00621 4.903325
38374 -1.1492168 8.0445175 5.094861
38393 -1.1492168 7.929596 5.094861
38414 -1.2258313 7.929596 5.0182467
38433 -1.0726024 7.8529816 4.865018
38453 -1.1109096 7.929596 4.9416323
38474 -1.1875241 7.929596 5.171476
38493 -1.1492168 7.967903 5.094861
38514 -1.0342951 7.929596 5.209783
38534 -0.91937345 7.776367 5.094861
38554 -0.9959879 7.8146744 4.903325
38574 -1.1492168 8.082825 5.056554
38593 -1.1875241 7.967903 5.094861
38614 -1.1875241 8.00621 5.056554
38634 -1.2258313 8.00621 5.133168
38654 -1.1492168 7.8912888 5.056554
38674 -1.1109096 7.967903 5.094861
38693 -1.1109096 7.8529816 5.056554
38714 -1.1875241 8.0445175 5.056554
38734 -1.2641385 7.776367 5.0182467
38754 -1.1875241 7.8912888 4.9799395
38774 -1.0342951 7.8912888 5.056554
38793 -0.9576807 7.967903 4.9799395
38813 -1.1875241 8.082825 5.209783
38833 -1.0726024 7.967903 5.209783
38853 -0.9959879 7.967903 5.133168
38873 -1.1875241 8.0445175 5.0182467
38894 -1.2258313 8.0445175 5.0182467
38913 -1.2641385 7.967903 4.9799395
38934 -1.340753 8.00621 5.133168
38954 -1.3024458 8.0445175 4.9416323
38974 -1.3024458 8.00621 4.903325
38995 -1.2641385 7.967903 5.056554
39013 -1.1109096 7.8912888 5.133168
39033 -1.0726024 7.929596 5.0182467
39054 -1.0726024 8.00621 5.0182467
39074 -0.9959879 7.929596 5.056554
39094 -1.0342951 7.8146744 5.2480903
39113 -0.9959879 7.8529816 5.171476
39134 -1.0342951 7.967903 5.2480903
39154 -0.80445176 7.776367 5.133168
39174 -0.91937345 7.8529816 5.056554
39194 -1.1492168 7.8146744 5.209783
39214 -1.0726024 8.00621 5.056554
39234 -1.0726024 7.8912888 4.9799395
39254 -0.91937345 7.8912888 5.056554
39273 -0.9959879 7.8912888 4.903325
39293 -0.9576807 7.73806 4.9799395
39313 -1.0726024 7.73806 5.209783
39333 -1.0342951 7.776367 5.2863975
39353 -1.0342951 7.6614456 5.2480903
39374 -1.0726024 7.5848308 5.439626
39394 -0.9959879 7.5465236 5.592855
39414 -0.9959879 7.5848308 5.439626
39435 -0.6512229 7.431602 5.0182467
39453 -0.2681506 7.3166804 4.865018
39473 -0.11492168 7.201759 4.4436383
39494 -0.38307226 7.431602 4.711789
39515 -0.9576807 7.393295 5.2480903
39534 -1.3024458 7.240066 5.7843914
39553 -0.91937345 6.8186865 5.2480903
39576 -1.6089035 6.895301 5.93762
39593 -2.1452048 6.895301 6.5122285
39614 -2.6048915 6.5505357 7.1251445
39633 -3.1028855 6.3206925 7.6231384
39653 -2.9879637 6.167464 7.8146744
39673 -2.834735 5.7843914 8.121132
39693 -2.336741 5.363012 8.580819
39713 -2.030283 5.209783 8.389283
39734 -1.8004397 5.2480903 8.236053
39754 -1.532289 5.133168 8.236053
39774 -1.1492168 5.133168 8.580819
39794 -1.1109096 5.094861 8.6574335
39813 -0.9576807 5.133168 8.504205
39833 -1.3790601 5.133168 8.082825
39854 -0.91937345 5.209783 8.0445175
39874 -1.0342951 5.209783 8.159439
39894 -1.1492168 5.2480903 8.082825
39914 -1.0342951 5.2480903 7.8146744
39934 -1.1875241 5.2480903 7.8146744
39954 -1.2641385 5.2863975 8.0445175
39973 -1.340753 5.209783 8.0445175
39994 -1.1875241 5.094861 8.0445175
40013 -1.1875241 5.2480903 7.967903
40035 -1.1109096 5.2863975 7.776367
40053 -1.1109096 5.2480903 7.8912888
40074 -1.1492168 5.209783 8.00621
40094 -1.2258313 5.133168 8.082825
40113 -1.4556746 5.2480903 8.082825
40147 -1.7238252 5.707777 6.9719152
40157 -1.1875241 5.171476 7.5848308
40173 -0.6895301 5.056554 8.236053
40203 -0.6895301 5.0182467 8.389283
40430 -0.80445176 4.9416323 8.580819
40430 -0.7278373 5.171476 8.312668
40430 -0.7278373 5.209783 8.274361
40430 -0.5363012 5.2480903 7.967903
40430 -0.5363012 5.171476 7.699753
40430 -0.61291564 5.2863975 7.5848308
40430 -0.91937345 5.401319 7.776367
40430 -1.0726024 5.2480903 7.8529816
40430 -1.1492168 5.209783 7.8912888
40430 -1.1109096 5.133168 7.929596
40430 -0.91937345 5.2863975 7.8529816
40604 -0.91937345 5.209783 7.967903
40604 -1.1875241 5.3247046 8.274361
40604 -0.842759 5.2863975 8.159439
40604 -0.7661445 5.2480903 7.8912888
40604 -0.6512229 5.2480903 7.929596
40605 -0.7661445 5.2480903 7.967903
40605 -0.8810662 5.209783 8.082825
40605 -0.7278373 5.133168 8.159439
40605 -0.7278373 5.056554 7.967903
40665 -0.61291564 4.9799395 8.00621
40666 -0.5746084 5.094861 8.082825
40666 -0.61291564 5.0182467 7.967903
40685 -0.61291564 5.209783 8.00621
40720 -0.61291564 5.2480903 8.159439
40720 -0.6512229 5.209783 7.929596
40741 -0.49799395 4.9416323 8.389283
